2.330630000000000000e+05 8.270400000000000000e+04 0.000000000000000000e+00 6.645584122708929935e+05 2.321935271744804049e+05 4.091472231846976157e-03
2.330630000000000000e+05 8.248400000000000000e+04 0.000000000000000000e+00 6.599217453360967338e+05 2.306353329967302852e+05 4.091472231846976157e-03
2.330630000000000000e+05 8.254100000000000000e+04 0.000000000000000000e+00 6.616021348223926034e+05 2.311575516427318798e+05 4.091472231846976157e-03
2.330630000000000000e+05 8.266100000000000000e+04 0.000000000000000000e+00 6.618484848537138896e+05 2.311723251247340231e+05 4.091472231846976157e-03
2.330630000000000000e+05 8.283100000000000000e+04 0.000000000000000000e+00 6.631749435492005432e+05 2.316827965567326755e+05 4.091472231846976157e-03
2.330630000000000000e+05 8.269200000000000000e+04 0.000000000000000000e+00 6.620031058236478129e+05 2.312395316354813986e+05 4.091472231846976157e-03
2.330630000000000000e+05 8.299700000000000000e+04 0.000000000000000000e+00 6.651435026194418315e+05 2.325397102514785074e+05 4.091472231846976157e-03
2.330630000000000000e+05 8.315000000000000000e+04 0.000000000000000000e+00 6.653181145487762988e+05 2.324702204347298830e+05 4.091472231846976157e-03
2.330630000000000000e+05 8.285600000000000000e+04 0.000000000000000000e+00 6.640807081062055659e+05 2.321057964389807021e+05 4.091472231846976157e-03
2.330630000000000000e+05 8.272500000000000000e+04 0.000000000000000000e+00 6.640805821755288634e+05 2.320210260817335511e+05 4.091472231846976157e-03
