2.330630000000000000e+05 8.189300000000000000e+04 0.000000000000000000e+00 6.641047860047131544e+05 2.301717386812288314e+05
2.330630000000000000e+05 8.170100000000000000e+04 0.000000000000000000e+00 6.594420275622484041e+05 2.285935847909768054e+05
2.330630000000000000e+05 8.178100000000000000e+04 0.000000000000000000e+00 6.615156771573666483e+05 2.292757078582273680e+05
2.330630000000000000e+05 8.191300000000000000e+04 0.000000000000000000e+00 6.617173255063422257e+05 2.293068244184796640e+05
2.330630000000000000e+05 8.199900000000000000e+04 0.000000000000000000e+00 6.624799736618320458e+05 2.295636887999802420e+05
2.330630000000000000e+05 8.191100000000000000e+04 0.000000000000000000e+00 6.618227095111191738e+05 2.293120713037262030e+05
2.330630000000000000e+05 8.216900000000000000e+04 0.000000000000000000e+00 6.648754191935912240e+05 2.305147783432311553e+05
2.330630000000000000e+05 8.233900000000000000e+04 0.000000000000000000e+00 6.650808171229449799e+05 2.304882828262292023e+05
2.330630000000000000e+05 8.205700000000000000e+04 0.000000000000000000e+00 6.636511300368469674e+05 2.301083343232274638e+05
2.330630000000000000e+05 8.199000000000000000e+04 0.000000000000000000e+00 6.641713890320154605e+05 2.302398772597284988e+05
