2.330630000000000000e+05 8.146900000000000000e+04 0.000000000000000000e+00 6.538391417553905630e+05 2.287817355712330027e+05 3.102892385361749258e-02
2.330630000000000000e+05 8.129200000000000000e+04 0.000000000000000000e+00 6.497420393513109302e+05 2.274003810269802343e+05 3.102892385361749258e-02
2.330630000000000000e+05 8.134400000000000000e+04 0.000000000000000000e+00 6.512178039233213058e+05 2.278555376032307686e+05 3.102892385361749258e-02
2.330630000000000000e+05 8.141300000000000000e+04 0.000000000000000000e+00 6.509454018956344808e+05 2.277046613519824750e+05 3.102892385361749258e-02
2.330630000000000000e+05 8.153300000000000000e+04 0.000000000000000000e+00 6.520343479915619828e+05 2.281150305344847438e+05 3.102892385361749258e-02
2.330630000000000000e+05 8.144500000000000000e+04 0.000000000000000000e+00 6.510650468880776316e+05 2.277398117444791424e+05 3.102892385361749258e-02
2.330630000000000000e+05 8.176200000000000000e+04 0.000000000000000000e+00 6.542783875470849453e+05 2.290575795344827930e+05 3.102892385361749258e-02
2.330630000000000000e+05 8.185100000000000000e+04 0.000000000000000000e+00 6.541501398639148101e+05 2.288875711522332858e+05 3.102892385361749258e-02
2.330630000000000000e+05 8.169800000000000000e+04 0.000000000000000000e+00 6.537752180588379269e+05 2.288351656619812420e+05 3.102892385361749258e-02
2.330630000000000000e+05 8.143700000000000000e+04 0.000000000000000000e+00 6.529201925305093173e+05 2.284481079239817918e+05 3.102892385361749258e-02
