2.330630000000000000e+05 8.260400000000000000e+04 0.000000000000000000e+00 6.642900042309305863e+05 2.318953812989820435e+05 1.083345577580176362e-02
2.330630000000000000e+05 8.238400000000000000e+04 0.000000000000000000e+00 6.596206900742377620e+05 2.303262855937311251e+05 1.083345577580176362e-02
2.330630000000000000e+05 8.245100000000000000e+04 0.000000000000000000e+00 6.614206089033175958e+05 2.308972840297322546e+05 1.083345577580176362e-02
2.330630000000000000e+05 8.255900000000000000e+04 0.000000000000000000e+00 6.615190621281426866e+05 2.308647755144841503e+05 1.083345577580176362e-02
2.330630000000000000e+05 8.273600000000000000e+04 0.000000000000000000e+00 6.629591239366560476e+05 2.314100163389845693e+05 1.083345577580176362e-02
2.330630000000000000e+05 8.259000000000000000e+04 0.000000000000000000e+00 6.616539661757545546e+05 2.309220992414818902e+05 1.083345577580176362e-02
2.330630000000000000e+05 8.291200000000000000e+04 0.000000000000000000e+00 6.650249457057445543e+05 2.322989907187285717e+05 1.083345577580176362e-02
2.330630000000000000e+05 8.303200000000000000e+04 0.000000000000000000e+00 6.649138411981128156e+05 2.321254003117319080e+05 1.083345577580176362e-02
2.330630000000000000e+05 8.275500000000000000e+04 0.000000000000000000e+00 6.638199198873834684e+05 2.318182380037310068e+05 1.083345577580176362e-02
2.330630000000000000e+05 8.263200000000000000e+04 0.000000000000000000e+00 6.638762248502303846e+05 2.317529603842335055e+05 1.083345577580176362e-02
