2.330630000000000000e+05 8.265500000000000000e+04 0.000000000000000000e+00 6.651785708949880209e+05 2.320181572904822242e+05 0.000000000000000000e+00
2.330630000000000000e+05 8.243900000000000000e+04 0.000000000000000000e+00 6.605524283916292479e+05 2.304603812557312776e+05 0.000000000000000000e+00
2.330630000000000000e+05 8.252900000000000000e+04 0.000000000000000000e+00 6.625392989117613761e+05 2.311038681959821843e+05 0.000000000000000000e+00
2.330630000000000000e+05 8.263600000000000000e+04 0.000000000000000000e+00 6.626497511361121433e+05 2.310774897352340049e+05 0.000000000000000000e+00
2.330630000000000000e+05 8.279500000000000000e+04 0.000000000000000000e+00 6.638786645151386037e+05 2.315375660047345154e+05 0.000000000000000000e+00
2.330630000000000000e+05 8.265500000000000000e+04 0.000000000000000000e+00 6.626414723221884342e+05 2.310840393127317366e+05 0.000000000000000000e+00
2.330630000000000000e+05 8.294900000000000000e+04 0.000000000000000000e+00 6.658403227196761873e+05 2.323863025897284388e+05 0.000000000000000000e+00
2.330630000000000000e+05 8.309000000000000000e+04 0.000000000000000000e+00 6.659015121788652614e+05 2.322867299602316634e+05 0.000000000000000000e+00
2.330630000000000000e+05 8.280900000000000000e+04 0.000000000000000000e+00 6.647221181254168041e+05 2.319457349527311453e+05 0.000000000000000000e+00
2.330630000000000000e+05 8.268500000000000000e+04 0.000000000000000000e+00 6.647849071587588405e+05 2.318860894447334867e+05 0.000000000000000000e+00
