2.330630000000000000e+05 8.242100000000000000e+04 0.000000000000000000e+00 6.613583635240885196e+05 2.314483023539815913e+05 1.094964317292161128e-02
2.330630000000000000e+05 8.220900000000000000e+04 0.000000000000000000e+00 6.568485569970927900e+05 2.299276475467308774e+05 1.094964317292161128e-02
2.330630000000000000e+05 8.226900000000000000e+04 0.000000000000000000e+00 6.583190826129032066e+05 2.303832623204818519e+05 1.094964317292161128e-02
2.330630000000000000e+05 8.235300000000000000e+04 0.000000000000000000e+00 6.583127968916811515e+05 2.303141756729844783e+05 1.094964317292161128e-02
2.330630000000000000e+05 8.253000000000000000e+04 0.000000000000000000e+00 6.596660161024293629e+05 2.308382509477341082e+05 1.094964317292161128e-02
2.330630000000000000e+05 8.241400000000000000e+04 0.000000000000000000e+00 6.587299928244826151e+05 2.304614790599818807e+05 1.094964317292161128e-02
2.330630000000000000e+05 8.272700000000000000e+04 0.000000000000000000e+00 6.618925337830362841e+05 2.317733014042288123e+05 1.094964317292161128e-02
2.330630000000000000e+05 8.283700000000000000e+04 0.000000000000000000e+00 6.618298720455111470e+05 2.316117927674819657e+05 1.094964317292161128e-02
2.330630000000000000e+05 8.261900000000000000e+04 0.000000000000000000e+00 6.611542170533923199e+05 2.314645992907308973e+05 1.094964317292161128e-02
2.330630000000000000e+05 8.241200000000000000e+04 0.000000000000000000e+00 6.606027040934237884e+05 2.311747012964840396e+05 1.094964317292161128e-02
