2.330630000000000000e+05 7.465200000000000000e+04 0.000000000000000000e+00 5.997493735658182995e+05 2.094904576462256955e+05 1.757946353589206201e-01
2.330630000000000000e+05 7.459500000000000000e+04 0.000000000000000000e+00 5.968758746782689122e+05 2.084851809224772733e+05 1.757946353589206201e-01
2.330630000000000000e+05 7.464300000000000000e+04 0.000000000000000000e+00 5.977842722579523688e+05 2.087823182482234552e+05 1.757946353589206201e-01
2.330630000000000000e+05 7.466700000000000000e+04 0.000000000000000000e+00 5.979091344635513378e+05 2.087786733712276618e+05 1.757946353589206201e-01
2.330630000000000000e+05 7.466700000000000000e+04 0.000000000000000000e+00 5.979155349776694784e+05 2.087853585464772768e+05 1.757946353589206201e-01
2.330630000000000000e+05 7.473600000000000000e+04 0.000000000000000000e+00 5.987994851865359815e+05 2.091066042352249788e+05 1.757946353589206201e-01
2.330630000000000000e+05 7.501900000000000000e+04 0.000000000000000000e+00 6.018813951806360856e+05 2.103045543974729953e+05 1.757946353589206201e-01
2.330630000000000000e+05 7.496300000000000000e+04 0.000000000000000000e+00 6.004776578115402954e+05 2.097269661689752538e+05 1.757946353589206201e-01
2.330630000000000000e+05 7.499900000000000000e+04 0.000000000000000000e+00 6.016282055760361254e+05 2.102247782752233616e+05 1.757946353589206201e-01
2.330630000000000000e+05 7.466900000000000000e+04 0.000000000000000000e+00 5.996434208596383687e+05 2.094859379204766883e+05 1.757946353589206201e-01
