2.330630000000000000e+05 8.278700000000000000e+04 0.000000000000000000e+00 6.652636201866185293e+05 2.324497466579792963e+05 0.000000000000000000e+00
2.330630000000000000e+05 8.258000000000000000e+04 0.000000000000000000e+00 6.606590123719022376e+05 2.308934245522301062e+05 0.000000000000000000e+00
2.330630000000000000e+05 8.265000000000000000e+04 0.000000000000000000e+00 6.624662760800323449e+05 2.314630638539812935e+05 0.000000000000000000e+00
2.330630000000000000e+05 8.275300000000000000e+04 0.000000000000000000e+00 6.625829282866665162e+05 2.314331893087339122e+05 0.000000000000000000e+00
2.330630000000000000e+05 8.293000000000000000e+04 0.000000000000000000e+00 6.639239653082584264e+05 2.319454886302317609e+05 0.000000000000000000e+00
2.330630000000000000e+05 8.278500000000000000e+04 0.000000000000000000e+00 6.627372222906074021e+05 2.315030400022316317e+05 0.000000000000000000e+00
2.330630000000000000e+05 8.308900000000000000e+04 0.000000000000000000e+00 6.658567819631017046e+05 2.327916790394784475e+05 0.000000000000000000e+00
2.330630000000000000e+05 8.323400000000000000e+04 0.000000000000000000e+00 6.659108395664341515e+05 2.326838645647292142e+05 0.000000000000000000e+00
2.330630000000000000e+05 8.294500000000000000e+04 0.000000000000000000e+00 6.647595171589930542e+05 2.323504486687302706e+05 0.000000000000000000e+00
2.330630000000000000e+05 8.280700000000000000e+04 0.000000000000000000e+00 6.647096070286034374e+05 2.322472697909832059e+05 0.000000000000000000e+00
