9.621974325716275978e-01
9.899999999999999911e-01
9.899999999999999911e-01
9.899999999999992140e-01
7.915961701164438979e-01
9.899999999999999911e-01
9.899999999999999911e-01
9.899999999999999911e-01
9.357541113571723468e-01
9.899999999999999911e-01
9.899999999999999911e-01
9.899999999999999911e-01
8.534258544230963750e-01
9.899999999999999911e-01
9.899999999999999911e-01
9.899999999999999911e-01
9.485803994727289856e-01
9.899999999999999911e-01
9.899999999999999911e-01
9.899999999999999911e-01
8.717237450721304626e-01
9.899999999999999911e-01
9.899999999999999911e-01
9.899999999999999911e-01
9.664585202083380011e-01
9.899999999999999911e-01
9.899999999999999911e-01
9.899999999999999911e-01
9.399038658787133294e-01
9.899999999999999911e-01
9.899999999999999911e-01
9.899999999999999911e-01
9.490752216465879743e-01
9.899999999999999911e-01
9.899999999999999911e-01
9.899999999999999911e-01
9.696623246040436683e-01
9.899999999999999911e-01
9.899999999999999911e-01
9.899999999999999911e-01
9.508568091711410153e-01
9.899999999999999911e-01
9.899999999999999911e-01
9.899999999999999911e-01
9.654596947583408140e-01
9.899999999999999911e-01
9.899999999999999911e-01
9.899999999999999911e-01
9.598901263734261891e-01
9.899999999999999911e-01
9.899999999999999911e-01
9.899999999999999911e-01
9.477061810151207188e-01
9.899999999999999911e-01
9.899999999999999911e-01
9.899999999999999911e-01
7.716681917989790529e-01
9.899999999999999911e-01
9.899999999999999911e-01
9.899999999999999911e-01
8.835185376116959644e-01
9.899999999999999911e-01
9.899999999999999911e-01
9.899999999999999911e-01
7.898412992736941751e-01
9.899999999999999911e-01
9.899999999999999911e-01
9.899999999999999911e-01
8.336626123494779161e-01
9.899999999999999911e-01
9.899999999999999911e-01
9.899999999999999911e-01
9.457525151807900654e-01
9.899999999999999911e-01
9.899999999999999911e-01
9.899999999999999911e-01
9.648374618413296799e-01
9.899999999999999911e-01
9.899999999999998801e-01
9.899999999999999911e-01
9.380026501191769395e-01
9.899999999999999911e-01
9.899999999999999911e-01
9.899999999999999911e-01
8.890017810284397415e-01
9.899999999999999911e-01
9.899999999999999911e-01
9.899999999999999911e-01
9.440022979395589209e-01
9.899999999999999911e-01
9.899999999999999911e-01
9.899999999999999911e-01
8.901478799563007360e-01
9.899999999999999911e-01
9.899999999999999911e-01
9.899999999999999911e-01
8.581810351041549989e-01
9.899999999999999911e-01
9.899999999999999911e-01
9.899999999999999911e-01
8.787818168269555530e-01
9.899999999999999911e-01
9.899999999999999911e-01
9.899999999999999911e-01
8.998303523864027431e-01
9.899999999999999911e-01
9.899999999999999911e-01
9.899999999999999911e-01
8.994890199402298947e-01
9.899999999999999911e-01
8.762278356316066663e-01
9.899999999999999911e-01
9.899999999999999911e-01
9.899999999999999911e-01
9.642012415954411830e-01
9.899999999999999911e-01
7.776074995527442191e-01
9.899999999999999911e-01
9.899999999999999911e-01
9.899999999999999911e-01
8.160411051677620708e-01
9.899999999999999911e-01
9.899999999999999911e-01
9.899999999999999911e-01
8.124989917419410679e-01
9.899999999999999911e-01
9.899999999999999911e-01
9.899999999999999911e-01
8.401512180709745925e-01
9.899999999999999911e-01
9.899999999999999911e-01
9.899999999999999911e-01
9.020167995614714052e-01
9.899999999999999911e-01
9.899999999999999911e-01
9.899999999999999911e-01
9.062093393079053705e-01
9.899999999999999911e-01
9.899999999999999911e-01
9.899999999999999911e-01
9.366873516739661065e-01
9.899999999999999911e-01
9.899999999999999911e-01
8.833433258090177542e-01
9.899999999999999911e-01
9.899999999999999911e-01
9.899999999999999911e-01
9.099512458935442583e-01
9.899999999999999911e-01
9.899999999999999911e-01
9.723750683346686907e-01
9.899999999999999911e-01
9.899999999999999911e-01
9.899999999999999911e-01
9.063947160898908617e-01
9.899999999999999911e-01
9.899999999999999911e-01
9.899999999999999911e-01
9.899999999999999911e-01
9.899999999999999911e-01
9.429200527573048385e-01
9.899999999999999911e-01
9.899999999999999911e-01
9.899999999999999911e-01
9.504078089791133666e-01
9.899999999999999911e-01
9.899999999999999911e-01
9.899999999999999911e-01
9.899999999999999911e-01
9.757581477871920539e-01
9.899999999999999911e-01
9.899999999999999911e-01
9.899999999999999911e-01
9.899999999999999911e-01
9.237376336305760383e-01
9.899999999999999911e-01
9.899999999999999911e-01
9.899999999999999911e-01
9.412226710774458383e-01
9.899999999999999911e-01
9.899999999999999911e-01
9.899999999999999911e-01
9.506107396163266943e-01
9.899999999999999911e-01
9.899999999999999911e-01
9.899999999999999911e-01
9.899999999999999911e-01
9.899999999999999911e-01
9.663508769015444200e-01
9.899999999999999911e-01
9.899999999999999911e-01
9.899999999999999911e-01
9.013826784071032883e-01
9.899999999999999911e-01
9.899999999999999911e-01
9.899999999999999911e-01
9.042231672225928829e-01
9.899999999999999911e-01
9.899999999999999911e-01
9.899999999999999911e-01
7.726263087476533675e-01
9.899999999999999911e-01
9.899999999999999911e-01
9.899999999999999911e-01
9.899999999999999911e-01
9.899999999999999911e-01
9.899999999999999911e-01
9.779448095907656846e-01
9.899999999999999911e-01
9.899999999999999911e-01
9.899999999999999911e-01
9.189614159144690042e-01
9.899999999999999911e-01
9.899999999999999911e-01
9.899999999999999911e-01
8.573221455763436749e-01
9.899999999999999911e-01
9.899999999999999911e-01
9.621251785669575618e-01
9.899999999999999911e-01
9.899999999999999911e-01
8.658081990214631096e-01
9.899999999999999911e-01
9.899999999999999911e-01
9.553596794181572482e-01
9.899999999999999911e-01
9.899999999999999911e-01
9.899999999999999911e-01
8.172282330198226141e-01
9.899999999999999911e-01
9.899999999999999911e-01
9.899999999999999911e-01
9.596794404597429606e-01
9.899999999999999911e-01
9.899999999999999911e-01
9.899999999999999911e-01
7.750057440915596452e-01
9.899999999999999911e-01
9.899999999999999911e-01
9.899999999999999911e-01
8.265109571893566320e-01
9.899999999999999911e-01
9.899999999999999911e-01
9.899999999999999911e-01
8.962760515571673858e-01
9.899999999999999911e-01
9.899999999999999911e-01
9.899999999999999911e-01
9.032889948022131410e-01
8.695264419791093324e-01
9.899999999999999911e-01
9.899999999999999911e-01
9.899999999999999911e-01
8.631838071665427492e-01
9.899999999999999911e-01
9.899999999999999911e-01
9.899999999999999911e-01
8.321949673078523624e-01
9.899999999999999911e-01
9.899999999999999911e-01
9.899999999999999911e-01
8.894021755269485574e-01
9.899999999999999911e-01
9.899999999999999911e-01
9.899999999999999911e-01
9.533635889968562482e-01
9.899999999999999911e-01
9.899999999999999911e-01
9.899999999999999911e-01
8.905918160283666785e-01
9.899999999999999911e-01
9.899999999999999911e-01
9.899999999999999911e-01
9.706171794473866798e-01
9.899999999999999911e-01
9.899999999999999911e-01
9.899999999999999911e-01
9.362021755086180619e-01
9.899999999999999911e-01
9.899999999999999911e-01
9.899999999999999911e-01
9.732928536951550580e-01
9.899999999999999911e-01
9.899999999999999911e-01
9.899999999999999911e-01
7.592268345402951590e-01
9.899999999999999911e-01
9.899999999999999911e-01
9.899999999999999911e-01
9.392321243476796644e-01
9.899999999999999911e-01
9.899999999999999911e-01
9.899999999999999911e-01
9.684068522225356412e-01
9.899999999999999911e-01
9.899999999999999911e-01
9.899999999999999911e-01
7.933532074288858205e-01
9.899999999999999911e-01
9.899999999999999911e-01
9.899999999999999911e-01
8.876079612628308135e-01
9.899999999999999911e-01
9.899999999999999911e-01
9.899999999999999911e-01
8.365215895900318666e-01
9.899999999999999911e-01
9.899999999999999911e-01
9.899999999999999911e-01
9.564926009704793897e-01
9.899999999999999911e-01
9.899999999999999911e-01
9.899999999999999911e-01
8.722339648038925919e-01
9.899999999999999911e-01
9.899999999999999911e-01
9.899999999999999911e-01
8.167931348576472628e-01
9.899999999999999911e-01
9.899999999999999911e-01
9.899999999999999911e-01
9.037348336741640731e-01
9.899999999999999911e-01
9.899999999999999911e-01
9.899999999999999911e-01
8.869212315398751212e-01
9.899999999999999911e-01
9.899999999999999911e-01
9.899999999999999911e-01
9.093541800911019157e-01
9.899999999999999911e-01
9.899999999999999911e-01
9.899999999999999911e-01
9.199484732402379850e-01
9.899999999999999911e-01
9.899999999999999911e-01
9.899999999999999911e-01
9.899999999999999911e-01
9.899999999999999911e-01
9.899999999999999911e-01
9.899999999999999911e-01
9.293938654972204727e-01
9.899999999999999911e-01
9.899999999999999911e-01
9.899999999999999911e-01
9.162698374983743177e-01
9.899999999999999911e-01
9.899999999999999911e-01
9.899999999999999911e-01
9.805826513597449834e-01
9.899999999999999911e-01
9.899999999999999911e-01
9.899999999999999911e-01
8.777445401233637812e-01
9.899999999999999911e-01
9.899999999999999911e-01
9.899999999999999911e-01
9.899999999999999911e-01
7.785246383139796666e-01
9.899999999999999911e-01
9.899999999999999911e-01
9.899999999999999911e-01
8.572043792852053201e-01
9.899999999999999911e-01
9.899999999999999911e-01
9.899999999999999911e-01
9.492504559236747408e-01
9.899999999999999911e-01
9.899999999999999911e-01
9.899999999999999911e-01
9.646551023806436698e-01
9.899999999999999911e-01
9.899999999999999911e-01
8.293477890010190201e-01
9.899999999999999911e-01
9.899999999999999911e-01
9.899999999999999911e-01
9.483900422757679527e-01
9.899999999999999911e-01
9.899999999999999911e-01
9.899999999999999911e-01
7.971122096645449906e-01
9.899999999999999911e-01
9.899999999999999911e-01
9.899999999999999911e-01
9.383199469452628838e-01
9.899999999999999911e-01
9.899999999999999911e-01
8.814223804596843515e-01
9.899999999999999911e-01
9.899999999999999911e-01
9.899999999999999911e-01
8.617313416577512264e-01
9.899999999999999911e-01
9.899999999999999911e-01
9.899999999999999911e-01
8.520122597725374725e-01
9.899999999999999911e-01
9.695164794608680525e-01
9.899999999999999911e-01
9.899999999999999911e-01
9.899999999999999911e-01
8.089872945490209633e-01
9.899999999999999911e-01
9.899999999999999911e-01
9.899999999999999911e-01
9.278615747182583640e-01
9.748559732159866043e-01
9.899999999999999911e-01
9.899999999999999911e-01
9.708497548003620636e-01
9.899999999999999911e-01
9.899999999999999911e-01
9.899999999999999911e-01
8.648050059398427747e-01
9.899999999999999911e-01
9.899999999999999911e-01
9.899999999999999911e-01
9.162939458146586169e-01
9.899999999999999911e-01
9.899999999999999911e-01
9.899999999999999911e-01
8.255901591526655370e-01
9.899999999999999911e-01
9.899999999999999911e-01
9.899999999999999911e-01
9.438121140766655426e-01
9.899999999999999911e-01
9.899999999999999911e-01
9.899999999999999911e-01
9.200723721530787991e-01
9.899999999999999911e-01
9.899999999999999911e-01
9.899999999999999911e-01
8.370938637381825087e-01
9.899999999999999911e-01
9.899999999999999911e-01
9.899999999999999911e-01
8.245208354478427148e-01
9.899999999999999911e-01
9.899999999999999911e-01
9.899999999999999911e-01
9.899999999999999911e-01
9.899999999999999911e-01
9.566157478875009224e-01
9.899999999999999911e-01
9.899999999999999911e-01
9.899999999999999911e-01
9.310012179044495628e-01
9.899999999999999911e-01
9.899999999999999911e-01
9.466973512690654013e-01
9.899999999999999911e-01
9.899999999999999911e-01
9.899999999999999911e-01
9.248715957707192015e-01
9.899999999999999911e-01
8.477192782733460330e-01
9.899999999999999911e-01
9.899999999999999911e-01
9.899999999999999911e-01
9.832666757318623274e-01
9.899999999999999911e-01
9.899999999999999911e-01
9.899999999999999911e-01
9.329130443755064839e-01
9.899999999999999911e-01
9.899999999999999911e-01
9.899999999999999911e-01
8.542787742365821613e-01
9.899999999999999911e-01
9.899999999999999911e-01
9.899999999999999911e-01
8.109171920345247253e-01
9.899999999999999911e-01
9.899999999999999911e-01
9.899999999999999911e-01
9.481324359223758380e-01
9.899999999999999911e-01
9.899999999999999911e-01
9.899999999999999911e-01
8.558438873759456333e-01
9.899999999999999911e-01
9.899999999999999911e-01
9.899999999999999911e-01
9.557226478028360006e-01
9.899999999999999911e-01
9.899999999999999911e-01
9.899999999999999911e-01
8.821131443255081361e-01
9.899999999999999911e-01
9.899999999999999911e-01
9.899999999999999911e-01
8.523303703950221299e-01
9.899999999999999911e-01
9.899999999999999911e-01
9.899999999999999911e-01
9.548331046707466685e-01
9.899999999999999911e-01
9.899999999999999911e-01
9.899999999999999911e-01
8.050575826754087227e-01
9.899999999999999911e-01
9.899999999999999911e-01
9.899999999999999911e-01
9.769120694409373362e-01
9.899999999999999911e-01
9.899999999999999911e-01
9.899999999999999911e-01
8.903977743385970145e-01
9.899999999999999911e-01
9.899999999999999911e-01
9.899999999999999911e-01
9.411892682668401289e-01
9.899999999999999911e-01
9.899999999999999911e-01
9.899999999999999911e-01
7.785957213831327106e-01
9.899999999999999911e-01
9.899999999999999911e-01
9.899999999999999911e-01
9.726538934598180086e-01
9.899999999999999911e-01
9.899999999999999911e-01
9.899999999999999911e-01
8.739222217979470964e-01
9.899999999999999911e-01
9.899999999999999911e-01
9.899999999999999911e-01
8.910780351484686168e-01
9.899999999999999911e-01
9.899999999999999911e-01
9.899999999999999911e-01
8.650161101236469863e-01
9.899999999999999911e-01
9.899999999999999911e-01
9.899999999999999911e-01
7.713864968024960467e-01
9.899999999999999911e-01
9.899999999999999911e-01
9.899999999999999911e-01
8.732191865824320276e-01
9.899999999999999911e-01
9.899999999999999911e-01
9.899999999999999911e-01
8.008346203282056264e-01
9.899999999999999911e-01
9.899999999999999911e-01
9.899999999999999911e-01
8.444165949414862427e-01
9.899999999999999911e-01
9.899999999999999911e-01
9.899999999999999911e-01
9.283335274680544202e-01
9.899999999999999911e-01
9.899999999999999911e-01
8.105928306432287345e-01
9.899999999999999911e-01
9.899999999999999911e-01
9.899999999999999911e-01
8.189040675844450057e-01
8.765858743410704923e-01
9.899999999999999911e-01
9.899999999999999911e-01
9.899999999999999911e-01
9.173481492872981313e-01
9.899999999999999911e-01
9.899999999999999911e-01
9.899999999999999911e-01
8.547384464334857324e-01
9.899999999999999911e-01
9.899999999999999911e-01
9.899999999999999911e-01
7.878577132271806782e-01
9.899999999999999911e-01
9.899999999999999911e-01
9.899999999999999911e-01
7.710628137603814380e-01
9.899999999999999911e-01
9.899999999999999911e-01
9.899999999999999911e-01
8.930613637377468050e-01
9.899999999999999911e-01
9.899999999999999911e-01
9.899999999999999911e-01
8.011772984722473900e-01
9.899999999999999911e-01
9.899999999999999911e-01
9.899999999999999911e-01
8.514375018024378239e-01
9.899999999999999911e-01
9.899999999999999911e-01
9.899999999999999911e-01
8.446901102328298050e-01
9.899999999999999911e-01
9.899999999999999911e-01
9.899999999999999911e-01
8.969976786777159594e-01
9.899999999999999911e-01
9.899999999999999911e-01
9.899999999999999911e-01
9.009300686626029453e-01
9.899999999999999911e-01
9.899999999999999911e-01
9.899999999999999911e-01
9.630295732985728607e-01
9.899999999999999911e-01
9.899999999999999911e-01
9.191173393545485348e-01
9.899999999999999911e-01
9.899999999999999911e-01
9.899999999999999911e-01
9.000415455798139730e-01
9.899999999999999911e-01
9.899999999999999911e-01
9.267629227454672325e-01
9.899999999999999911e-01
9.899999999999999911e-01
9.899999999999999911e-01
8.969233138414814954e-01
9.899999999999999911e-01
9.899999999999999911e-01
9.899999999999999911e-01
8.172807299397789604e-01
9.899999999999999911e-01
9.899999999999999911e-01
9.899999999999999911e-01
8.957692110681283459e-01
9.899999999999999911e-01
9.395449211818176494e-01
9.899999999999999911e-01
9.899999999999999911e-01
9.899999999999999911e-01
8.288523775959721895e-01
9.899999999999999911e-01
9.899999999999999911e-01
9.899999999999999911e-01
7.803811559450209989e-01
9.899999999999999911e-01
9.899999999999999911e-01
9.899999999999999911e-01
8.203120566117099166e-01
9.899999999999999911e-01
9.899999999999999911e-01
9.899999999999999911e-01
8.129148401134053126e-01
9.899999999999999911e-01
9.899999999999999911e-01
9.133807995110342359e-01
9.899999999999999911e-01
9.899999999999999911e-01
9.430424707159632547e-01
9.899999999999999911e-01
9.899999999999999911e-01
9.899999999999999911e-01
8.889013556950208228e-01
9.899999999999999911e-01
9.899999999999999911e-01
9.899999999999999911e-01
8.066380908034087582e-01
9.899999999999999911e-01
9.899999999999999911e-01
9.899999999999999911e-01
9.001998791816496759e-01
9.899999999999999911e-01
9.899999999999999911e-01
9.899999999999999911e-01
9.615068884211150912e-01
9.899999999999999911e-01
9.899999999999999911e-01
7.944094224604576482e-01
9.899999999999999911e-01
9.899999999999999911e-01
9.899999999999999911e-01
8.449932183261203988e-01
9.899999999999999911e-01
9.899999999999999911e-01
9.899999999999999911e-01
8.790861698452310247e-01
9.899999999999999911e-01
9.899999999999999911e-01
9.899999999999999911e-01
8.188394788089440324e-01
9.899999999999999911e-01
9.899999999999999911e-01
9.899999999999999911e-01
9.220555544681763305e-01
9.899999999999999911e-01
9.899999999999999911e-01
9.899999999999999911e-01
8.002025980385032433e-01
9.899999999999999911e-01
9.899999999999999911e-01
9.899999999999999911e-01
9.407914468391117557e-01
9.899999999999999911e-01
9.899999999999999911e-01
9.899999999999999911e-01
8.305847048189183290e-01
9.899999999999999911e-01
9.899999999999999911e-01
9.899999999999999911e-01
9.025771379319385002e-01
9.899999999999999911e-01
9.899999999999999911e-01
9.899999999999999911e-01
9.194003708377623818e-01
9.899999999999999911e-01
9.899999999999999911e-01
9.899999999999999911e-01
7.868200635284839928e-01
9.899999999999999911e-01
9.899999999999999911e-01
9.899999999999999911e-01
9.294148493141914935e-01
9.899999999999999911e-01
8.329678683177140774e-01
9.899999999999999911e-01
9.899999999999999911e-01
9.899999999999999911e-01
9.401842794657073732e-01
9.899999999999999911e-01
9.899999999999999911e-01
9.899999999999999911e-01
8.425195436000563198e-01
9.899999999999999911e-01
9.899999999999999911e-01
8.193621775514633443e-01
9.899999999999999911e-01
9.899999999999999911e-01
9.899999999999999911e-01
7.545804964615195898e-01
9.899999999999999911e-01
9.899999999999999911e-01
9.899999999999999911e-01
8.584613038659796302e-01
9.899999999999999911e-01
9.899999999999999911e-01
9.501914091303038656e-01
9.899999999999999911e-01
9.899999999999999911e-01
9.899999999999999911e-01
9.095872571746435042e-01
9.899999999999999911e-01
9.899999999999999911e-01
8.175820741173268624e-01
9.899999999999999911e-01
9.899999999999999911e-01
9.899999999999999911e-01
9.495779763097871307e-01
9.899999999999999911e-01
9.899999999999997691e-01
9.899999999999999911e-01
8.016495502952479812e-01
9.899999999999999911e-01
9.899999999999999911e-01
9.899999999999999911e-01
8.531298927092334505e-01
9.899999999999999911e-01
9.899999999999999911e-01
9.899999999999999911e-01
9.602090838766211833e-01
9.899999999999999911e-01
9.899999999999999911e-01
9.899999999999999911e-01
9.237864660605905609e-01
9.899999999999999911e-01
9.899999999999999911e-01
8.985031033574508719e-01
9.899999999999999911e-01
9.899999999999999911e-01
9.899999999999999911e-01
8.914270991319928061e-01
9.899999999999999911e-01
9.899999999999999911e-01
9.899999999999999911e-01
7.767075369746334612e-01
9.899999999999999911e-01
9.899999999999999911e-01
9.899999999999999911e-01
9.089666388000555708e-01
9.899999999999999911e-01
8.297423483372919906e-01
9.899999999999999911e-01
9.899999999999999911e-01
8.571012228465632043e-01
9.899999999999999911e-01
9.899999999999999911e-01
9.899999999999999911e-01
9.552344307264480916e-01
9.899999999999999911e-01
9.899999999999999911e-01
9.899999999999999911e-01
9.148038310065147449e-01
9.899999999999999911e-01
9.899999999999999911e-01
8.076528830016678207e-01
9.899999999999999911e-01
9.899999999999999911e-01
9.899999999999999911e-01
9.496830770158760648e-01
9.899999999999999911e-01
9.899999999999999911e-01
9.899999999999999911e-01
8.445157760299121241e-01
9.899999999999999911e-01
9.899999999999999911e-01
9.640608750056323117e-01
9.899999999999999911e-01
9.899999999999999911e-01
9.899999999999999911e-01
8.542466248052021927e-01
9.899999999999999911e-01
9.899999999999999911e-01
9.520391304190587434e-01
9.899999999999999911e-01
9.899999999999999911e-01
9.899999999999999911e-01
8.756087222667574554e-01
9.899999999999999911e-01
9.899999999999999911e-01
9.899999999999999911e-01
9.620180930893111881e-01
9.899999999999999911e-01
9.899999999999999911e-01
9.899999999999999911e-01
8.961062973199616088e-01
9.899999999999999911e-01
9.899999999999999911e-01
9.899999999999999911e-01
8.298808173105806096e-01
9.899999999999999911e-01
9.899999999999999911e-01
9.899999999999999911e-01
9.538038638415921033e-01
9.899999999999999911e-01
9.899999999999999911e-01
9.899999999999999911e-01
8.806977623410454648e-01
9.899999999999999911e-01
9.899999999999999911e-01
9.431662937563970450e-01
9.899999999999999911e-01
9.899999999999999911e-01
9.899999999999999911e-01
9.336362108949223249e-01
9.899999999999999911e-01
9.286545411815936291e-01
9.899999999999999911e-01
9.899999999999999911e-01
9.899999999999999911e-01
8.196780251432732589e-01
9.899999999999999911e-01
9.899999999999999911e-01
9.899999999999999911e-01
9.436182151460146272e-01
9.899999999999999911e-01
9.899999999999999911e-01
9.899999999999999911e-01
9.328621329328784517e-01
9.899999999999999911e-01
9.899999999999999911e-01
8.028392174406744353e-01
9.899999999999999911e-01
9.899999999999999911e-01
9.899999999999999911e-01
9.431528284902224168e-01
9.899999999999999911e-01
9.899999999999999911e-01
9.899999999999999911e-01
9.583958563202079617e-01
9.899999999999999911e-01
9.899999999999999911e-01
9.899999999999999911e-01
9.272543137917126366e-01
9.899999999999999911e-01
9.899999999999999911e-01
9.899999999999999911e-01
8.164933549521478096e-01
9.899999999999999911e-01
9.899999999999999911e-01
9.899999999999999911e-01
7.941085872543390822e-01
9.899999999999999911e-01
9.899999999999999911e-01
9.899999999999999911e-01
8.245311775361068296e-01
9.899999999999999911e-01
9.899999999999999911e-01
7.670504738420429458e-01
9.899999999999999911e-01
9.899999999999999911e-01
9.899999999999999911e-01
9.255896833195553786e-01
9.899999999999999911e-01
9.899999999999999911e-01
7.978126963638899616e-01
9.899999999999999911e-01
9.899999999999999911e-01
9.899999999999999911e-01
9.547650647882206520e-01
9.899999999999999911e-01
7.899669504913157114e-01
9.899999999999999911e-01
9.899999999999999911e-01
7.956069751863424910e-01
9.899999999999999911e-01
9.899999999999999911e-01
9.338786407842977200e-01
9.899999999999999911e-01
9.899999999999999911e-01
9.471625391217076695e-01
9.899999999999999911e-01
9.899999999999999911e-01
9.899999999999999911e-01
9.520830290135573470e-01
9.899999999999999911e-01
9.899999999999999911e-01
8.382438135922757327e-01
9.899999999999999911e-01
9.899999999999999911e-01
9.899999999999999911e-01
8.295336632016602207e-01
9.899999999999999911e-01
9.899999999999999911e-01
9.899999999999999911e-01
8.921100514386655078e-01
9.899999999999999911e-01
9.899999999999999911e-01
9.899999999999999911e-01
9.400166860613957676e-01
9.899999999999999911e-01
9.899999999999999911e-01
8.732707419375348445e-01
9.899999999999999911e-01
9.899999999999999911e-01
9.899999999999999911e-01
8.400706086008014051e-01
9.899999999999999911e-01
9.899999999999999911e-01
9.402766107823798958e-01
9.899999999999999911e-01
9.899999999999999911e-01
9.899999999999999911e-01
9.766204694741263959e-01
9.899999999999999911e-01
9.899999999999999911e-01
9.899999999999999911e-01
9.899999999999999911e-01
9.899999999999999911e-01
9.505692829894170082e-01
9.899999999999999911e-01
9.899999999999999911e-01
7.998879160521796816e-01
9.899999999999999911e-01
9.899999999999999911e-01
9.899999999999999911e-01
8.585752610232110227e-01
9.899999999999999911e-01
9.899999999999999911e-01
9.899999999999999911e-01
8.037219249811047295e-01
9.899999999999999911e-01
7.813012335860262114e-01
9.899999999999999911e-01
9.899999999999999911e-01
9.117810715117898868e-01
9.899999999999999911e-01
9.899999999999999911e-01
9.899999999999999911e-01
9.220550474062482182e-01
9.899999999999999911e-01
9.899999999999999911e-01
9.899999999999999911e-01
8.362369707763696036e-01
9.899999999999999911e-01
9.899999999999999911e-01
8.459516657632203396e-01
9.899999999999999911e-01
9.899999999999999911e-01
9.899999999999999911e-01
8.935592454518372918e-01
9.899999999999999911e-01
9.899999999999999911e-01
9.899999999999999911e-01
9.584311384697278280e-01
9.899999999999999911e-01
9.899999999999999911e-01
9.899999999999999911e-01
8.689645712418273549e-01
9.899999999999999911e-01
9.899999999999999911e-01
9.899999999999999911e-01
8.725522433236556630e-01
9.899999999999999911e-01
9.899999999999999911e-01
9.899999999999999911e-01
8.986262550953644235e-01
9.899999999999999911e-01
9.899999999999999911e-01
9.899999999999999911e-01
8.044018859389849840e-01
9.899999999999999911e-01
9.899999999999999911e-01
9.899999999999999911e-01
8.600817961256731481e-01
9.899999999999999911e-01
9.899999999999999911e-01
9.899999999999999911e-01
9.138265307233567336e-01
9.899999999999999911e-01
9.899999999999999911e-01
9.899999999999999911e-01
8.573360576589067472e-01
9.899999999999999911e-01
9.899999999999999911e-01
9.899999999999999911e-01
8.016821109894460839e-01
9.899999999999999911e-01
9.899999999999999911e-01
9.361599121726162931e-01
9.899999999999999911e-01
9.899999999999999911e-01
9.899999999999999911e-01
