6.564062610232733741e-01
6.931796327467134589e-01
6.896792109966510820e-01
6.981017902103869854e-01
6.604936954521322123e-01
6.632347558096828299e-01
6.631131704584237729e-01
6.564456273671100961e-01
6.658893940071851647e-01
6.951764899495823657e-01
6.826755601936537188e-01
6.881633844974940351e-01
6.568831346449410802e-01
6.635688504568429957e-01
6.651584985404034311e-01
6.561931073877640408e-01
6.523476127841547623e-01
6.609254910010868844e-01
6.619167938668686357e-01
6.551707465712380829e-01
6.579245296119766717e-01
6.559267846876952746e-01
6.584640322965155113e-01
6.526920506848485903e-01
6.671837373058150389e-01
6.824632380344217708e-01
6.725259464581602176e-01
6.716645992089035344e-01
6.526308983797620700e-01
6.586733742523844803e-01
6.500056205106321539e-01
6.526850099308286746e-01
6.548625536613947862e-01
6.603961376019445995e-01
6.569846247116545301e-01
6.536815494608653188e-01
6.606391138091899373e-01
6.697200505560200190e-01
6.618380345817472810e-01
6.661439256439477541e-01
6.528059781180085563e-01
6.567835316291433800e-01
6.533507982533043323e-01
6.523966643454242043e-01
6.683484711749638763e-01
6.717211727048354453e-01
6.693010085093284989e-01
6.587311138867274485e-01
6.572019302042498845e-01
6.555924090440774510e-01
6.613641596069269601e-01
6.578333531177599225e-01
6.553658323531721397e-01
6.555415375793791632e-01
6.597452809268662399e-01
6.531513148304131100e-01
6.564306424031436382e-01
6.544747579179258645e-01
6.583920638542014592e-01
6.538570433107183666e-01
6.541441113567144638e-01
6.576278072378963779e-01
6.584922006072714273e-01
6.586857829883552284e-01
6.598465641859532216e-01
6.541559491118847935e-01
6.635380079103836426e-01
6.533367689512367127e-01
6.593513176106593487e-01
6.579299973183957428e-01
6.595747491009070762e-01
6.572117391263326835e-01
6.619507715628587530e-01
6.563815488062612058e-01
6.571232771566287711e-01
6.617727356830226393e-01
6.603458697876655181e-01
6.579027792246379125e-01
6.710438901526435407e-01
6.714349638091966499e-01
6.615231529322660453e-01
6.961270930553515868e-01
6.543258878256758004e-01
6.637225940927971024e-01
6.554373060682030516e-01
6.709397312076297304e-01
6.558050869782047210e-01
6.562701702811786220e-01
6.532774827300094067e-01
6.619017282486386877e-01
6.526293466025196999e-01
6.528774551334128873e-01
6.562641999484148947e-01
6.574269043946179281e-01
6.565555674141215770e-01
6.505666677143578935e-01
6.550660518976672009e-01
6.936968211392071648e-01
6.669877360174291114e-01
6.548400290476625862e-01
6.514853699597120684e-01
6.745888017723327135e-01
6.530412150350966005e-01
6.515892651545119874e-01
6.608070603602010928e-01
6.544306773503218988e-01
6.559396860844699528e-01
6.621528868267104739e-01
6.622708472860321383e-01
6.724529843958215736e-01
6.472138743146330642e-01
6.815495350297475774e-01
6.488298962835861161e-01
6.558789049248082703e-01
6.579532433954005111e-01
6.797030341969181322e-01
6.556860698576528756e-01
6.550510754538516611e-01
6.541146124172032561e-01
6.540676599481005660e-01
6.589874766269888662e-01
6.562613385315175796e-01
6.597657758750011814e-01
6.525930226946871082e-01
6.463832912183324897e-01
6.643016879775679451e-01
6.506789326315138844e-01
6.569118436726640864e-01
6.530346358223944048e-01
6.762330766494683010e-01
6.519433085601958888e-01
6.566828666092651146e-01
6.518320598646958342e-01
6.517285559931405015e-01
6.635713114051434713e-01
6.479039681456966182e-01
6.589773740451130291e-01
6.563523645743496449e-01
6.605774495270545499e-01
6.523083798849136361e-01
6.783135833499742695e-01
6.933245918624956206e-01
6.847672382057865548e-01
6.691942668056231058e-01
6.692447270616359578e-01
6.709241296364313323e-01
6.812687419440981440e-01
6.619419394098137177e-01
6.631491395269386580e-01
6.701899169071268147e-01
7.018408089814376360e-01
7.139738665429957720e-01
7.086949867499192646e-01
6.774338600974197933e-01
6.592980197256697039e-01
6.625130486331370916e-01
6.614398334544336899e-01
6.540569867341754495e-01
6.792168545289589687e-01
6.403688115896185584e-01
6.688712754724568388e-01
6.736228407854788491e-01
6.691361186629424251e-01
6.669386544513631332e-01
6.634451587869359956e-01
6.607196895112215085e-01
6.596548106126012279e-01
6.812668387050876406e-01
6.820429938541116011e-01
6.593393087298401456e-01
6.628825714992017115e-01
6.529462744117605633e-01
6.745695401030756821e-01
6.876174649376185499e-01
6.695373905592965080e-01
6.767513212863940364e-01
6.632854385527681140e-01
6.729014657381561237e-01
6.564576405864623876e-01
6.862783037000200759e-01
6.707490378973418599e-01
6.673361242277776606e-01
6.605819795539429329e-01
6.686413875836997311e-01
6.508425188631279390e-01
6.581225583947505342e-01
6.704034909045681889e-01
6.504461093116681303e-01
6.608421263653754263e-01
6.644801292409227012e-01
6.592529734144040310e-01
6.703747565808085840e-01
6.531959495133901061e-01
6.597539046169232924e-01
6.481935735001996823e-01
6.673811093794099758e-01
6.530081936100106121e-01
6.644243075174406377e-01
6.599012242400950079e-01
6.578110087722808252e-01
6.546282025022546192e-01
6.552885753952693015e-01
6.556948319604414266e-01
6.545247029413715500e-01
6.952341823079064564e-01
6.770976303443674293e-01
6.897126635915298287e-01
6.740217296168786731e-01
7.076475938875596006e-01
6.791692294089630710e-01
6.648203488629060853e-01
6.582552013270116520e-01
6.545434689425412289e-01
6.571323964134577755e-01
6.529120771269316670e-01
6.623566869931635237e-01
6.726455707322166466e-01
6.753303421679841545e-01
6.544133567282610642e-01
6.483899065756860702e-01
6.635155998979390679e-01
6.586100656757535310e-01
6.645575445071661980e-01
6.775477850190941842e-01
6.581012272434475507e-01
6.664569412147881566e-01
6.503797107582084402e-01
6.682117762241248649e-01
6.463395903793061059e-01
6.569675607259988226e-01
6.553635449848670413e-01
6.529945447630016719e-01
6.678712398618886770e-01
6.928520092413703590e-01
6.712287277070120295e-01
6.687080849051462161e-01
6.533685656738439373e-01
6.542722865628914919e-01
6.557545165258921172e-01
6.550635082569210565e-01
6.520222477978678821e-01
6.573676709322128220e-01
6.602408169570305185e-01
6.559589552471116747e-01
6.527705970321076023e-01
6.527219206298739973e-01
6.561198130773747694e-01
6.542156186556957742e-01
6.510734522482209963e-01
6.532799926957676417e-01
6.616571872338633531e-01
6.602242254035983748e-01
6.526598965307232048e-01
6.593270069892757101e-01
6.575611525007108993e-01
6.572927897635366667e-01
6.575924029376745139e-01
6.579542865531500251e-01
6.590066833743868369e-01
6.539446859514527199e-01
6.518826382774397521e-01
6.600224076826691766e-01
6.536544377533670680e-01
6.584117784799164985e-01
6.535438422458770269e-01
6.490894361060259854e-01
6.920100787490429672e-01
6.587405435654795083e-01
6.640470690960373901e-01
6.544548378566722446e-01
6.764845441188556130e-01
6.589306266674718193e-01
6.570680811579683311e-01
6.574607802293517267e-01
6.605766923234799304e-01
6.581218709954668178e-01
6.559091853911460657e-01
6.452848145585047268e-01
6.761847878146317603e-01
6.396393673311223660e-01
6.354788270275559814e-01
6.534295027331387118e-01
6.804085163682117576e-01
6.526504396494324789e-01
6.544751097004248841e-01
6.590343493381086715e-01
6.512546020081584341e-01
6.608040617835141406e-01
6.528628003316998551e-01
6.580449818971176867e-01
6.740752958862288313e-01
6.571800812496001454e-01
6.532023765555251549e-01
6.554715452335990733e-01
6.769878144641178208e-01
6.531008020910988865e-01
6.484756385660855882e-01
6.494013189053847723e-01
6.594779881549057698e-01
6.600443020389913373e-01
6.492595899819582073e-01
6.513199266150532241e-01
6.871031139021277490e-01
6.584300764758991287e-01
6.518094131627795162e-01
6.570167671962918732e-01
6.541723895855086068e-01
6.581804484732749483e-01
6.592931358137796849e-01
6.566837794032420739e-01
6.555507192764846724e-01
6.518712597422769983e-01
6.576749894285545128e-01
6.602890638894088893e-01
6.576616616925214931e-01
6.600473215982053388e-01
6.568064160128523898e-01
6.547847485835351922e-01
6.569401194670673183e-01
6.612178540305904129e-01
6.467564251720316904e-01
6.577685403594163427e-01
6.562318052057624085e-01
6.625343459933156209e-01
6.624330977124557318e-01
6.637626757302630409e-01
6.613585569082643945e-01
6.591440422432743862e-01
6.608235750708579825e-01
6.564524931797391938e-01
6.751106752893490937e-01
6.740962491627300324e-01
6.765207351289683757e-01
6.527036490928715962e-01
6.528085594853034745e-01
6.531919914997020848e-01
6.567162973726770048e-01
7.126318845909912492e-01
7.120676146706859111e-01
6.728416762137890972e-01
6.741428570271804643e-01
6.717717104536298223e-01
6.844404616783675843e-01
6.674546461402387498e-01
6.805009011412166409e-01
6.528199896527602242e-01
6.567284336941781042e-01
6.534363398305721438e-01
6.545595103413425209e-01
7.070221951935050653e-01
7.292610869809919016e-01
7.235963663876114893e-01
6.563864140489203969e-01
6.730441984448959358e-01
6.821249943316219921e-01
6.874060457393517121e-01
6.517295321242906336e-01
6.445577625445638725e-01
6.544516719460142795e-01
6.541454039827849787e-01
6.551209982993743131e-01
6.549772672151290553e-01
6.591678221807173443e-01
6.549408369733130675e-01
6.508994714508189450e-01
6.699704659325586009e-01
6.550307078091089918e-01
6.524806800327905831e-01
6.530428966111988531e-01
6.656624499579723020e-01
6.495848001830677454e-01
6.523090515619998087e-01
6.503695766757385810e-01
6.522996858784663177e-01
6.547478155432046032e-01
6.608539760118584683e-01
6.515223468810910079e-01
6.552931014105768392e-01
6.870596931523395012e-01
6.477685503240725451e-01
6.525555812596920413e-01
6.583483620998141772e-01
6.531287621687424938e-01
6.523229812988431409e-01
6.583874538015921374e-01
6.584775757404349728e-01
6.650564022570651934e-01
6.617458923824404149e-01
6.509957090394966617e-01
6.893193701268048867e-01
6.454799860833128067e-01
6.579741360337353351e-01
6.622187352500219504e-01
6.545332041575817605e-01
6.573598069307831082e-01
6.533374647124909895e-01
6.574926962849371170e-01
6.769874834841060895e-01
6.490645355433162234e-01
6.840242395073615755e-01
6.556429657848443782e-01
6.698253337001293106e-01
6.580362810019387831e-01
6.835474409395813078e-01
6.527966998959789935e-01
6.553659621338596697e-01
6.543535511240411440e-01
6.479156014627905913e-01
6.370476496371182407e-01
6.533563188157647250e-01
6.568165277299138349e-01
6.635128700136972979e-01
6.549361099163403255e-01
6.543788316359664403e-01
6.557594540928372018e-01
6.585589173483475944e-01
6.615183759526809260e-01
6.562255797016285364e-01
6.613621427300431233e-01
6.523055131421100494e-01
6.603945663399586330e-01
6.571760810987866686e-01
6.514600250465811815e-01
6.577146376455204058e-01
6.523553493374888435e-01
6.514846447786967198e-01
6.604510214748499086e-01
6.526291565653372651e-01
6.622583169361003774e-01
6.544424349273616492e-01
6.576468303555977890e-01
6.570707914066095112e-01
6.642632896500230144e-01
6.568655700024436106e-01
6.571344382941736173e-01
6.651274130282172070e-01
6.548318114239551901e-01
6.586027591659258107e-01
6.540225879106003060e-01
6.607861173750474437e-01
6.626480478518398387e-01
6.534414052012654794e-01
6.957689794955742579e-01
6.684380425893453603e-01
6.704935281827245630e-01
6.639154135844298477e-01
6.615378742566453418e-01
6.715227981488656184e-01
6.579173485246623265e-01
6.601962010621656995e-01
6.771251752186264738e-01
6.571018132785624299e-01
6.551238990980006172e-01
6.558160967375267214e-01
6.550494740227955637e-01
6.675158509963587949e-01
6.827769052581906806e-01
6.562449380229264939e-01
6.556164325503098800e-01
6.549922137211305895e-01
6.541303999549986647e-01
6.928143982248200494e-01
6.900067824714060105e-01
6.947649354643403719e-01
6.984665062107824340e-01
6.528620483024483168e-01
6.669605356833356868e-01
6.527384851720151593e-01
6.548803169253697432e-01
6.529498698631724940e-01
6.554586437752619732e-01
6.583949914375925028e-01
6.549519930923678457e-01
6.519541741746703867e-01
6.566516574993332966e-01
6.567124354420819099e-01
6.530973273388904765e-01
6.589899515978278055e-01
6.538000637431883311e-01
6.538639044866254579e-01
6.674739805423524075e-01
6.502908184835058947e-01
6.654316374710369519e-01
6.570727955003944354e-01
6.601932770921460358e-01
6.547482994583765370e-01
6.523066104052642755e-01
6.562536050131019261e-01
6.533634014090710096e-01
6.535967332880204816e-01
6.881868005649582898e-01
6.617062978087120406e-01
6.555151668202655602e-01
6.578306566278249168e-01
6.780760041925179005e-01
6.546968114663244132e-01
6.820328546468679143e-01
6.464017043235954496e-01
6.990014077207453713e-01
6.724751062112976907e-01
6.617684271360723125e-01
6.534730043859855453e-01
6.570323225814995727e-01
6.529186786091283334e-01
6.560064744941380699e-01
6.812654204493118204e-01
6.839190847613980662e-01
6.717175510907191782e-01
6.936416826865144936e-01
6.577829286609072623e-01
6.614272322477950938e-01
6.540046724351061824e-01
6.522635413794071191e-01
6.637516881533220836e-01
7.095696184715412080e-01
6.778965920373345444e-01
6.738136280517242893e-01
6.537811245659840287e-01
6.666586786847007451e-01
6.529560584074939333e-01
6.543512959387509653e-01
6.516158822792951222e-01
6.542754269098158826e-01
6.582410411265366967e-01
6.545770228387611800e-01
6.489442879964349986e-01
6.595822317620969599e-01
6.527601767659586551e-01
6.594611261035380201e-01
6.527560211175615912e-01
6.580104310116013933e-01
6.622025108699046703e-01
6.546841200536903660e-01
6.527061534719308389e-01
6.562552421677697589e-01
6.621879206879351942e-01
6.527683720720602878e-01
6.619889713309213830e-01
6.813730806903834925e-01
6.559381891604595394e-01
6.527583729428517723e-01
6.490509336337073609e-01
6.730500679074621351e-01
6.488356200417616515e-01
6.532496478519864702e-01
6.568359936463852300e-01
6.922836895880352115e-01
6.484550281362924107e-01
6.551065811062025679e-01
6.589498848967129119e-01
6.631739355723944573e-01
6.572843956637545171e-01
6.487220691865304145e-01
6.503348552261768445e-01
6.577061686933848295e-01
6.580157896648365368e-01
6.496723359326214142e-01
6.756871538965271151e-01
6.443958016836123237e-01
6.512377789669413497e-01
6.466066386683263501e-01
6.500763006369784103e-01
7.028242806490323513e-01
6.521004833272265877e-01
6.547895315994221033e-01
6.506803841893924467e-01
6.910628054345180349e-01
6.431841204397007461e-01
6.489197208580801401e-01
6.462807878330929512e-01
7.066350221897402806e-01
6.576065163292424964e-01
6.459905962041175842e-01
6.583022263504321181e-01
6.677705901490801343e-01
6.571481213633247886e-01
6.571198418888098969e-01
6.638557622701467542e-01
6.576950564219535833e-01
6.636092706076609504e-01
6.564577305546783759e-01
6.544979824516792277e-01
6.537131177136369375e-01
6.577073564512767589e-01
6.481823974190682458e-01
6.453160685062270252e-01
6.672904899358158559e-01
6.411965332502149728e-01
6.475460025708910106e-01
6.447454444250254602e-01
6.560469580476623319e-01
6.652062186538357791e-01
6.496153634026207158e-01
6.560563603323492643e-01
6.585553825803129868e-01
6.598969651915135293e-01
6.519562925247673890e-01
6.515579780607635429e-01
7.008580263550566736e-01
6.658691421243991826e-01
6.575108302251275738e-01
6.600821784693031713e-01
6.738610101729740620e-01
6.526510487848894426e-01
6.691997221331870138e-01
6.675463239633806500e-01
6.777199286868662576e-01
6.750470132800432399e-01
6.561921715381747733e-01
6.654485026728886865e-01
6.571113121378751032e-01
6.577936240923931699e-01
6.716716783587287631e-01
6.691344988474834388e-01
6.894986097187810747e-01
6.619630739769526429e-01
6.564749551916584380e-01
6.539967685900386352e-01
6.659632981784013861e-01
6.513635683552115863e-01
6.613639117226723929e-01
6.511140138801907451e-01
6.561763686517944061e-01
6.519753530409728715e-01
6.529215306678897157e-01
6.638596087571760895e-01
6.683070120124761093e-01
6.562586413127912133e-01
6.538021858810054709e-01
6.452348661782948414e-01
6.574683389871835981e-01
6.612217834965397056e-01
6.618933573312369978e-01
6.517322539379254431e-01
6.577619650286915531e-01
6.586034444481947414e-01
6.495708425838578881e-01
6.631936623381430307e-01
6.620785899738916847e-01
6.536861616273991205e-01
6.625920770729966103e-01
6.588823431940096231e-01
6.566291760802355215e-01
6.566894109054209894e-01
6.499162810468823714e-01
6.586318781487916496e-01
7.057091666262235163e-01
6.625560841434284809e-01
6.582750700939739019e-01
6.652172565791287795e-01
6.647258264165547548e-01
6.590376183469606186e-01
6.695874237542526197e-01
6.542441613713417814e-01
6.647854954090842705e-01
6.584365434469812151e-01
6.562108953520959798e-01
6.582128723707466600e-01
6.588738607321307228e-01
6.559653632521488253e-01
6.855861444444205643e-01
6.533611223988554650e-01
6.540945257139922919e-01
6.544938119175591762e-01
6.660674999322879763e-01
6.528584996919882810e-01
6.550180228310619190e-01
6.528283544770335789e-01
6.579657817131377984e-01
6.537202084450466355e-01
6.528131098255632869e-01
6.699285979555105186e-01
6.528263420760189728e-01
6.533436480604940533e-01
6.570425113257111205e-01
6.565069806827639187e-01
6.571691876062786264e-01
6.545527467904104224e-01
6.479094902079655105e-01
7.026385274494221234e-01
6.517631691936662808e-01
6.482820919913767632e-01
6.523527844134747733e-01
6.857947128792586389e-01
6.537320448710022269e-01
6.752994229942084203e-01
6.602742675585583365e-01
6.645599679705398444e-01
6.660913745687925269e-01
6.623196546838044929e-01
6.588501828848914998e-01
6.524456138441238062e-01
6.581207043904634402e-01
6.546659995584758196e-01
6.546189613977276833e-01
6.551788722847007307e-01
6.526433149351742458e-01
6.528410289905592911e-01
6.601565208323599832e-01
6.622577083042624491e-01
6.654314222155082170e-01
6.614648113650041239e-01
6.629286314344804421e-01
6.664763332944327878e-01
6.613764782572499890e-01
6.603560669282750872e-01
6.591172816224124542e-01
6.641047426103594553e-01
6.616294614303884769e-01
6.568508812424853627e-01
6.624216151603340430e-01
6.529103108870686345e-01
6.593508423476930336e-01
6.558771943166439300e-01
6.451857427228314679e-01
6.589789058314128312e-01
6.602301278433715392e-01
6.749813087976227477e-01
6.523289555282353325e-01
6.538494178148509528e-01
6.533483572864361433e-01
6.564695586545536976e-01
6.532159297842575763e-01
6.577147002161877198e-01
6.513738949537942746e-01
6.524839088052790670e-01
6.546134433828925125e-01
6.570172573611180455e-01
6.575123056382917719e-01
6.591571811285859006e-01
6.596394090778827657e-01
6.595263494072587385e-01
6.841576606849092412e-01
6.533448347458966632e-01
6.541808973352449819e-01
6.571916649845468417e-01
6.520198623980787422e-01
6.510999772311343303e-01
6.640334281803967897e-01
6.528697886341295886e-01
6.655673166001362384e-01
6.599550597080526826e-01
6.598600695675477246e-01
6.491427795902730002e-01
6.502414627827438620e-01
6.651386724521973770e-01
6.512807297160537745e-01
6.578457873276204460e-01
6.621840900592222967e-01
6.434511619756647649e-01
6.571387198543191532e-01
6.494984638236066532e-01
6.509282666726388111e-01
6.616565675461330009e-01
6.565371661206912401e-01
6.601822042007097213e-01
6.591369889808532667e-01
6.618131665846255229e-01
6.536815629100649616e-01
6.648651966767806787e-01
6.612741572894011988e-01
6.587169106873564939e-01
6.597919697674319295e-01
6.615274254071261684e-01
6.582740145714482960e-01
6.442571159298994266e-01
6.323409993567953302e-01
6.462896422846199362e-01
6.625467125495108078e-01
6.597808499905386537e-01
6.613615585513928918e-01
6.584621989638042017e-01
6.605247391405002499e-01
6.638048727651792991e-01
6.556814609140999561e-01
6.556974503460677450e-01
6.582765432962937036e-01
6.573980106105271615e-01
6.577545989945492444e-01
6.548995786813974762e-01
6.492620384947037637e-01
6.546230609527977640e-01
6.468773980482750430e-01
6.502318907673850790e-01
6.556223552545633604e-01
6.601299023748068429e-01
6.645560348107026893e-01
6.527330264478120592e-01
6.592528694271893031e-01
6.590985461338684237e-01
6.555346937235080329e-01
6.620824267557389176e-01
6.606032694866943444e-01
6.571125158242164810e-01
6.562946427174728425e-01
6.517681737371222583e-01
6.600559996954321607e-01
6.637530256452031097e-01
6.593773368777864352e-01
6.591670806868972221e-01
6.588190049527919978e-01
6.683723156613641248e-01
6.526522777472262282e-01
6.563263632768882028e-01
6.490395882469450761e-01
6.478059404563512036e-01
6.510214651522731044e-01
6.538650174313423991e-01
6.532278729749259050e-01
6.541590631258688004e-01
6.516222366675948896e-01
6.590314593810718824e-01
6.504540923460194746e-01
6.533535259827566444e-01
6.597583629720491505e-01
6.571570441679542851e-01
6.597727165130393701e-01
6.601311765142416910e-01
6.590189692679836453e-01
6.570803417118926681e-01
6.568828516574269916e-01
6.577140079501168080e-01
6.369580234380400885e-01
6.726160509108330965e-01
6.356059354831551378e-01
6.484148189215607205e-01
6.514331788950962210e-01
6.620484386945540978e-01
6.555084342486046101e-01
6.519413353308229908e-01
6.655659327331943098e-01
6.582614173009113667e-01
6.561775095240099942e-01
6.611028497154950445e-01
6.568081944366774838e-01
6.594801498930692452e-01
6.557720232923276438e-01
6.565379333272898243e-01
6.506021904905363584e-01
6.485353735886957294e-01
6.556497280057455024e-01
6.476554252845756476e-01
6.669053976981578202e-01
6.540412648161126885e-01
6.533933225582915227e-01
6.488668610516894475e-01
6.629281999943439363e-01
6.606443951644852541e-01
6.555003664896750237e-01
6.626854343928856306e-01
6.455130134373421313e-01
6.538735208804934418e-01
6.659408071912391591e-01
6.477535335041705311e-01
6.520225166062895150e-01
6.497686672008105013e-01
7.035344542831295511e-01
6.585059061226162802e-01
6.539974943301861687e-01
6.450832377062928336e-01
6.321126202689025808e-01
6.506873939930034600e-01
6.568647287336525364e-01
6.720965543397613429e-01
6.521895067717331518e-01
6.524652510326423016e-01
6.629634872339210672e-01
6.592302779265394319e-01
6.645660528409291778e-01
6.546982074232197135e-01
6.482603769499564184e-01
6.579043976553822226e-01
6.481197926900873485e-01
6.505810577692257013e-01
6.282279191130554219e-01
6.662911210083709568e-01
6.398342280237382385e-01
6.359851527870531429e-01
6.511235716219052616e-01
6.569210222469139548e-01
6.676744997991170827e-01
6.531946899133840301e-01
6.607988792872572237e-01
6.556357573098454683e-01
6.643243132586545974e-01
6.576553092746223461e-01
6.615708422057229310e-01
6.588766831014155612e-01
6.580023774669805370e-01
6.644775026261318107e-01
6.724770072916457231e-01
6.627352366306815679e-01
6.583607665608383064e-01
6.659186918718913439e-01
6.483605971462356177e-01
6.627452796369195376e-01
6.529732625868229778e-01
6.690418613519351076e-01
6.611694934475896845e-01
6.597841550261785981e-01
6.520090447115840515e-01
6.517894354645129562e-01
6.617474178812549068e-01
6.577746698032443939e-01
6.575232281040839233e-01
6.501501399945622817e-01
6.513822278934203736e-01
6.510572831914491765e-01
6.648252348888777918e-01
6.504295226408065567e-01
6.623586414185690385e-01
6.633284565903403429e-01
6.697062596500089615e-01
6.504081494274495112e-01
6.667198413487042119e-01
6.578564204630805712e-01
6.535053288271793770e-01
6.551370513808206786e-01
6.635576863631242883e-01
6.701312732061853739e-01
6.600397391001519010e-01
6.653104596322523268e-01
6.644118596669343901e-01
6.596447108977908647e-01
6.638516614336683608e-01
6.666193986276077732e-01
6.604445570398926879e-01
6.604181645629281228e-01
6.623914592651627409e-01
6.576066907272365425e-01
6.635166843914205304e-01
6.531202825168782589e-01
6.613627769417950164e-01
6.402009769124585858e-01
6.651440133697764656e-01
6.409768304091083557e-01
6.389014766131834167e-01
6.512556177385716571e-01
6.501203785317247741e-01
6.508985984393748092e-01
6.663487496273623467e-01
6.518815483073218120e-01
6.648411932909727984e-01
6.630881654649206647e-01
6.416125923440768597e-01
6.632446298097156578e-01
6.314122047647747760e-01
6.443355459876218827e-01
6.637746445616007351e-01
6.589109093879824686e-01
6.510713302966424365e-01
6.522935173633626071e-01
6.558665601293383052e-01
6.585735850411450487e-01
6.617027330604758895e-01
6.586268553232790257e-01
6.574864505237667522e-01
6.614944624782237437e-01
6.524047228580702740e-01
6.603078525535730492e-01
6.568254212297821582e-01
6.605207095268792461e-01
6.523223351918143731e-01
6.521697432141986273e-01
6.470619003031770067e-01
6.507711277247023585e-01
6.619481136683884603e-01
6.699059639169241409e-01
6.580208258960860146e-01
6.584733162926662553e-01
6.604402335862502582e-01
6.535744280371212911e-01
6.593486640960811718e-01
6.623969143919562486e-01
6.607959402290691786e-01
6.527259037680314124e-01
6.527792004969658057e-01
6.610803937035357736e-01
6.571310209852533335e-01
6.600746762717160099e-01
6.609476439746607701e-01
6.582731347850242498e-01
6.809159631603132201e-01
6.538651663924304192e-01
6.530415019545602329e-01
6.621035928995642195e-01
6.831637297673877063e-01
6.594939631357680243e-01
6.607341910099158167e-01
6.671018417653784560e-01
6.541234323414034657e-01
6.579896660412557496e-01
6.647436762074545591e-01
6.618729985913465175e-01
6.775266820179517424e-01
6.542801332286325433e-01
6.599961730039537455e-01
6.643365531656013623e-01
6.532494887777036130e-01
6.660796692064818725e-01
6.662283355583465960e-01
6.635062131341943337e-01
6.640947402352588291e-01
6.580031508335352219e-01
6.595497390108278069e-01
6.596060383886037659e-01
6.549215683754734396e-01
6.572298358626053050e-01
6.625241235153911390e-01
6.620345481675653510e-01
6.531459035133655444e-01
6.646831053347722618e-01
6.607095276106985660e-01
6.630891371288547553e-01
6.630123592121482945e-01
6.629414385143049815e-01
6.633236997094346110e-01
6.492719125997570284e-01
6.516834693058841665e-01
6.395360253543603823e-01
6.473981091745500960e-01
6.513377116939815803e-01
6.570655214536831323e-01
6.353650290688794833e-01
