7.784870935136144476e-01
8.000000000000000444e-01
8.000000000000000444e-01
8.000000000000000444e-01
6.721758857247840391e-01
8.000000000000000444e-01
8.000000000000000444e-01
8.000000000000000444e-01
7.646827125728953289e-01
7.981825500624272207e-01
8.000000000000000444e-01
8.000000000000000444e-01
7.186324533505694667e-01
8.000000000000000444e-01
8.000000000000000444e-01
8.000000000000000444e-01
7.489170412857805159e-01
8.000000000000000444e-01
8.000000000000000444e-01
8.000000000000000444e-01
7.141329459337009133e-01
8.000000000000000444e-01
8.000000000000000444e-01
8.000000000000000444e-01
7.594591755050407178e-01
8.000000000000000444e-01
8.000000000000000444e-01
8.000000000000000444e-01
7.466272701373892762e-01
8.000000000000000444e-01
8.000000000000000444e-01
8.000000000000000444e-01
7.504872859047841960e-01
8.000000000000000444e-01
8.000000000000000444e-01
8.000000000000000444e-01
7.691927130888760455e-01
8.000000000000000444e-01
8.000000000000000444e-01
8.000000000000000444e-01
7.513820068889545123e-01
8.000000000000000444e-01
8.000000000000000444e-01
8.000000000000000444e-01
7.704631700877646594e-01
8.000000000000000444e-01
8.000000000000000444e-01
8.000000000000000444e-01
7.575495428404510623e-01
8.000000000000000444e-01
7.940960901206319811e-01
8.000000000000000444e-01
7.483794622976405186e-01
8.000000000000000444e-01
8.000000000000000444e-01
8.000000000000000444e-01
6.731288489395347296e-01
8.000000000000000444e-01
8.000000000000000444e-01
8.000000000000000444e-01
7.254162831033600378e-01
8.000000000000000444e-01
8.000000000000000444e-01
8.000000000000000444e-01
6.730744397962634684e-01
7.986330788357062227e-01
8.000000000000000444e-01
8.000000000000000444e-01
6.959751661145795465e-01
8.000000000000000444e-01
8.000000000000000444e-01
8.000000000000000444e-01
7.520256476748258256e-01
8.000000000000000444e-01
8.000000000000000444e-01
8.000000000000000444e-01
7.724442698429656584e-01
8.000000000000000444e-01
8.000000000000000444e-01
8.000000000000000444e-01
7.607687274196244243e-01
8.000000000000000444e-01
8.000000000000000444e-01
8.000000000000000444e-01
7.208660084380363875e-01
8.000000000000000444e-01
7.998837448587754473e-01
8.000000000000000444e-01
7.474073237469687214e-01
8.000000000000000444e-01
8.000000000000000444e-01
8.000000000000000444e-01
7.209324401188456077e-01
8.000000000000000444e-01
8.000000000000000444e-01
8.000000000000000444e-01
7.075770209442473480e-01
8.000000000000000444e-01
7.960293987881380540e-01
8.000000000000000444e-01
7.162754208331875150e-01
8.000000000000000444e-01
8.000000000000000444e-01
8.000000000000000444e-01
7.341706812158548257e-01
8.000000000000000444e-01
8.000000000000000444e-01
8.000000000000000444e-01
7.367698787676724148e-01
8.000000000000000444e-01
7.210770877571579529e-01
8.000000000000000444e-01
8.000000000000000444e-01
8.000000000000000444e-01
7.699555150661507863e-01
8.000000000000000444e-01
6.747187445842013354e-01
8.000000000000000444e-01
8.000000000000000444e-01
8.000000000000000444e-01
6.857441181619284842e-01
8.000000000000000444e-01
8.000000000000000444e-01
8.000000000000000444e-01
6.889378168743339748e-01
8.000000000000000444e-01
8.000000000000000444e-01
8.000000000000000444e-01
7.062622420320142647e-01
8.000000000000000444e-01
8.000000000000000444e-01
8.000000000000000444e-01
7.283596698450084395e-01
8.000000000000000444e-01
8.000000000000000444e-01
8.000000000000000444e-01
7.291167284720652120e-01
8.000000000000000444e-01
8.000000000000000444e-01
8.000000000000000444e-01
7.661120695955084825e-01
8.000000000000000444e-01
8.000000000000000444e-01
7.088443623331057708e-01
8.000000000000000444e-01
8.000000000000000444e-01
8.000000000000000444e-01
7.510865428492226048e-01
8.000000000000000444e-01
8.000000000000000444e-01
7.866496699389436964e-01
8.000000000000000444e-01
8.000000000000000444e-01
8.000000000000000444e-01
7.228757577112535637e-01
7.999869555770308116e-01
8.000000000000000444e-01
8.000000000000000444e-01
8.000000000000000444e-01
8.000000000000000444e-01
7.641961684921569908e-01
8.000000000000000444e-01
8.000000000000000444e-01
8.000000000000000444e-01
7.650393712156891013e-01
8.000000000000000444e-01
8.000000000000000444e-01
8.000000000000000444e-01
8.000000000000000444e-01
7.736672785281740738e-01
8.000000000000000444e-01
8.000000000000000444e-01
8.000000000000000444e-01
8.000000000000000444e-01
7.534263504001672551e-01
8.000000000000000444e-01
7.936085505207132185e-01
8.000000000000000444e-01
7.462938811940088568e-01
8.000000000000000444e-01
8.000000000000000444e-01
7.971910113382824070e-01
7.425440318128667672e-01
8.000000000000000444e-01
8.000000000000000444e-01
8.000000000000000444e-01
8.000000000000000444e-01
8.000000000000000444e-01
7.709538331710884540e-01
8.000000000000000444e-01
8.000000000000000444e-01
8.000000000000000444e-01
7.425958730803872143e-01
8.000000000000000444e-01
8.000000000000000444e-01
8.000000000000000444e-01
7.307896044261859014e-01
8.000000000000000444e-01
8.000000000000000444e-01
8.000000000000000444e-01
6.674235566249349105e-01
8.000000000000000444e-01
8.000000000000000444e-01
8.000000000000000444e-01
8.000000000000000444e-01
8.000000000000000444e-01
8.000000000000000444e-01
7.811581148092322513e-01
8.000000000000000444e-01
8.000000000000000444e-01
8.000000000000000444e-01
7.349287389530322345e-01
8.000000000000000444e-01
8.000000000000000444e-01
8.000000000000000444e-01
7.209345312250790005e-01
8.000000000000000444e-01
8.000000000000000444e-01
7.708367771045161465e-01
8.000000000000000444e-01
8.000000000000000444e-01
7.232778567910012057e-01
8.000000000000000444e-01
8.000000000000000444e-01
7.668509015624084268e-01
7.963502631593324388e-01
8.000000000000000444e-01
8.000000000000000444e-01
6.979920173070396361e-01
7.930711122774667388e-01
8.000000000000000444e-01
8.000000000000000444e-01
7.660224410553578833e-01
8.000000000000000444e-01
8.000000000000000444e-01
8.000000000000000444e-01
6.755453063641532196e-01
7.910277014825380926e-01
8.000000000000000444e-01
8.000000000000000444e-01
6.969051351551860396e-01
8.000000000000000444e-01
8.000000000000000444e-01
8.000000000000000444e-01
7.277909755824555349e-01
8.000000000000000444e-01
8.000000000000000444e-01
8.000000000000000444e-01
7.440556834240774631e-01
7.125880495917882307e-01
8.000000000000000444e-01
8.000000000000000444e-01
8.000000000000000444e-01
7.080000045850503021e-01
8.000000000000000444e-01
8.000000000000000444e-01
7.991804654375403993e-01
7.048574223078556411e-01
8.000000000000000444e-01
7.894927723636818717e-01
8.000000000000000444e-01
7.213028113816922771e-01
8.000000000000000444e-01
7.934849587895095313e-01
8.000000000000000444e-01
7.333992841819474418e-01
8.000000000000000444e-01
8.000000000000000444e-01
8.000000000000000444e-01
7.317752686814728014e-01
8.000000000000000444e-01
8.000000000000000444e-01
8.000000000000000444e-01
7.606879064818697911e-01
8.000000000000000444e-01
8.000000000000000444e-01
8.000000000000000444e-01
7.633000997115176878e-01
8.000000000000000444e-01
8.000000000000000444e-01
8.000000000000000444e-01
7.607340869487557722e-01
8.000000000000000444e-01
7.889222725949293080e-01
8.000000000000000444e-01
6.592772338472984162e-01
8.000000000000000444e-01
7.956823052725678913e-01
8.000000000000000444e-01
7.447348936932267627e-01
8.000000000000000444e-01
8.000000000000000444e-01
8.000000000000000444e-01
7.589741121460267248e-01
8.000000000000000444e-01
8.000000000000000444e-01
8.000000000000000444e-01
6.815973073672066951e-01
8.000000000000000444e-01
8.000000000000000444e-01
8.000000000000000444e-01
7.259166191514813127e-01
8.000000000000000444e-01
8.000000000000000444e-01
8.000000000000000444e-01
6.975560874396236066e-01
8.000000000000000444e-01
8.000000000000000444e-01
8.000000000000000444e-01
7.568995591199756401e-01
8.000000000000000444e-01
8.000000000000000444e-01
8.000000000000000444e-01
7.122749726223440714e-01
8.000000000000000444e-01
8.000000000000000444e-01
8.000000000000000444e-01
6.874092958505868545e-01
8.000000000000000444e-01
8.000000000000000444e-01
8.000000000000000444e-01
7.326171203314405522e-01
8.000000000000000444e-01
8.000000000000000444e-01
7.945846658463591172e-01
7.206017940436780789e-01
8.000000000000000444e-01
8.000000000000000444e-01
8.000000000000000444e-01
7.345902484039187330e-01
8.000000000000000444e-01
8.000000000000000444e-01
8.000000000000000444e-01
7.376253982534525244e-01
8.000000000000000444e-01
7.978814606614268445e-01
8.000000000000000444e-01
8.000000000000000444e-01
7.978903955125625780e-01
8.000000000000000444e-01
8.000000000000000444e-01
7.577303305173519465e-01
8.000000000000000444e-01
8.000000000000000444e-01
8.000000000000000444e-01
7.350104671024439984e-01
8.000000000000000444e-01
8.000000000000000444e-01
8.000000000000000444e-01
7.930976971191406877e-01
8.000000000000000444e-01
8.000000000000000444e-01
8.000000000000000444e-01
7.322992352464615662e-01
8.000000000000000444e-01
8.000000000000000444e-01
8.000000000000000444e-01
7.938489291843320306e-01
6.858209263500374409e-01
8.000000000000000444e-01
7.996827088216316159e-01
8.000000000000000444e-01
7.191217465458968894e-01
8.000000000000000444e-01
8.000000000000000444e-01
7.960169361407407607e-01
7.378639563473623486e-01
8.000000000000000444e-01
8.000000000000000444e-01
8.000000000000000444e-01
7.624482958219025441e-01
8.000000000000000444e-01
8.000000000000000444e-01
6.953983429967688368e-01
7.928048522435647838e-01
7.911075929625378533e-01
8.000000000000000444e-01
7.488155373319258512e-01
8.000000000000000444e-01
8.000000000000000444e-01
8.000000000000000444e-01
6.704473360175510210e-01
7.889102207879004069e-01
8.000000000000000444e-01
8.000000000000000444e-01
7.397399340558360459e-01
8.000000000000000444e-01
8.000000000000000444e-01
7.211261930577439472e-01
8.000000000000000444e-01
8.000000000000000444e-01
8.000000000000000444e-01
7.075270869465875023e-01
8.000000000000000444e-01
8.000000000000000444e-01
8.000000000000000444e-01
7.168408215846137077e-01
7.963387283551142115e-01
7.768832387866123623e-01
8.000000000000000444e-01
8.000000000000000444e-01
8.000000000000000444e-01
6.888933997955067889e-01
8.000000000000000444e-01
8.000000000000000444e-01
7.920375454761349188e-01
7.484789584842037602e-01
7.676914948067276034e-01
8.000000000000000444e-01
8.000000000000000444e-01
7.600784307142586238e-01
8.000000000000000444e-01
8.000000000000000444e-01
8.000000000000000444e-01
7.128141208897719183e-01
8.000000000000000444e-01
8.000000000000000444e-01
8.000000000000000444e-01
7.345569970289810291e-01
8.000000000000000444e-01
8.000000000000000444e-01
8.000000000000000444e-01
6.960865939017975013e-01
8.000000000000000444e-01
8.000000000000000444e-01
8.000000000000000444e-01
7.465432673889267345e-01
8.000000000000000444e-01
8.000000000000000444e-01
8.000000000000000444e-01
7.377064213939842352e-01
8.000000000000000444e-01
8.000000000000000444e-01
7.945273634121968742e-01
7.033081037695871895e-01
8.000000000000000444e-01
8.000000000000000444e-01
8.000000000000000444e-01
6.924334008990352674e-01
8.000000000000000444e-01
8.000000000000000444e-01
8.000000000000000444e-01
7.987553915663375692e-01
8.000000000000000444e-01
7.644980703877951589e-01
8.000000000000000444e-01
8.000000000000000444e-01
8.000000000000000444e-01
7.544023608635805900e-01
8.000000000000000444e-01
8.000000000000000444e-01
7.478956832101518737e-01
8.000000000000000444e-01
8.000000000000000444e-01
8.000000000000000444e-01
7.527736365775979932e-01
8.000000000000000444e-01
7.075001485725127548e-01
7.950305053199876459e-01
8.000000000000000444e-01
8.000000000000000444e-01
7.947557787045393951e-01
8.000000000000000444e-01
8.000000000000000444e-01
8.000000000000000444e-01
7.478571805758229551e-01
8.000000000000000444e-01
8.000000000000000444e-01
8.000000000000000444e-01
7.102804271539466807e-01
8.000000000000000444e-01
8.000000000000000444e-01
8.000000000000000444e-01
6.880159463205429704e-01
8.000000000000000444e-01
8.000000000000000444e-01
8.000000000000000444e-01
7.628037125208704250e-01
8.000000000000000444e-01
8.000000000000000444e-01
8.000000000000000444e-01
7.093923068359088147e-01
8.000000000000000444e-01
8.000000000000000444e-01
8.000000000000000444e-01
7.583802766074678736e-01
8.000000000000000444e-01
8.000000000000000444e-01
8.000000000000000444e-01
7.235340400755432277e-01
8.000000000000000444e-01
8.000000000000000444e-01
8.000000000000000444e-01
7.165565994626723612e-01
8.000000000000000444e-01
8.000000000000000444e-01
7.981525217808881356e-01
7.521568869896323450e-01
8.000000000000000444e-01
8.000000000000000444e-01
8.000000000000000444e-01
6.835129749994358628e-01
8.000000000000000444e-01
8.000000000000000444e-01
8.000000000000000444e-01
7.611773936262395956e-01
8.000000000000000444e-01
8.000000000000000444e-01
8.000000000000000444e-01
7.355716483404923789e-01
8.000000000000000444e-01
8.000000000000000444e-01
8.000000000000000444e-01
7.625081249073050182e-01
8.000000000000000444e-01
8.000000000000000444e-01
8.000000000000000444e-01
6.748639683581133530e-01
8.000000000000000444e-01
8.000000000000000444e-01
8.000000000000000444e-01
7.654762449848462325e-01
8.000000000000000444e-01
8.000000000000000444e-01
8.000000000000000444e-01
7.285070866071539086e-01
7.997168930977422985e-01
8.000000000000000444e-01
8.000000000000000444e-01
7.276674901624792247e-01
8.000000000000000444e-01
8.000000000000000444e-01
8.000000000000000444e-01
7.112449114278027729e-01
8.000000000000000444e-01
8.000000000000000444e-01
8.000000000000000444e-01
6.644802043476100151e-01
8.000000000000000444e-01
8.000000000000000444e-01
8.000000000000000444e-01
7.183878188482215599e-01
8.000000000000000444e-01
8.000000000000000444e-01
8.000000000000000444e-01
6.829392405197249882e-01
7.988675083658384191e-01
8.000000000000000444e-01
8.000000000000000444e-01
6.993439630086817349e-01
8.000000000000000444e-01
7.935194001722827295e-01
8.000000000000000444e-01
7.353026389514313310e-01
8.000000000000000444e-01
8.000000000000000444e-01
6.908275922776722089e-01
8.000000000000000444e-01
8.000000000000000444e-01
7.990875642292435410e-01
6.990074288409130476e-01
7.203178388203818061e-01
8.000000000000000444e-01
8.000000000000000444e-01
8.000000000000000444e-01
7.223215544859661330e-01
8.000000000000000444e-01
8.000000000000000444e-01
8.000000000000000444e-01
7.122494122812503825e-01
8.000000000000000444e-01
8.000000000000000444e-01
7.969367517555019376e-01
6.785281544915469087e-01
8.000000000000000444e-01
8.000000000000000444e-01
8.000000000000000444e-01
6.639691836523153867e-01
8.000000000000000444e-01
8.000000000000000444e-01
8.000000000000000444e-01
7.013769178295836682e-01
8.000000000000000444e-01
8.000000000000000444e-01
8.000000000000000444e-01
6.883147983306044937e-01
8.000000000000000444e-01
8.000000000000000444e-01
8.000000000000000444e-01
7.051103299309611216e-01
8.000000000000000444e-01
8.000000000000000444e-01
8.000000000000000444e-01
7.014839371854154626e-01
8.000000000000000444e-01
7.992893752804767216e-01
8.000000000000000444e-01
7.185745788484289021e-01
7.973248577794460612e-01
8.000000000000000444e-01
8.000000000000000444e-01
7.411938791267557169e-01
8.000000000000000444e-01
8.000000000000000444e-01
8.000000000000000444e-01
7.767106219967160330e-01
8.000000000000000444e-01
7.990116116062373486e-01
7.454794741371622013e-01
7.973159718729337930e-01
8.000000000000000444e-01
8.000000000000000444e-01
7.448401458296578515e-01
8.000000000000000444e-01
8.000000000000000444e-01
7.531227243823377382e-01
8.000000000000000444e-01
8.000000000000000444e-01
8.000000000000000444e-01
7.337482297695308020e-01
8.000000000000000444e-01
8.000000000000000444e-01
8.000000000000000444e-01
6.965721438971489432e-01
8.000000000000000444e-01
8.000000000000000444e-01
8.000000000000000444e-01
7.417471846508928435e-01
8.000000000000000444e-01
7.376106801758317566e-01
8.000000000000000444e-01
8.000000000000000444e-01
8.000000000000000444e-01
6.984049736940801667e-01
8.000000000000000444e-01
8.000000000000000444e-01
7.980530608780485036e-01
6.637434338104593046e-01
8.000000000000000444e-01
8.000000000000000444e-01
8.000000000000000444e-01
6.886198250342898675e-01
8.000000000000000444e-01
8.000000000000000444e-01
8.000000000000000444e-01
6.832321263804109757e-01
8.000000000000000444e-01
8.000000000000000444e-01
7.427502308868216829e-01
8.000000000000000444e-01
8.000000000000000444e-01
7.471079973163892163e-01
8.000000000000000444e-01
8.000000000000000444e-01
8.000000000000000444e-01
7.302216155809683196e-01
8.000000000000000444e-01
8.000000000000000444e-01
8.000000000000000444e-01
6.846658957024381875e-01
8.000000000000000444e-01
8.000000000000000444e-01
8.000000000000000444e-01
7.258314623360142548e-01
8.000000000000000444e-01
7.983451680664155337e-01
8.000000000000000444e-01
7.576443468361215849e-01
8.000000000000000444e-01
8.000000000000000444e-01
6.890939819259110921e-01
8.000000000000000444e-01
8.000000000000000444e-01
8.000000000000000444e-01
6.993271702662423595e-01
8.000000000000000444e-01
8.000000000000000444e-01
8.000000000000000444e-01
7.195741805111222078e-01
8.000000000000000444e-01
8.000000000000000444e-01
8.000000000000000444e-01
6.911361877366988260e-01
7.949458914717296709e-01
8.000000000000000444e-01
8.000000000000000444e-01
7.475145698585766718e-01
8.000000000000000444e-01
8.000000000000000444e-01
7.994831026545635710e-01
6.862184321935758113e-01
8.000000000000000444e-01
8.000000000000000444e-01
7.984821633542351638e-01
7.455731557045360836e-01
8.000000000000000444e-01
7.972048010826852105e-01
8.000000000000000444e-01
6.988098989179034604e-01
8.000000000000000444e-01
8.000000000000000444e-01
8.000000000000000444e-01
7.384827552038464304e-01
8.000000000000000444e-01
8.000000000000000444e-01
8.000000000000000444e-01
7.427802867905120010e-01
8.000000000000000444e-01
8.000000000000000444e-01
7.967158239053709901e-01
6.866296738015963408e-01
8.000000000000000444e-01
8.000000000000000444e-01
8.000000000000000444e-01
7.168827691584799267e-01
8.000000000000000444e-01
6.939837039352928505e-01
8.000000000000000444e-01
8.000000000000000444e-01
7.967341204179935188e-01
7.544565392302531315e-01
8.000000000000000444e-01
8.000000000000000444e-01
8.000000000000000444e-01
7.019932489299848255e-01
8.000000000000000444e-01
8.000000000000000444e-01
6.789987418442527956e-01
8.000000000000000444e-01
8.000000000000000444e-01
8.000000000000000444e-01
6.572090734902501508e-01
8.000000000000000444e-01
8.000000000000000444e-01
8.000000000000000444e-01
7.060519124790364254e-01
8.000000000000000444e-01
8.000000000000000444e-01
7.498073990464116934e-01
8.000000000000000444e-01
8.000000000000000444e-01
8.000000000000000444e-01
7.105459567844725211e-01
8.000000000000000444e-01
8.000000000000000444e-01
6.792847493753992882e-01
8.000000000000000444e-01
8.000000000000000444e-01
8.000000000000000444e-01
7.361443571615611248e-01
8.000000000000000444e-01
8.000000000000000444e-01
8.000000000000000444e-01
6.795109389459657034e-01
7.893774784032959735e-01
8.000000000000000444e-01
8.000000000000000444e-01
7.071232759228865961e-01
8.000000000000000444e-01
7.987318627147882433e-01
8.000000000000000444e-01
7.626793979025348058e-01
8.000000000000000444e-01
7.858249716145565555e-01
7.972772289095527709e-01
7.559609942809538685e-01
8.000000000000000444e-01
8.000000000000000444e-01
7.169764686216271166e-01
8.000000000000000444e-01
8.000000000000000444e-01
7.934043186477401921e-01
7.277477116657492529e-01
7.922195068371357118e-01
8.000000000000000444e-01
8.000000000000000444e-01
6.696548027514349632e-01
8.000000000000000444e-01
8.000000000000000444e-01
8.000000000000000444e-01
7.502836794274041488e-01
8.000000000000000444e-01
7.047043630498429634e-01
8.000000000000000444e-01
8.000000000000000444e-01
7.050964252069653604e-01
8.000000000000000444e-01
8.000000000000000444e-01
8.000000000000000444e-01
7.575296723774600505e-01
8.000000000000000444e-01
8.000000000000000444e-01
8.000000000000000444e-01
7.327342886312244730e-01
8.000000000000000444e-01
8.000000000000000444e-01
6.946362956461276106e-01
8.000000000000000444e-01
8.000000000000000444e-01
8.000000000000000444e-01
7.501573486190643569e-01
8.000000000000000444e-01
7.954002513135229879e-01
7.922023678265789348e-01
7.024091317211238472e-01
8.000000000000000444e-01
8.000000000000000444e-01
7.573919978078329507e-01
8.000000000000000444e-01
8.000000000000000444e-01
8.000000000000000444e-01
7.187769484739762182e-01
7.965327379724552737e-01
7.968274875420764403e-01
7.610963640888951387e-01
7.940609378642082827e-01
7.984273934640606640e-01
7.940303857586259451e-01
7.183758217807479918e-01
8.000000000000000444e-01
8.000000000000000444e-01
8.000000000000000444e-01
7.433658754877074948e-01
8.000000000000000444e-01
8.000000000000000444e-01
8.000000000000000444e-01
7.264577904611094761e-01
8.000000000000000444e-01
8.000000000000000444e-01
8.000000000000000444e-01
6.923729207130874252e-01
7.986076645815572972e-01
8.000000000000000444e-01
8.000000000000000444e-01
7.579670723233817853e-01
7.997555040333967913e-01
8.000000000000000444e-01
7.991686099267875099e-01
7.205333201101178364e-01
8.000000000000000444e-01
8.000000000000000444e-01
7.625525267324025913e-01
8.000000000000000444e-01
8.000000000000000444e-01
8.000000000000000444e-01
7.546400037380165404e-01
8.000000000000000444e-01
7.406035016510991165e-01
8.000000000000000444e-01
7.938216558346559149e-01
8.000000000000000444e-01
6.959918806424618687e-01
8.000000000000000444e-01
8.000000000000000444e-01
8.000000000000000444e-01
7.345803005648527950e-01
8.000000000000000444e-01
8.000000000000000444e-01
8.000000000000000444e-01
7.509923382411044512e-01
8.000000000000000444e-01
8.000000000000000444e-01
6.815946953903320171e-01
8.000000000000000444e-01
8.000000000000000444e-01
8.000000000000000444e-01
7.464244964360575718e-01
8.000000000000000444e-01
8.000000000000000444e-01
8.000000000000000444e-01
7.581858331657954642e-01
8.000000000000000444e-01
8.000000000000000444e-01
8.000000000000000444e-01
6.822212606405232416e-01
8.000000000000000444e-01
8.000000000000000444e-01
8.000000000000000444e-01
6.908152924925607952e-01
8.000000000000000444e-01
8.000000000000000444e-01
8.000000000000000444e-01
6.753312364531657286e-01
8.000000000000000444e-01
8.000000000000000444e-01
8.000000000000000444e-01
6.962791739468774388e-01
8.000000000000000444e-01
8.000000000000000444e-01
6.619007187692047545e-01
8.000000000000000444e-01
8.000000000000000444e-01
8.000000000000000444e-01
7.385613325614110991e-01
8.000000000000000444e-01
8.000000000000000444e-01
6.799265086632424460e-01
8.000000000000000444e-01
8.000000000000000444e-01
8.000000000000000444e-01
7.445179187048659442e-01
8.000000000000000444e-01
6.694914276609708059e-01
8.000000000000000444e-01
7.960460741777098947e-01
6.808765287156256507e-01
7.962871952816333865e-01
8.000000000000000444e-01
7.422771844690065901e-01
8.000000000000000444e-01
7.887593112660730155e-01
7.485393440009689980e-01
8.000000000000000444e-01
7.929370263456263501e-01
8.000000000000000444e-01
7.475137034710788164e-01
7.980139043067324689e-01
8.000000000000000444e-01
7.108830777981417492e-01
8.000000000000000444e-01
8.000000000000000444e-01
7.865369570576252745e-01
7.032298171504206552e-01
8.000000000000000444e-01
8.000000000000000444e-01
8.000000000000000444e-01
7.279320049097334211e-01
7.998103896345273300e-01
8.000000000000000444e-01
8.000000000000000444e-01
7.522300095660650054e-01
8.000000000000000444e-01
8.000000000000000444e-01
7.236982680843641047e-01
8.000000000000000444e-01
8.000000000000000444e-01
8.000000000000000444e-01
6.935041324383810490e-01
8.000000000000000444e-01
8.000000000000000444e-01
7.519666850873956143e-01
8.000000000000000444e-01
8.000000000000000444e-01
7.947625903227690802e-01
7.828431198880855257e-01
8.000000000000000444e-01
8.000000000000000444e-01
8.000000000000000444e-01
8.000000000000000444e-01
8.000000000000000444e-01
7.216921182831330661e-01
8.000000000000000444e-01
8.000000000000000444e-01
6.939426273436201109e-01
8.000000000000000444e-01
8.000000000000000444e-01
8.000000000000000444e-01
7.091886657504432590e-01
8.000000000000000444e-01
8.000000000000000444e-01
8.000000000000000444e-01
6.887355069260985285e-01
7.914814640235112719e-01
6.748913528225655156e-01
8.000000000000000444e-01
8.000000000000000444e-01
7.341921023591909679e-01
8.000000000000000444e-01
7.907355122941055470e-01
7.927803993358468748e-01
7.355803043539274055e-01
8.000000000000000444e-01
8.000000000000000444e-01
8.000000000000000444e-01
6.951787526617466684e-01
8.000000000000000444e-01
8.000000000000000444e-01
7.030330210725252993e-01
7.930673532527787728e-01
8.000000000000000444e-01
8.000000000000000444e-01
7.225093488175040601e-01
8.000000000000000444e-01
8.000000000000000444e-01
8.000000000000000444e-01
7.540477430103007528e-01
8.000000000000000444e-01
8.000000000000000444e-01
8.000000000000000444e-01
7.111741057189772119e-01
7.958057066470782814e-01
8.000000000000000444e-01
8.000000000000000444e-01
7.126795304796769148e-01
8.000000000000000444e-01
7.998846785508787471e-01
8.000000000000000444e-01
7.158718442643884350e-01
7.951403620147997620e-01
8.000000000000000444e-01
8.000000000000000444e-01
6.868004613934974856e-01
8.000000000000000444e-01
7.873334932345947834e-01
8.000000000000000444e-01
7.137256329600699667e-01
8.000000000000000444e-01
8.000000000000000444e-01
8.000000000000000444e-01
7.362563094022820387e-01
8.000000000000000444e-01
8.000000000000000444e-01
8.000000000000000444e-01
7.008499821935421092e-01
8.000000000000000444e-01
8.000000000000000444e-01
8.000000000000000444e-01
6.790048340766072776e-01
8.000000000000000444e-01
7.967150077196710756e-01
7.024399929185864977e-01
8.000000000000000444e-01
8.000000000000000444e-01
8.000000000000000444e-01
