7.651489741445761661e-01
8.000000000000000444e-01
8.000000000000000444e-01
7.999999999999998224e-01
7.302021595519642139e-01
8.000000000000000444e-01
8.000000000000000444e-01
8.000000000000000444e-01
7.689717205559869484e-01
7.992448598882592181e-01
8.000000000000000444e-01
8.000000000000000444e-01
7.377712698405313185e-01
8.000000000000000444e-01
8.000000000000000444e-01
8.000000000000000444e-01
7.619887284056680032e-01
8.000000000000000444e-01
8.000000000000000444e-01
8.000000000000000444e-01
7.384363709996440983e-01
8.000000000000000444e-01
8.000000000000000444e-01
8.000000000000000444e-01
7.748334372821175098e-01
8.000000000000000444e-01
8.000000000000000444e-01
8.000000000000000444e-01
7.604052700750368876e-01
8.000000000000000444e-01
8.000000000000000444e-01
8.000000000000000444e-01
7.575702407985368536e-01
8.000000000000000444e-01
8.000000000000000444e-01
8.000000000000000444e-01
7.736130775214562494e-01
8.000000000000000444e-01
8.000000000000000444e-01
8.000000000000000444e-01
7.476017330612643175e-01
8.000000000000000444e-01
8.000000000000000444e-01
8.000000000000000444e-01
7.692116004375257887e-01
8.000000000000000444e-01
8.000000000000000444e-01
8.000000000000000444e-01
7.483336909345765786e-01
8.000000000000000444e-01
7.894179514241466133e-01
8.000000000000000444e-01
7.524793021046733976e-01
8.000000000000000444e-01
8.000000000000000444e-01
8.000000000000000444e-01
7.298502577954640858e-01
8.000000000000000444e-01
8.000000000000000444e-01
8.000000000000000444e-01
7.606169405516668425e-01
8.000000000000000444e-01
8.000000000000000444e-01
8.000000000000000444e-01
7.254302258150020499e-01
7.991628484034174473e-01
8.000000000000000444e-01
8.000000000000000444e-01
7.244793317863884585e-01
8.000000000000000444e-01
8.000000000000000444e-01
8.000000000000000444e-01
7.518251021624970942e-01
8.000000000000000444e-01
8.000000000000000444e-01
8.000000000000000444e-01
7.522119337994654931e-01
8.000000000000000444e-01
8.000000000000000444e-01
8.000000000000000444e-01
7.525259124442549297e-01
8.000000000000000444e-01
8.000000000000000444e-01
8.000000000000000444e-01
7.380847955320538611e-01
8.000000000000000444e-01
7.999195513148671388e-01
8.000000000000000444e-01
7.496229213941593139e-01
8.000000000000000444e-01
8.000000000000000444e-01
8.000000000000000444e-01
7.497168759490441259e-01
8.000000000000000444e-01
8.000000000000000444e-01
8.000000000000000444e-01
7.479240368693150787e-01
8.000000000000000444e-01
7.980371316609176091e-01
8.000000000000000444e-01
7.470364933935831342e-01
8.000000000000000444e-01
8.000000000000000444e-01
8.000000000000000444e-01
7.343105832160792268e-01
8.000000000000000444e-01
8.000000000000000444e-01
8.000000000000000444e-01
7.644157336316959039e-01
8.000000000000000444e-01
7.530207374520434538e-01
8.000000000000000444e-01
8.000000000000000444e-01
8.000000000000000444e-01
7.587615578826397700e-01
8.000000000000000444e-01
7.363703818706335280e-01
8.000000000000000444e-01
8.000000000000000444e-01
8.000000000000000444e-01
7.236489927438993774e-01
8.000000000000000444e-01
8.000000000000000444e-01
8.000000000000000444e-01
7.361973247027095990e-01
8.000000000000000444e-01
8.000000000000000444e-01
8.000000000000000444e-01
7.435003879339002753e-01
8.000000000000000444e-01
8.000000000000000444e-01
8.000000000000000444e-01
7.387065779186257064e-01
8.000000000000000444e-01
8.000000000000000444e-01
8.000000000000000444e-01
7.332471142160260635e-01
8.000000000000000444e-01
8.000000000000000444e-01
8.000000000000000444e-01
7.722825802985855415e-01
8.000000000000000444e-01
8.000000000000000444e-01
7.371547781466096794e-01
8.000000000000000444e-01
8.000000000000000444e-01
8.000000000000000444e-01
7.497036743441211071e-01
8.000000000000000444e-01
8.000000000000000444e-01
7.901466133708655581e-01
8.000000000000000444e-01
8.000000000000000444e-01
8.000000000000000444e-01
7.538784461199234954e-01
7.999939026296860600e-01
8.000000000000000444e-01
8.000000000000000444e-01
8.000000000000000444e-01
8.000000000000000444e-01
7.663051012816953778e-01
8.000000000000000444e-01
8.000000000000000444e-01
8.000000000000000444e-01
7.617000911617458625e-01
8.000000000000000444e-01
8.000000000000000444e-01
8.000000000000000444e-01
8.000000000000000444e-01
7.671823775625092878e-01
8.000000000000000444e-01
8.000000000000000444e-01
8.000000000000000444e-01
8.000000000000000444e-01
7.654918549462941257e-01
8.000000000000000444e-01
7.971179549473060844e-01
8.000000000000000444e-01
7.488610080625006660e-01
8.000000000000000444e-01
8.000000000000000444e-01
7.988059215104637012e-01
7.559552460688130360e-01
8.000000000000000444e-01
8.000000000000000444e-01
8.000000000000000444e-01
8.000000000000000444e-01
8.000000000000000444e-01
7.585863254739660944e-01
8.000000000000000444e-01
8.000000000000000444e-01
8.000000000000000444e-01
7.486154484548411814e-01
8.000000000000000444e-01
8.000000000000000444e-01
8.000000000000000444e-01
7.456618911998704746e-01
8.000000000000000444e-01
8.000000000000000444e-01
8.000000000000000444e-01
7.301016980375617527e-01
8.000000000000000444e-01
8.000000000000000444e-01
8.000000000000000444e-01
8.000000000000000444e-01
8.000000000000000444e-01
8.000000000000000444e-01
7.567451954610524556e-01
8.000000000000000444e-01
8.000000000000000444e-01
8.000000000000000444e-01
7.416822151229299775e-01
8.000000000000000444e-01
8.000000000000000444e-01
8.000000000000000444e-01
7.556860638203991565e-01
8.000000000000000444e-01
8.000000000000000444e-01
7.468446823703457360e-01
8.000000000000000444e-01
8.000000000000000444e-01
7.624822708247869230e-01
8.000000000000000444e-01
8.000000000000000444e-01
7.666270686847826976e-01
7.984104154378705021e-01
8.000000000000000444e-01
8.000000000000000444e-01
7.485342763041361591e-01
7.959293862802619968e-01
8.000000000000000444e-01
8.000000000000000444e-01
7.659296836092991390e-01
8.000000000000000444e-01
8.000000000000000444e-01
8.000000000000000444e-01
7.409923213893134797e-01
7.930550115960653956e-01
8.000000000000000444e-01
8.000000000000000444e-01
7.421953560579886977e-01
8.000000000000000444e-01
8.000000000000000444e-01
8.000000000000000444e-01
7.431620202899934524e-01
8.000000000000000444e-01
8.000000000000000444e-01
8.000000000000000444e-01
7.602023262742571008e-01
7.404582206336794981e-01
8.000000000000000444e-01
8.000000000000000444e-01
8.000000000000000444e-01
7.276674626837327242e-01
8.000000000000000444e-01
8.000000000000000444e-01
7.993431975582034887e-01
7.377677356342571269e-01
8.000000000000000444e-01
7.891475751003111938e-01
8.000000000000000444e-01
7.231385575155839796e-01
8.000000000000000444e-01
7.924065023571011945e-01
8.000000000000000444e-01
7.409381998357231769e-01
8.000000000000000444e-01
8.000000000000000444e-01
8.000000000000000444e-01
7.402378608083697298e-01
8.000000000000000444e-01
8.000000000000000444e-01
8.000000000000000444e-01
7.504486910552091716e-01
8.000000000000000444e-01
8.000000000000000444e-01
8.000000000000000444e-01
7.288956928837876381e-01
8.000000000000000444e-01
8.000000000000000444e-01
8.000000000000000444e-01
7.446364977523783901e-01
8.000000000000000444e-01
7.929609090249777337e-01
8.000000000000000444e-01
7.309813197719773337e-01
8.000000000000000444e-01
7.963360296886704548e-01
8.000000000000000444e-01
7.498778767265912304e-01
8.000000000000000444e-01
8.000000000000000444e-01
8.000000000000000444e-01
7.540645532405813034e-01
8.000000000000000444e-01
8.000000000000000444e-01
8.000000000000000444e-01
7.324847825758100672e-01
8.000000000000000444e-01
8.000000000000000444e-01
8.000000000000000444e-01
7.431907708348678421e-01
8.000000000000000444e-01
8.000000000000000444e-01
8.000000000000000444e-01
7.337324411052961182e-01
8.000000000000000444e-01
8.000000000000000444e-01
8.000000000000000444e-01
7.341804426033023967e-01
8.000000000000000444e-01
8.000000000000000444e-01
8.000000000000000444e-01
7.292622378614986856e-01
8.000000000000000444e-01
8.000000000000000444e-01
8.000000000000000444e-01
7.344591687484468556e-01
8.000000000000000444e-01
8.000000000000000444e-01
8.000000000000000444e-01
7.182600420790853368e-01
8.000000000000000444e-01
8.000000000000000444e-01
7.951874196212401769e-01
7.186488644648619806e-01
8.000000000000000444e-01
8.000000000000000444e-01
7.996028192536674961e-01
7.631820549062319214e-01
8.000000000000000444e-01
8.000000000000000444e-01
8.000000000000000444e-01
7.548831093781588342e-01
8.000000000000000444e-01
7.985033976572042391e-01
8.000000000000000444e-01
8.000000000000000444e-01
7.991708922687146277e-01
8.000000000000000444e-01
8.000000000000000444e-01
7.700728091164802391e-01
8.000000000000000444e-01
8.000000000000000444e-01
8.000000000000000444e-01
7.587316866516985447e-01
8.000000000000000444e-01
8.000000000000000444e-01
8.000000000000000444e-01
7.824326364910533238e-01
8.000000000000000444e-01
8.000000000000000444e-01
8.000000000000000444e-01
7.680605495493832979e-01
8.000000000000000444e-01
8.000000000000000444e-01
8.000000000000000444e-01
7.971882579262702384e-01
7.435468349772659247e-01
8.000000000000000444e-01
7.997597812842898168e-01
8.000000000000000444e-01
7.609888918962187665e-01
8.000000000000000444e-01
8.000000000000000444e-01
7.981912550855403410e-01
7.393730095520689716e-01
8.000000000000000444e-01
8.000000000000000444e-01
8.000000000000000444e-01
7.491218494503776304e-01
8.000000000000000444e-01
8.000000000000000444e-01
7.359693590642047978e-01
7.945600602494055087e-01
7.924608861899985479e-01
8.000000000000000444e-01
7.543119923138368321e-01
8.000000000000000444e-01
8.000000000000000444e-01
8.000000000000000444e-01
7.215299757920515811e-01
7.933737694349471958e-01
8.000000000000000444e-01
8.000000000000000444e-01
7.416684919601753689e-01
8.000000000000000444e-01
8.000000000000000444e-01
7.548954340692574094e-01
8.000000000000000444e-01
8.000000000000000444e-01
8.000000000000000444e-01
7.308092855080563499e-01
8.000000000000000444e-01
8.000000000000000444e-01
8.000000000000000444e-01
7.604960942776426425e-01
7.983756685676964837e-01
7.371360679380623004e-01
8.000000000000000444e-01
8.000000000000000444e-01
8.000000000000000444e-01
7.323301161597727260e-01
8.000000000000000444e-01
8.000000000000000444e-01
7.941806228589456396e-01
7.587626432753852290e-01
7.568124022287021635e-01
8.000000000000000444e-01
8.000000000000000444e-01
7.526985146832829709e-01
8.000000000000000444e-01
8.000000000000000444e-01
8.000000000000000444e-01
7.229634385624108539e-01
8.000000000000000444e-01
8.000000000000000444e-01
8.000000000000000444e-01
7.338795920944292117e-01
8.000000000000000444e-01
8.000000000000000444e-01
8.000000000000000444e-01
7.349619124886856980e-01
8.000000000000000444e-01
8.000000000000000444e-01
8.000000000000000444e-01
7.478980087627876694e-01
8.000000000000000444e-01
8.000000000000000444e-01
8.000000000000000444e-01
7.366551930904386980e-01
8.000000000000000444e-01
8.000000000000000444e-01
7.959330682743931407e-01
7.510328726759297746e-01
8.000000000000000444e-01
8.000000000000000444e-01
8.000000000000000444e-01
7.371111723920504843e-01
8.000000000000000444e-01
8.000000000000000444e-01
8.000000000000000444e-01
7.994918521948135570e-01
8.000000000000000444e-01
7.551071245350948757e-01
8.000000000000000444e-01
8.000000000000000444e-01
8.000000000000000444e-01
7.745004587524764172e-01
8.000000000000000444e-01
8.000000000000000444e-01
7.589783028083086913e-01
8.000000000000000444e-01
8.000000000000000444e-01
8.000000000000000444e-01
7.756783523622966525e-01
8.000000000000000444e-01
7.495934185885039236e-01
7.973270322576405666e-01
8.000000000000000444e-01
8.000000000000000444e-01
7.613699375611053810e-01
8.000000000000000444e-01
8.000000000000000444e-01
8.000000000000000444e-01
7.677232307911032727e-01
8.000000000000000444e-01
8.000000000000000444e-01
8.000000000000000444e-01
7.509056199195982551e-01
8.000000000000000444e-01
8.000000000000000444e-01
8.000000000000000444e-01
7.347273519066631620e-01
8.000000000000000444e-01
8.000000000000000444e-01
8.000000000000000444e-01
7.603964571304090425e-01
8.000000000000000444e-01
8.000000000000000444e-01
8.000000000000000444e-01
7.481563065622220954e-01
8.000000000000000444e-01
8.000000000000000444e-01
8.000000000000000444e-01
7.626003550445838997e-01
8.000000000000000444e-01
8.000000000000000444e-01
8.000000000000000444e-01
7.391848856459161121e-01
8.000000000000000444e-01
8.000000000000000444e-01
8.000000000000000444e-01
7.531278184592850033e-01
8.000000000000000444e-01
8.000000000000000444e-01
7.991870614254453775e-01
7.526390000735752039e-01
8.000000000000000444e-01
8.000000000000000444e-01
8.000000000000000444e-01
7.261354381722350260e-01
8.000000000000000444e-01
8.000000000000000444e-01
8.000000000000000444e-01
7.549184942255204867e-01
8.000000000000000444e-01
8.000000000000000444e-01
8.000000000000000444e-01
7.497517523404558792e-01
8.000000000000000444e-01
8.000000000000000444e-01
8.000000000000000444e-01
7.587894800554572106e-01
8.000000000000000444e-01
8.000000000000000444e-01
8.000000000000000444e-01
7.410895593381372493e-01
8.000000000000000444e-01
8.000000000000000444e-01
8.000000000000000444e-01
7.373593382155345655e-01
8.000000000000000444e-01
8.000000000000000444e-01
8.000000000000000444e-01
7.474566006455811706e-01
7.998713596531462633e-01
8.000000000000000444e-01
8.000000000000000444e-01
7.379028702952513674e-01
8.000000000000000444e-01
8.000000000000000444e-01
8.000000000000000444e-01
7.404727677412100695e-01
8.000000000000000444e-01
8.000000000000000444e-01
8.000000000000000444e-01
7.168788308019600208e-01
8.000000000000000444e-01
7.993277755186329880e-01
7.986855529859062663e-01
7.251680285339496823e-01
8.000000000000000444e-01
8.000000000000000444e-01
8.000000000000000444e-01
7.293429915272525710e-01
7.995069293182540671e-01
8.000000000000000444e-01
8.000000000000000444e-01
7.190530243479802408e-01
8.000000000000000444e-01
7.951628424264006734e-01
8.000000000000000444e-01
7.322809170604092088e-01
8.000000000000000444e-01
8.000000000000000444e-01
7.162073148385837973e-01
7.994661285105817417e-01
8.000000000000000444e-01
7.994117872908410583e-01
7.396110187286848436e-01
7.357582928570576275e-01
8.000000000000000444e-01
8.000000000000000444e-01
8.000000000000000444e-01
7.246325832347625395e-01
8.000000000000000444e-01
8.000000000000000444e-01
8.000000000000000444e-01
7.327882417340617627e-01
8.000000000000000444e-01
8.000000000000000444e-01
7.984998681317033720e-01
7.199231134073204030e-01
8.000000000000000444e-01
8.000000000000000444e-01
8.000000000000000444e-01
7.168208477389503841e-01
8.000000000000000444e-01
7.975176978087865631e-01
7.971760596353429928e-01
7.232520215760979143e-01
8.000000000000000444e-01
8.000000000000000444e-01
8.000000000000000444e-01
7.281103856923160089e-01
8.000000000000000444e-01
8.000000000000000444e-01
8.000000000000000444e-01
7.285302442701178105e-01
8.000000000000000444e-01
8.000000000000000444e-01
8.000000000000000444e-01
7.224889344312769301e-01
8.000000000000000444e-01
7.994277691071937086e-01
8.000000000000000444e-01
7.275435441073327958e-01
7.989039418537600135e-01
8.000000000000000444e-01
8.000000000000000444e-01
7.454560432939740799e-01
8.000000000000000444e-01
8.000000000000000444e-01
8.000000000000000444e-01
7.550204312392810868e-01
8.000000000000000444e-01
7.995913810476665828e-01
7.407302544000924360e-01
7.987187432703698464e-01
8.000000000000000444e-01
8.000000000000000444e-01
7.687945916888178077e-01
8.000000000000000444e-01
8.000000000000000444e-01
7.531186971080688908e-01
8.000000000000000444e-01
8.000000000000000444e-01
8.000000000000000444e-01
7.555574825064236277e-01
8.000000000000000444e-01
8.000000000000000444e-01
8.000000000000000444e-01
7.465004014201293003e-01
8.000000000000000444e-01
8.000000000000000444e-01
8.000000000000000444e-01
7.478936904796243956e-01
8.000000000000000444e-01
7.394569328612894399e-01
8.000000000000000444e-01
8.000000000000000444e-01
8.000000000000000444e-01
7.294702759691509275e-01
8.000000000000000444e-01
8.000000000000000444e-01
7.989473698680717995e-01
7.186246834967644492e-01
8.000000000000000444e-01
8.000000000000000444e-01
7.995788686719992322e-01
7.289717095352504783e-01
8.000000000000000444e-01
8.000000000000000444e-01
8.000000000000000444e-01
7.299495043646963000e-01
8.000000000000000444e-01
8.000000000000000444e-01
7.426684448917985071e-01
8.000000000000000444e-01
8.000000000000000444e-01
7.390138327566933008e-01
8.000000000000000444e-01
8.000000000000000444e-01
8.000000000000000444e-01
7.175201128212440604e-01
8.000000000000000444e-01
8.000000000000000444e-01
8.000000000000000444e-01
7.270381332298788690e-01
8.000000000000000444e-01
8.000000000000000444e-01
8.000000000000000444e-01
7.347126687411149604e-01
8.000000000000000444e-01
7.989168623126159385e-01
8.000000000000000444e-01
7.511705574865243928e-01
8.000000000000000444e-01
8.000000000000000444e-01
7.449724813188509653e-01
8.000000000000000444e-01
8.000000000000000444e-01
8.000000000000000444e-01
7.324251162475211574e-01
8.000000000000000444e-01
8.000000000000000444e-01
8.000000000000000444e-01
7.523261571019623783e-01
8.000000000000000444e-01
8.000000000000000444e-01
8.000000000000000444e-01
7.345507244862095053e-01
7.978252829227906462e-01
8.000000000000000444e-01
8.000000000000000444e-01
7.287469356440405832e-01
8.000000000000000444e-01
8.000000000000000444e-01
7.990895472362481433e-01
7.214801040325686809e-01
8.000000000000000444e-01
8.000000000000000444e-01
7.985953303175348239e-01
7.395384226855274967e-01
8.000000000000000444e-01
7.983245559733831431e-01
8.000000000000000444e-01
7.183047901546703029e-01
8.000000000000000444e-01
7.989651641603460197e-01
7.992362487122344206e-01
7.281742487343448866e-01
8.000000000000000444e-01
8.000000000000000444e-01
8.000000000000000444e-01
7.212352735186170483e-01
8.000000000000000444e-01
8.000000000000000444e-01
7.972123131919628403e-01
7.197421337550241605e-01
8.000000000000000444e-01
8.000000000000000444e-01
8.000000000000000444e-01
7.448827423966226657e-01
8.000000000000000444e-01
7.175318274256257123e-01
8.000000000000000444e-01
8.000000000000000444e-01
7.977750668060780148e-01
7.269262055438929782e-01
8.000000000000000444e-01
8.000000000000000444e-01
8.000000000000000444e-01
7.380685156540102154e-01
8.000000000000000444e-01
8.000000000000000444e-01
7.162680624602353330e-01
7.983765639468493047e-01
7.954925302363715645e-01
7.987036217582270670e-01
7.179849843908123752e-01
8.000000000000000444e-01
7.994709647061329916e-01
7.991131217892436522e-01
7.307732219476100743e-01
8.000000000000000444e-01
8.000000000000000444e-01
7.235302583909981600e-01
8.000000000000000444e-01
8.000000000000000444e-01
8.000000000000000444e-01
7.179974007969144312e-01
8.000000000000000444e-01
8.000000000000000444e-01
7.180183288259962548e-01
8.000000000000000444e-01
8.000000000000000444e-01
7.997985121938185893e-01
7.216368077267955039e-01
8.000000000000000444e-01
8.000000000000000444e-01
8.000000000000000444e-01
7.172430630509171179e-01
7.912844701193635366e-01
7.985057191591981018e-01
7.984896143251382084e-01
7.179380284218138675e-01
7.992406038302639626e-01
7.986223110818597704e-01
7.978418212046527458e-01
7.299853087117341710e-01
8.000000000000000444e-01
7.860019801301153519e-01
7.942700292981420551e-01
7.378638723643700104e-01
8.000000000000000444e-01
8.000000000000000444e-01
7.197410265925531236e-01
8.000000000000000444e-01
8.000000000000000444e-01
7.860293058764628027e-01
7.278834038053367816e-01
7.960065318293872982e-01
8.000000000000000444e-01
8.000000000000000444e-01
7.246898903387786195e-01
8.000000000000000444e-01
8.000000000000000444e-01
8.000000000000000444e-01
7.365875246031401424e-01
8.000000000000000444e-01
7.462722367705747484e-01
8.000000000000000444e-01
8.000000000000000444e-01
7.247875468487601225e-01
8.000000000000000444e-01
8.000000000000000444e-01
8.000000000000000444e-01
7.391810332401071992e-01
8.000000000000000444e-01
8.000000000000000444e-01
8.000000000000000444e-01
7.449128248152561138e-01
8.000000000000000444e-01
8.000000000000000444e-01
7.225708450142335204e-01
8.000000000000000444e-01
8.000000000000000444e-01
8.000000000000000444e-01
7.421358186404435342e-01
8.000000000000000444e-01
7.970695679108560361e-01
7.941583655244701667e-01
7.418035656058685756e-01
8.000000000000000444e-01
8.000000000000000444e-01
7.419970435896297012e-01
8.000000000000000444e-01
8.000000000000000444e-01
8.000000000000000444e-01
7.406815446441820106e-01
7.983822095473978031e-01
7.985345337497407048e-01
7.340831096091934294e-01
7.963729517784124967e-01
7.977091174785915229e-01
7.894266872597054396e-01
7.186001772101773266e-01
8.000000000000000444e-01
8.000000000000000444e-01
7.997333531774505344e-01
7.264610048458738367e-01
8.000000000000000444e-01
8.000000000000000444e-01
8.000000000000000444e-01
7.259609930301731406e-01
8.000000000000000444e-01
8.000000000000000444e-01
8.000000000000000444e-01
7.188950687732930112e-01
7.983850170232290600e-01
8.000000000000000444e-01
8.000000000000000444e-01
7.348952985044333586e-01
7.996532488830656593e-01
8.000000000000000444e-01
7.989530658348725778e-01
7.392893833117683000e-01
8.000000000000000444e-01
8.000000000000000444e-01
7.447598038218854466e-01
8.000000000000000444e-01
8.000000000000000444e-01
8.000000000000000444e-01
7.426923190123165819e-01
8.000000000000000444e-01
7.434948652952096948e-01
8.000000000000000444e-01
7.956224066783103011e-01
8.000000000000000444e-01
7.173466709695586196e-01
8.000000000000000444e-01
7.994810365856009904e-01
7.995913926482182132e-01
7.381386572735414431e-01
8.000000000000000444e-01
8.000000000000000444e-01
8.000000000000000444e-01
7.446798944342871707e-01
8.000000000000000444e-01
8.000000000000000444e-01
7.320896297954139209e-01
8.000000000000000444e-01
8.000000000000000444e-01
8.000000000000000444e-01
7.336300101044450628e-01
8.000000000000000444e-01
8.000000000000000444e-01
8.000000000000000444e-01
7.356759382997026808e-01
8.000000000000000444e-01
8.000000000000000444e-01
8.000000000000000444e-01
7.172976273971964911e-01
8.000000000000000444e-01
8.000000000000000444e-01
7.985438677088827486e-01
7.359081732407085630e-01
8.000000000000000444e-01
8.000000000000000444e-01
8.000000000000000444e-01
7.258924255616446830e-01
8.000000000000000444e-01
8.000000000000000444e-01
8.000000000000000444e-01
7.135183022002228315e-01
7.971888251008457660e-01
7.908875895612940132e-01
7.158389625852199512e-01
8.000000000000000444e-01
7.991566375513261544e-01
7.965914385237501394e-01
7.264663144443065379e-01
8.000000000000000444e-01
8.000000000000000444e-01
7.147482722674423083e-01
8.000000000000000444e-01
7.994235116960928256e-01
7.942058982091563246e-01
7.266397456062906324e-01
8.000000000000000444e-01
7.124158193733576283e-01
7.923094072786495135e-01
7.937547314879339622e-01
7.287175090623788654e-01
7.983470528371235941e-01
8.000000000000000444e-01
7.294761206722913949e-01
8.000000000000000444e-01
7.900712229133844966e-01
7.168433439620799374e-01
7.990696835202939496e-01
7.959550755462583282e-01
7.961863963630249064e-01
7.228750171119074919e-01
7.990695010036827917e-01
8.000000000000000444e-01
7.179876818606454325e-01
7.978960093648539420e-01
8.000000000000000444e-01
7.881176712191876321e-01
7.186812608617153542e-01
8.000000000000000444e-01
8.000000000000000444e-01
8.000000000000000444e-01
7.193204849223638897e-01
7.982464121639036847e-01
7.949710542060102192e-01
7.974748282930085308e-01
7.242491523425652611e-01
8.000000000000000444e-01
8.000000000000000444e-01
7.259772640822678147e-01
8.000000000000000444e-01
8.000000000000000444e-01
8.000000000000000444e-01
7.164173576049908121e-01
7.966551998764069831e-01
7.969772830111857553e-01
7.236888356773251152e-01
8.000000000000000444e-01
8.000000000000000444e-01
7.934434797509418713e-01
7.425581905684696116e-01
8.000000000000000444e-01
8.000000000000000444e-01
8.000000000000000444e-01
8.000000000000000444e-01
8.000000000000000444e-01
7.207538802530334410e-01
8.000000000000000444e-01
8.000000000000000444e-01
7.172238585660718480e-01
8.000000000000000444e-01
7.988791078350685471e-01
7.986103726536384340e-01
7.177448118625546769e-01
8.000000000000000444e-01
8.000000000000000444e-01
7.987432454283470706e-01
7.152553768754537078e-01
7.956434907557736746e-01
7.259145158803835818e-01
8.000000000000000444e-01
8.000000000000000444e-01
7.231446071208451620e-01
8.000000000000000444e-01
7.927284368812260729e-01
7.898684706904760544e-01
7.183738957341184728e-01
7.998837553721098725e-01
8.000000000000000444e-01
7.991934993007392407e-01
7.174663361033298825e-01
8.000000000000000444e-01
8.000000000000000444e-01
7.185512396570484794e-01
7.959628006112637877e-01
7.998911514637689901e-01
8.000000000000000444e-01
7.408557839666723988e-01
8.000000000000000444e-01
8.000000000000000444e-01
8.000000000000000444e-01
7.363476804213069382e-01
8.000000000000000444e-01
8.000000000000000444e-01
8.000000000000000444e-01
7.175583675583075971e-01
7.976957183377889615e-01
7.995373209389921021e-01
7.985037745088557903e-01
7.335672331055160811e-01
8.000000000000000444e-01
7.999339953082703625e-01
8.000000000000000444e-01
7.191943126023935262e-01
7.947529046101973194e-01
8.000000000000000444e-01
8.000000000000000444e-01
7.157525783759079996e-01
8.000000000000000444e-01
7.850439784016441935e-01
7.965551062981247599e-01
7.170841855327336756e-01
8.000000000000000444e-01
7.989078129375185577e-01
7.956075983002326435e-01
7.194849665029681152e-01
8.000000000000000444e-01
8.000000000000000444e-01
8.000000000000000444e-01
7.181156885694675029e-01
8.000000000000000444e-01
7.992903575855854204e-01
8.000000000000000444e-01
7.161476526598578030e-01
7.982615851934771189e-01
7.985730290575704382e-01
7.166539996205888441e-01
8.000000000000000444e-01
7.940845572671518804e-01
7.933845921225882725e-01
