7.371636168888792140e-01
7.579808660395471742e-01
7.912003628137144196e-01
8.000000000000000444e-01
6.705853483415978866e-01
6.698950884553370733e-01
6.642516948062195947e-01
6.702102352313248357e-01
7.251329799402663756e-01
7.238031668316184941e-01
6.984292100356156441e-01
7.248224074767071201e-01
6.668556770727239735e-01
6.857488021655501198e-01
6.821463278993170620e-01
6.532057012753305081e-01
6.541511329069771286e-01
6.492436595708310776e-01
6.496348936228193427e-01
6.497277602370902239e-01
6.697229387676029155e-01
6.550297440566108520e-01
6.705717043532819499e-01
6.555528468092775007e-01
6.492154936240172036e-01
6.742974086107723641e-01
6.689207920593720491e-01
6.524460286990609870e-01
6.492349654518587698e-01
6.680861536906885778e-01
6.498444206321992711e-01
6.492285174457341768e-01
6.495437503941999813e-01
6.526372313096842070e-01
6.503699045776095700e-01
6.492110141233128351e-01
6.685718909268881793e-01
6.827900943811747725e-01
6.691452412648971615e-01
6.637168291559955025e-01
6.495032938156157787e-01
6.515355149118784439e-01
6.506009014272629010e-01
6.549554767242359299e-01
6.828364033443410364e-01
7.138008534094509860e-01
7.066855146590725889e-01
6.666902486379656656e-01
6.701711886069752211e-01
6.702504726052910256e-01
6.670269224014926390e-01
6.704662620811122631e-01
6.569154535549321938e-01
6.627950962760693621e-01
6.688167792507303533e-01
6.546930996273098158e-01
6.663672664649539223e-01
6.679080454089264540e-01
6.705484910294876588e-01
6.624133281159698683e-01
6.564944910302472625e-01
6.598594252359336609e-01
6.524239965368865413e-01
6.605943826415552333e-01
6.610815227159893004e-01
6.492958129137814671e-01
6.695300534136133797e-01
6.522027230204194836e-01
6.704016377259872650e-01
6.705814049446190417e-01
6.597297307823970502e-01
6.664098121868412550e-01
6.705784095230161723e-01
6.504730576521021712e-01
6.704987684021054273e-01
6.683977179736096952e-01
7.136668825303826846e-01
6.698347889148585921e-01
8.000000000000000444e-01
7.360141147906995585e-01
6.984090081994992483e-01
7.253233118533953805e-01
6.507025900029358434e-01
7.226349008619621372e-01
6.650621168554775586e-01
7.284883499559746678e-01
6.507744485978738114e-01
6.684852422029313734e-01
6.648355896286738398e-01
6.581956611955528391e-01
6.492186524028200623e-01
6.543036121561901508e-01
6.614005367805052549e-01
6.537330331791905147e-01
6.631282871430836945e-01
6.498488095871804981e-01
6.497875359666357431e-01
7.041872472982773079e-01
6.660648461025063805e-01
6.492321411259224240e-01
6.514388790025654741e-01
6.734670638080980654e-01
6.508584428001729094e-01
6.541493561615970842e-01
6.696419475506217855e-01
6.492146124682280917e-01
6.631328067139512505e-01
6.662247173786983723e-01
6.692718962499852875e-01
6.845139555280133070e-01
6.541032601444339845e-01
7.174753949482972626e-01
6.780901099273076715e-01
6.637121218760330121e-01
6.832744098097494057e-01
7.091559895325574292e-01
6.627133911892062468e-01
6.514015103760329994e-01
6.642695205872046760e-01
6.577901794905074428e-01
6.577021597991500323e-01
6.525836092339579730e-01
6.611621736148718398e-01
6.497801589335743255e-01
6.493971730369518802e-01
6.874980698784235456e-01
6.492120469351615464e-01
6.618099811405100397e-01
6.567058992767361714e-01
6.923069985349363797e-01
6.542271361704318222e-01
6.695558434171857698e-01
6.494095995260724674e-01
6.730327414949829334e-01
6.635142197373993245e-01
6.587351934030578615e-01
6.647001587820046131e-01
6.587533182827730593e-01
6.661607192372869246e-01
6.537065416483350822e-01
7.308934739803908398e-01
7.336045136058056970e-01
7.022149910093110625e-01
7.113073964946190486e-01
6.913871286101833658e-01
7.002512587053648652e-01
7.140972363334974204e-01
7.120619225776092520e-01
6.947066603285897424e-01
6.938202591230778760e-01
7.607036131322764128e-01
7.590308510547048026e-01
7.556625323569352570e-01
7.159679907926214115e-01
6.944962892992873060e-01
6.784677185113764386e-01
6.674672910876074949e-01
6.871720434894311724e-01
7.089390353739791761e-01
6.900881119408144304e-01
7.046820197918620687e-01
7.055639475863625387e-01
7.011205106665762132e-01
6.815368698318535756e-01
6.910432260277203920e-01
6.723333249591784133e-01
6.690978694437194063e-01
7.078602102518108952e-01
7.211566556599335875e-01
6.749131665248002676e-01
6.750790349656026201e-01
6.680257976783168239e-01
6.975083993327515497e-01
7.266399626824306957e-01
6.938853160033825462e-01
6.776162346921809077e-01
6.889137499654619523e-01
7.045638574176200652e-01
7.086415481103375269e-01
7.017267995879553633e-01
7.068872447551414195e-01
7.123656558460174093e-01
6.858384916282714849e-01
6.768558291463092624e-01
6.717256044865407283e-01
6.725334395402855492e-01
6.998200538450252139e-01
6.711433090372553867e-01
6.831470241178455582e-01
6.692496330854953435e-01
6.727632441580843059e-01
6.926580154381539733e-01
6.894997167818819328e-01
6.746070019420669084e-01
6.692162867375857083e-01
6.923941374063057319e-01
6.494815117712102737e-01
6.597544733711447895e-01
6.533329060622845574e-01
6.492109862463453229e-01
6.516554306994257750e-01
6.590287673837945670e-01
6.562595095045771210e-01
6.518240513725641616e-01
6.920626257046069707e-01
6.913434249891368122e-01
7.197116434056034517e-01
7.682844688472328931e-01
7.789697379787859921e-01
7.993485608933260655e-01
7.638232168558941604e-01
6.626206110596037924e-01
6.501991605942513131e-01
6.608846954002722818e-01
6.496399190379116284e-01
6.784755327227453003e-01
6.938915299742098863e-01
6.936785090988704106e-01
6.925463432721161716e-01
6.730567554639780292e-01
6.742106069263452683e-01
6.739545591718852924e-01
6.906699849935060698e-01
7.111400777974882237e-01
6.885185225895752437e-01
7.017461321768108107e-01
6.816806308605701803e-01
6.723971344889597690e-01
6.604004317395600898e-01
6.500033475692802432e-01
6.492111479701191401e-01
6.551160719902847651e-01
7.060490620466884915e-01
7.463070714633339708e-01
7.267375575285272005e-01
7.275272352592562219e-01
6.565675548746464640e-01
6.549323719366625385e-01
6.667740219736220109e-01
6.673323255248078123e-01
6.508417915977168233e-01
6.547721230876938359e-01
6.580028358656535570e-01
6.603175807799420705e-01
6.500892986742895507e-01
6.492518761978846031e-01
6.533539567373489731e-01
6.505972707655885978e-01
6.923107469854937746e-01
6.500894734233391148e-01
6.580257795049344605e-01
6.703000081115325637e-01
6.580986833121588164e-01
6.574987385449904131e-01
6.688564697059656838e-01
6.698136892237106510e-01
6.561984428882975395e-01
6.699047089343177497e-01
6.728022028531573939e-01
6.662092565126582766e-01
6.628539355154600132e-01
6.661637694524822351e-01
6.500673068902369511e-01
6.690431854515995758e-01
6.581217639007930220e-01
6.636506126515974158e-01
7.054105373907048060e-01
6.681922393538082261e-01
6.709325590199101130e-01
6.657689495108880529e-01
7.167964346669687403e-01
6.696583074987002560e-01
6.768185587195596487e-01
6.665089246237293485e-01
6.510016816887443936e-01
6.571818386741199447e-01
6.519731596051988598e-01
7.163293307640031804e-01
7.374933734316376777e-01
6.895398111930859386e-01
7.736965454638613515e-01
6.556894960683233853e-01
6.881657820086607424e-01
6.492783790151195333e-01
6.501931291043583361e-01
6.575914260205872885e-01
6.805742026931889121e-01
6.587022164625533360e-01
6.495771682384443579e-01
6.628377927247861567e-01
6.704927369859944308e-01
6.540600713499844510e-01
6.496526661910195788e-01
6.511496432847897475e-01
7.020861786870566945e-01
6.498734959959026058e-01
6.500744202046043752e-01
6.500677380414678908e-01
6.500844280277016107e-01
6.526810284517114980e-01
6.500964733787727434e-01
6.534434899883890813e-01
7.241549116892173066e-01
6.641662523198815782e-01
6.589729056674870078e-01
6.704820727522623480e-01
6.494496726183373037e-01
6.686865957246467262e-01
6.696837456762483320e-01
6.705795617016302446e-01
6.683863092374764392e-01
6.615722963822581182e-01
6.690030097417496435e-01
6.581246051132643160e-01
6.624867846966843166e-01
6.692534494900033160e-01
6.541339328343093174e-01
6.518344344231838949e-01
6.517885704180484963e-01
6.529337520889672009e-01
6.555103705053529906e-01
6.702051850220924756e-01
6.700926535694933239e-01
6.581236286670077984e-01
6.606522551674109955e-01
6.678337744978591894e-01
6.695261612303247123e-01
6.659968319889992827e-01
6.664295711321930327e-01
6.510519052226766412e-01
6.731834807792078657e-01
6.617998165241152364e-01
6.573910430571341390e-01
6.492398371687150282e-01
6.517842728513060235e-01
6.514122126652914790e-01
6.530312656971506424e-01
7.536854443823979288e-01
7.585147547963361214e-01
7.041578335875937622e-01
7.024915293211195788e-01
7.027589636244080395e-01
7.215697344482689957e-01
6.903513749603366056e-01
6.923882381858066370e-01
6.494457599676304316e-01
6.536322756114639754e-01
6.547972560309638368e-01
6.509266681603782523e-01
7.801464991595374876e-01
7.833786863534095701e-01
7.923234426018017640e-01
6.812695634973283676e-01
6.889502924375444648e-01
6.859257885674694410e-01
7.141922847821507991e-01
6.625422955431283789e-01
6.846032693375516676e-01
6.513091483944765114e-01
6.510927939021576849e-01
6.538643573766043104e-01
6.493990145382431134e-01
6.723421625793936096e-01
6.512946825445776744e-01
6.496015269152858318e-01
6.867100920926548779e-01
6.676149286590986609e-01
6.520366477847323594e-01
6.498026881940089927e-01
6.719422020582973554e-01
6.545612739118731316e-01
6.843039977643573524e-01
6.492617883224650610e-01
6.492301262128655770e-01
6.539442650481219754e-01
6.587828206956773958e-01
6.572106976466797201e-01
6.542659889076427593e-01
7.128658058064474279e-01
6.505070541484931912e-01
6.526812688982930322e-01
6.650139565052913815e-01
6.495870470848368328e-01
6.578504552327748556e-01
6.649941058872033128e-01
6.769241870419576701e-01
7.077091302762640312e-01
6.817620276385255584e-01
6.502810494509376760e-01
7.041543587991827557e-01
7.026171481604064351e-01
6.686939604263252290e-01
6.640359772517590020e-01
6.622941584707573437e-01
6.620589370579379462e-01
6.501579849688228219e-01
6.721174123695413671e-01
6.946340586150452356e-01
7.341931141785446036e-01
7.832768751056067291e-01
7.559431369069148365e-01
7.523093886226445148e-01
6.662214401757017290e-01
6.847204954621329831e-01
6.493066482908110837e-01
6.526623647935055894e-01
6.648817626733712904e-01
6.553829893718544630e-01
6.828042074269429218e-01
6.559639914222895607e-01
6.633914255944722838e-01
6.598136911805876359e-01
6.527350984014976820e-01
6.542416110826745346e-01
6.704643457646676241e-01
6.700628802002956963e-01
6.639506562946541068e-01
6.685477469138498829e-01
6.669022880478442383e-01
6.585029511535651636e-01
6.693142420126624303e-01
6.561169117851741728e-01
6.503875088448555220e-01
6.868832038807922702e-01
6.649284972089833934e-01
6.587527764303261479e-01
6.586684782330101129e-01
6.492196185347992587e-01
6.704665528390346685e-01
6.513313259234604358e-01
6.696063091325213934e-01
6.586463185160651435e-01
6.686314283192087426e-01
6.532418030645313900e-01
6.534438645802429502e-01
6.571293419629730126e-01
6.492533359660914716e-01
6.502330672495593156e-01
6.580984137384568999e-01
6.615570302212604448e-01
6.692842421447807721e-01
6.596107813652714036e-01
7.336201907773821640e-01
6.742480577500058470e-01
6.928812654815638128e-01
7.482763099750402436e-01
7.066437165108742091e-01
7.173002671519350670e-01
6.830053888681159036e-01
7.071576334798960195e-01
6.962599487006881915e-01
6.566233585055588629e-01
6.499465465711981027e-01
6.584376001339614648e-01
6.513999572353331713e-01
6.883441299369332800e-01
6.912443354518594818e-01
6.525674996786486881e-01
6.549754858289268400e-01
6.522100325317210512e-01
6.501493745126794011e-01
7.833795035278127150e-01
7.849063127591812128e-01
8.000000000000000444e-01
7.883128516257250640e-01
6.557609907710926223e-01
6.632881569101163333e-01
6.492633700433675381e-01
6.512361123175405275e-01
6.523302806306506829e-01
6.529352053081737273e-01
6.599024049621593502e-01
6.611840270049648138e-01
6.493145999355345310e-01
6.562998105337590760e-01
6.597158656765481632e-01
6.495592737068772715e-01
6.852871939685497571e-01
6.585793662045892338e-01
6.765328271939057281e-01
6.742692665012562925e-01
6.501678814897893233e-01
6.800156377050575740e-01
6.544367153359749167e-01
6.815183312790198400e-01
6.550778556612661951e-01
6.532241789723930436e-01
6.535059302315118224e-01
6.494868492053049724e-01
6.536781521330551348e-01
6.848615884798405773e-01
6.806139115848047760e-01
6.609457194584240636e-01
6.707392755282940433e-01
6.928117895865759657e-01
6.820228265882735119e-01
6.977516230182829737e-01
6.673959569799353675e-01
7.114969790259999538e-01
7.019284392358120517e-01
7.030509714561513634e-01
6.496816469100744618e-01
6.677684150805105467e-01
6.496482528590430405e-01
6.565644115244455570e-01
7.866304172831560804e-01
7.690050807730141047e-01
7.429616213056222662e-01
7.868585332316723191e-01
6.801090331286362423e-01
6.801131985807020719e-01
6.607864376502925463e-01
6.690950514713818187e-01
6.999015206790653032e-01
7.456596430387454344e-01
7.070269585081392361e-01
7.078837207429513612e-01
6.561739240349653279e-01
6.506659688791568419e-01
6.623946037968689859e-01
6.583769560945152977e-01
6.526922316273704450e-01
6.532424209839757800e-01
6.548267901331711327e-01
6.672794313629706320e-01
6.803756110273719848e-01
6.866260606325250704e-01
6.684619217320824092e-01
6.835041138867752331e-01
6.537919697204881420e-01
6.555044641406325701e-01
6.603748786778119717e-01
6.521833941700305726e-01
6.493663115971857192e-01
6.574996113266401432e-01
6.606002959602949032e-01
6.522143564434107477e-01
6.601125162449996697e-01
6.779136387628019733e-01
6.517522465234147910e-01
6.492550404601630243e-01
6.516538171578920569e-01
6.820509237206127118e-01
6.502965142417621580e-01
6.794349871567253452e-01
6.492112110515462220e-01
7.019576914480754048e-01
6.613970312264285667e-01
6.507132817908515277e-01
6.553817426189745277e-01
6.698488119557117759e-01
6.534282610830588478e-01
6.502153272493280678e-01
6.814029877433335214e-01
6.881105947065471184e-01
6.918262267346403371e-01
6.520014676915600882e-01
6.984549060645297569e-01
6.949331571873232916e-01
6.855663095855182299e-01
6.611453612751336806e-01
6.523277748107340068e-01
7.356991415267010170e-01
6.746429662731299182e-01
6.526288208746937602e-01
7.387673212144620916e-01
7.694451341294619162e-01
7.564639211701296162e-01
7.572720492929774228e-01
6.557713165812989464e-01
7.397774945236698096e-01
6.892261709595436381e-01
6.678364424174417779e-01
6.678569369077573814e-01
6.709778916245850988e-01
6.594278063351043384e-01
6.628395003219629267e-01
6.634083673419881588e-01
6.594269079331608330e-01
6.698062536854599847e-01
6.537377914129904877e-01
6.493252302321705915e-01
6.569951686448861627e-01
6.492175984916571663e-01
6.521677633918772088e-01
6.544452864825119898e-01
7.018986269493034946e-01
6.678223403290141080e-01
6.717652837564684898e-01
6.493209534948309880e-01
6.697347274294739305e-01
6.652498763764335132e-01
6.503692883106411138e-01
6.496840736957755214e-01
6.508423524654591841e-01
6.563953981473862331e-01
6.516538615556195513e-01
6.744440821487623916e-01
7.315381358099187770e-01
6.842542118491775627e-01
6.790915564152102402e-01
6.842615307599753116e-01
7.010787935295565987e-01
6.840524726568283365e-01
7.048577818192149902e-01
7.235515721419629731e-01
7.307565764870715963e-01
7.265280990613597334e-01
6.685898778452966651e-01
6.732193532277762626e-01
6.513626165165788962e-01
6.717807738607662893e-01
7.023536395022091927e-01
7.167151744134011571e-01
7.305649894030035174e-01
6.859870267846249758e-01
6.751316132349776122e-01
6.835500937054419524e-01
6.938181160855972918e-01
6.629368447436192469e-01
6.818074087214481827e-01
6.573984637975129885e-01
6.628639833555619587e-01
6.571217511672138301e-01
6.619065859473404201e-01
6.493677932876302794e-01
6.977762397354602131e-01
6.965569749728232063e-01
6.889323259452669879e-01
6.683744741035861914e-01
6.581521399222246549e-01
6.512730776227659835e-01
6.909106910449427374e-01
6.514338368738956664e-01
6.494105298509900148e-01
6.502864057191014568e-01
6.545790740771240124e-01
6.578298607895450845e-01
6.508559448265792691e-01
6.680461846963806627e-01
6.642498123695136369e-01
6.695586050971965575e-01
6.493719855037057842e-01
6.682101706030255661e-01
6.584085305151692324e-01
6.583897302941527085e-01
7.262203503704952601e-01
6.650929128116281897e-01
6.681855062605861484e-01
6.891313128111146158e-01
6.813076347443035585e-01
6.701575158324160064e-01
6.659437398924148432e-01
6.517331513855172398e-01
6.702311781255751999e-01
6.639292039003674706e-01
6.511783967391067129e-01
6.700852367166615364e-01
6.705090129726916093e-01
6.641645099327300183e-01
6.822078465121464985e-01
6.497963638725386959e-01
6.606561232859371469e-01
6.621186686549548339e-01
6.755973575742197923e-01
6.495716405000323546e-01
6.526708685213907790e-01
6.493314657141318058e-01
6.606490245630236569e-01
6.492381429214882926e-01
6.616815628423085016e-01
6.662890667797358724e-01
6.494552221714252616e-01
6.588495330788147752e-01
6.586620736692047062e-01
6.514438275953410296e-01
6.568345980633898407e-01
6.578926311685880934e-01
6.497939554875451496e-01
7.185742053957360209e-01
6.622172854759789118e-01
6.540565224055815419e-01
6.492235112645329265e-01
7.068122083897541152e-01
8.000000000000000444e-01
7.865108705856738158e-01
6.603529079833490023e-01
6.584866923145965556e-01
6.611158969597211721e-01
6.676534275633292381e-01
6.705844259033784116e-01
6.622883067802151080e-01
6.705269178983451761e-01
6.621560844984203387e-01
6.516448544829607226e-01
6.529509684014295212e-01
6.495715087592888182e-01
6.493415874623348349e-01
6.700937241544394629e-01
6.594341333211920508e-01
6.662865350189909330e-01
6.682851452705753648e-01
6.606903316575096774e-01
6.619137509984950318e-01
6.615822579594868857e-01
6.662952652893716632e-01
6.674524963634241859e-01
6.604091043528180771e-01
6.686615597018690238e-01
6.586866395877820635e-01
6.693593736721270560e-01
6.493983506576509468e-01
6.676974933126206269e-01
6.527569909799501024e-01
6.930546043658423194e-01
7.276861787064344833e-01
6.553735365522543876e-01
6.878147865451627041e-01
6.492112891060685120e-01
6.503945101454915445e-01
6.640185799368021335e-01
6.521245560268316144e-01
6.653910160392454420e-01
6.699161054419233707e-01
6.492635725853562745e-01
6.640663086867181208e-01
6.601626645020919337e-01
6.635518336655941152e-01
6.493526294724674131e-01
6.705004000585059742e-01
6.665030418296650216e-01
6.572629047356414178e-01
6.807511423860647115e-01
6.501667491256148956e-01
6.515350716494936467e-01
6.545718900766641646e-01
6.504683409820396500e-01
6.498480019769155014e-01
6.690985479750837239e-01
6.493648818596670091e-01
6.662441663920970480e-01
6.580495453197015010e-01
6.530770150012269459e-01
6.532608145344988015e-01
6.589276459248799567e-01
6.629525667822999679e-01
6.577062528169608235e-01
6.585343947911969087e-01
6.590683955825682450e-01
7.902591335195625621e-01
6.627299476722626759e-01
8.000000000000000444e-01
6.492599182327858376e-01
6.704641441548194747e-01
6.574298398660862741e-01
6.705271388431083279e-01
6.657647767333682021e-01
6.704039217861215150e-01
6.500926270556453002e-01
6.673874884806230146e-01
6.697787541809722134e-01
6.665886801466938127e-01
6.698411478618421233e-01
6.612947317836087580e-01
6.606160965419572983e-01
7.064504841584633432e-01
7.055492882954733647e-01
7.154546801806153100e-01
6.597410227682442008e-01
6.697353901618583460e-01
6.634000754054358850e-01
6.601391554811510964e-01
6.692115966225453683e-01
6.601073785772697544e-01
6.618920893220255897e-01
6.697597230903822307e-01
6.603743781603123031e-01
6.588355106949803641e-01
6.537553438083275603e-01
6.519655660158819588e-01
7.101781306429358898e-01
6.617769051928704682e-01
6.640173856225971560e-01
6.512727052838203079e-01
6.640173856225971560e-01
6.579399125823474082e-01
6.608634197467442295e-01
6.494045845669997874e-01
6.563245961054652300e-01
6.702436492220273934e-01
6.535948461911064156e-01
6.663760115856364186e-01
6.591582706808383207e-01
6.543708944150384843e-01
6.558360636247173581e-01
6.508941147377144132e-01
6.698363709516829134e-01
6.750667446840170616e-01
6.668470922284610580e-01
6.698321746754637429e-01
6.648676178135733972e-01
6.647146044155943789e-01
6.492816843627174928e-01
6.535953051425031912e-01
6.492136604339463490e-01
6.678272318612701319e-01
6.544993192318588893e-01
6.499201120695605738e-01
6.551453513487599523e-01
6.494415910980371187e-01
6.504575537484273973e-01
6.754592731877328005e-01
6.788443479698107463e-01
6.816166907070780878e-01
6.660875733341855565e-01
6.493085393895388080e-01
6.704667638040553435e-01
6.673445471195749157e-01
6.703888891584655063e-01
6.702386404868022618e-01
6.611831579623271837e-01
6.655293350821358533e-01
7.187264881474313416e-01
7.287210353018569453e-01
7.011853138116226347e-01
6.787468224854903420e-01
6.492375087933064393e-01
6.678400758029218176e-01
6.526591297986290563e-01
6.492110269693691649e-01
6.659487466179093706e-01
6.688570016280649400e-01
6.585470151926497984e-01
6.588792958052130944e-01
6.692474587052550383e-01
6.705664441682182009e-01
6.643688210824717499e-01
6.700652902590005233e-01
6.500008099415044427e-01
6.604235583952710043e-01
6.543045816681768434e-01
6.494169884635613288e-01
6.632324846272983354e-01
6.509808652991360134e-01
6.518583416149265064e-01
6.786769412830556680e-01
6.946959479068731680e-01
6.497137840367178674e-01
6.614042456595365937e-01
6.515626661122541075e-01
6.526836218337700446e-01
6.492274919170176739e-01
7.026388154846138212e-01
6.766131491230049644e-01
6.506210466621400457e-01
6.547931631981973588e-01
7.264942691701252730e-01
6.721302002133648923e-01
6.649922354761927945e-01
6.655622866128776405e-01
6.887162419252491619e-01
6.717090812916938214e-01
6.507516941042256198e-01
7.024316890334211250e-01
6.492433289573351640e-01
6.494987831788238131e-01
6.612901094215858366e-01
6.705551571769554631e-01
6.651571013421438971e-01
6.517355143888581281e-01
6.518391716723389573e-01
6.584029793823745758e-01
6.503255072435760731e-01
6.587843951206615589e-01
7.272366248515249598e-01
7.841342916810316588e-01
7.654103708285550089e-01
7.504800640352955465e-01
6.494450974062792037e-01
6.542641805024993484e-01
6.677569784576559142e-01
6.498882366148955869e-01
6.587184273070543217e-01
6.517906076253939807e-01
6.702420252418108682e-01
6.550996113607866489e-01
6.703258059501771005e-01
6.564952526924674459e-01
6.554952754132568060e-01
6.666090452804270816e-01
6.946783662396285308e-01
6.619169105700101197e-01
6.553029638377964039e-01
6.650584413122251348e-01
6.509080438645973299e-01
6.611781489729742223e-01
6.632761963595645849e-01
6.902826466934355309e-01
6.705415342547631496e-01
6.704021214333752976e-01
6.492186198122110730e-01
6.775948159023259532e-01
6.676034088204673145e-01
6.552356159434903349e-01
6.630153935082372385e-01
6.492309430511946644e-01
6.933756783407755142e-01
6.546156304602335219e-01
6.636089067427410892e-01
6.513396136115975343e-01
6.605615132960465097e-01
6.579569825800875016e-01
7.627716709350713664e-01
6.508947910490617828e-01
6.570823281269988492e-01
6.493932593688369614e-01
6.778099126111947204e-01
6.503659121509632879e-01
6.653322344242073028e-01
7.019875387046878856e-01
6.677880236567701466e-01
6.664962154167103359e-01
6.588729785225596602e-01
6.603244252166985406e-01
6.595873596064026900e-01
6.579901600409606699e-01
6.693667728488513768e-01
7.048041929747154155e-01
6.704613132270117459e-01
6.702054901704092016e-01
6.698035319228141660e-01
6.497233048734223360e-01
6.634933427543316942e-01
7.378368656786660207e-01
7.662623387621556592e-01
8.000000000000000444e-01
7.197575292116030754e-01
6.978509845115348220e-01
7.590575177591217804e-01
7.091900689568298999e-01
6.686706751241904279e-01
6.812144543106686267e-01
6.705739728164178404e-01
6.700543133582094191e-01
7.217672274665225540e-01
6.851713707703391831e-01
6.976600197754301291e-01
7.341418489631014177e-01
7.369910108265589344e-01
7.072128734980612785e-01
7.296283421947484804e-01
7.015803700354212857e-01
6.828158111049223988e-01
6.587018431265989626e-01
6.495381266202934212e-01
6.700104078367800087e-01
6.705205384142126634e-01
6.705816496725045539e-01
6.598860730410235353e-01
6.663090562901260450e-01
6.651229123316374503e-01
6.813069159211134762e-01
6.605829701896237527e-01
6.492891673055453117e-01
6.805966875217462908e-01
6.681984536468302815e-01
6.701447430532201377e-01
6.662661544583117212e-01
6.555163247690389827e-01
6.705703801858186042e-01
6.684764276636319114e-01
6.492492869344941298e-01
6.705127673366952923e-01
6.690519516797007737e-01
6.587149935838042536e-01
6.493945799325605561e-01
6.494677039785747841e-01
6.705620355334899196e-01
6.502685476435483558e-01
6.704899569041294916e-01
6.663505979399405588e-01
6.558044055550172891e-01
6.899498830097943181e-01
6.522062033980480233e-01
6.498009749628346210e-01
6.631553737214209709e-01
7.038035027285270973e-01
6.604249735441936053e-01
6.627162220192799325e-01
6.534374730687170230e-01
6.532879288605014656e-01
6.544351051505216121e-01
6.564254344268436459e-01
6.545968434929247959e-01
6.813983206844700380e-01
6.509938471298912788e-01
6.527956827963408148e-01
6.636700634534172805e-01
6.673139064671956833e-01
6.612329995836971896e-01
6.538489290707915069e-01
6.578323306014638439e-01
6.584824554292472154e-01
6.659756115552294409e-01
6.623983845283435423e-01
6.673662670546937070e-01
6.583013903285442892e-01
6.643856914005284997e-01
6.703721382024733222e-01
6.705823826587935521e-01
6.496022576588385000e-01
6.674067370643480546e-01
6.641027876984481049e-01
6.700971463148428509e-01
6.648868263028705483e-01
6.606653934474785439e-01
6.669536379737101006e-01
7.014908263719702441e-01
6.900678615284604467e-01
7.028332255313346488e-01
7.145804636044854607e-01
6.640124861880809526e-01
8.000000000000000444e-01
7.215166865837304710e-01
