9.525075247964990277e-01
9.899999999999999911e-01
9.899999999999999911e-01
9.899999999999993250e-01
9.497103717635763109e-01
9.899999999999999911e-01
9.899999999999999911e-01
9.899999999999999911e-01
9.493161793640479962e-01
9.899999999999999911e-01
9.898951644588187548e-01
9.899999999999999911e-01
9.493003306518793538e-01
9.899999999999999911e-01
9.899999999999999911e-01
9.899999999999999911e-01
9.554567851279490709e-01
9.899999999999999911e-01
9.899999999999999911e-01
9.899999999999999911e-01
9.492805861223223562e-01
9.899999999999999911e-01
9.899999999999999911e-01
9.899999999999999911e-01
9.578048541250632208e-01
9.899999999999999911e-01
9.899999999999999911e-01
9.899999999999999911e-01
9.495651124654730380e-01
9.899999999999999911e-01
9.899999999999999911e-01
9.899999999999999911e-01
9.517909361549847791e-01
9.899999999999999911e-01
9.899999999999999911e-01
9.899999999999999911e-01
9.601810032602901002e-01
9.899999999999999911e-01
9.899999999999999911e-01
9.899999999999999911e-01
9.550677163685132864e-01
9.900000000000001021e-01
9.899999999999999911e-01
9.899999999999999911e-01
9.560631496659808271e-01
9.899999999999999911e-01
9.899999999999999911e-01
9.899999999999999911e-01
9.571395201541019748e-01
9.899999999999999911e-01
9.899999999999999911e-01
9.899999999999999911e-01
9.517913800506364597e-01
9.899999999999999911e-01
9.899999999999999911e-01
9.899999999999999911e-01
9.492821844512291385e-01
9.899999999999999911e-01
9.899713867679594825e-01
9.899999999999999911e-01
9.492712763934264553e-01
9.899999999999999911e-01
9.899999999999999911e-01
9.899999999999999911e-01
9.491066260794270848e-01
9.899999999999999911e-01
9.899999999999999911e-01
9.899999999999999911e-01
9.486867118061161896e-01
9.899999999999999911e-01
9.899999999999999911e-01
9.893209478751286978e-01
9.494322623084016088e-01
9.899999999999999911e-01
9.899999999999999911e-01
9.899999999999999911e-01
9.492005014540778607e-01
9.899999999999999911e-01
9.899820848460845202e-01
9.899999999999999911e-01
9.493684582322732268e-01
9.899999999999999911e-01
9.899999999999999911e-01
9.899999999999999911e-01
9.492242070513350338e-01
9.899999999999999911e-01
9.896011539638122079e-01
9.899999999999999911e-01
9.500892363623182346e-01
9.899999999999999911e-01
9.899999999999999911e-01
9.899999999999999911e-01
9.488493900441368201e-01
9.899999999999999911e-01
9.899999999999999911e-01
9.899999999999999911e-01
9.490151615935570328e-01
9.899999999999999911e-01
9.896013471453855015e-01
9.899999999999999911e-01
9.493256584081719573e-01
9.899999999999999911e-01
9.899999999999999911e-01
9.899999999999999911e-01
9.485762418319674261e-01
9.899999999999999911e-01
9.899999999999999911e-01
9.899999999999999911e-01
9.471758412798297888e-01
9.881289534493550297e-01
9.488281641162009672e-01
9.899999999999999911e-01
9.899999999999999911e-01
9.899999999999999911e-01
9.534528994265979440e-01
9.899999999999999911e-01
9.483181623148991823e-01
9.899999999999999911e-01
9.899999999999999911e-01
9.892586536260122854e-01
9.490201237396084233e-01
9.899999999999999911e-01
9.899999999999999911e-01
9.899353964168965403e-01
9.494096845032804488e-01
9.899999999999999911e-01
9.899999999999999911e-01
9.899381661696700085e-01
9.492367674436917868e-01
9.899999999999999911e-01
9.899999999999999911e-01
9.899999999999999911e-01
9.490943116541656899e-01
9.899999999999999911e-01
9.899999999999999911e-01
9.899999999999999911e-01
9.494295123108890122e-01
9.899999999999999911e-01
9.899999999999999911e-01
9.899999999999999911e-01
9.489784873424679246e-01
9.899999999999999911e-01
9.898469172018590223e-01
9.480952616433067082e-01
9.899999999999999911e-01
9.899999999999999911e-01
9.899999999999999911e-01
9.486311316179250053e-01
9.899999999999999911e-01
9.899999999999999911e-01
9.612525292812351685e-01
9.899999999999999911e-01
9.899999999999999911e-01
9.899999999999999911e-01
9.495073135724948488e-01
9.899999999999999911e-01
9.899999999999999911e-01
9.899999999999999911e-01
9.899999999999999911e-01
9.899999999999999911e-01
9.506615603593069341e-01
9.899999999999999911e-01
9.899999999999999911e-01
9.899999999999999911e-01
9.506610761266184317e-01
9.899999999999999911e-01
9.899999999999999911e-01
9.899999999999999911e-01
9.899999999999999911e-01
9.551910196156678801e-01
9.899999999999999911e-01
9.899999999999999911e-01
9.899999999999999911e-01
9.899999999999999911e-01
9.483728586000443883e-01
9.899999999999999911e-01
9.899999999999999911e-01
9.899999999999999911e-01
9.473794449090868763e-01
9.899999999999999911e-01
9.899999999999999911e-01
9.880216940293279348e-01
9.562498004088048065e-01
9.899999999999999911e-01
9.899999999999999911e-01
9.899999999999999911e-01
9.899999999999999911e-01
9.899999999999999911e-01
9.523644755125354466e-01
9.899999999999999911e-01
9.899999999999999911e-01
9.899999999999999911e-01
9.488887945975785776e-01
9.899999999999999911e-01
9.899999999999999911e-01
9.899999999999999911e-01
9.489486759390846071e-01
9.899999999999999911e-01
9.899999999999999911e-01
9.899999999999999911e-01
9.484300024015617225e-01
9.899999999999999911e-01
9.899999999999999911e-01
9.899999999999999911e-01
9.899999999999999911e-01
9.899999999999999911e-01
9.899999999999999911e-01
9.545294764131979637e-01
9.899999999999999911e-01
9.899999999999999911e-01
9.899999999999999911e-01
9.498110858075803353e-01
9.899999999999999911e-01
9.899999999999999911e-01
9.899999999999999911e-01
9.473713657250066866e-01
9.890798708966273001e-01
9.881816559146887613e-01
9.485927731486976100e-01
9.899999999999999911e-01
9.899999999999999911e-01
9.489666739202999857e-01
9.899999999999999911e-01
9.899999999999999911e-01
9.497403126568969567e-01
9.899999999999999911e-01
9.899999999999999911e-01
9.899999999999999911e-01
9.494035969999545799e-01
9.899999999999999911e-01
9.899999999999999911e-01
9.899765861166788250e-01
9.549057516497475584e-01
9.899999999999999911e-01
9.899999999999999911e-01
9.899999999999999911e-01
9.496275268955247650e-01
9.899320128674700126e-01
9.899999999999999911e-01
9.899999999999999911e-01
9.492475302391801817e-01
9.899999999999999911e-01
9.899999999999999911e-01
9.899128228477421798e-01
9.492613319660833104e-01
9.899999999999999911e-01
9.899999999999999911e-01
9.899999999999999911e-01
9.400307437627655194e-01
9.493522886678433803e-01
9.899999999999999911e-01
9.899999999999999911e-01
9.899999999999999911e-01
9.494798109505483419e-01
9.899999999999999911e-01
9.899999999999999911e-01
9.898804326295255196e-01
9.493226934372656078e-01
9.899999999999999911e-01
9.899999999999999911e-01
9.899999999999999911e-01
9.494932735001740953e-01
9.899999999999999911e-01
9.898241562157830131e-01
9.899999999999999911e-01
9.504711572227210192e-01
9.899999999999999911e-01
9.899999999999999911e-01
9.899999999999999911e-01
9.492928643912859066e-01
9.899999999999999911e-01
9.899999999999999911e-01
9.899999999999999911e-01
9.574169527732881990e-01
9.899999999999999911e-01
9.899999999999999911e-01
9.899999999999999911e-01
9.492743507229353117e-01
9.899999999999999911e-01
9.899999999999999911e-01
9.899999999999999911e-01
9.573731205794624444e-01
9.899999999999999911e-01
9.899999999999999911e-01
9.899999999999999911e-01
9.484101095967965023e-01
9.890052221769863872e-01
9.899999999999999911e-01
9.889606905501838741e-01
9.495513215411653940e-01
9.899999999999999911e-01
9.899999999999999911e-01
9.899999999999999911e-01
9.587155814521388653e-01
9.899999999999999911e-01
9.899999999999999911e-01
9.899999999999999911e-01
9.495881525912973631e-01
9.899999999999999911e-01
9.899999999999999911e-01
9.899999999999999911e-01
9.493206777084234327e-01
9.899999999999999911e-01
9.899999999999999911e-01
9.899999999999999911e-01
9.494834694239598916e-01
9.899999999999999911e-01
9.899999999999999911e-01
9.899999999999999911e-01
9.556185745366698736e-01
9.899999999999999911e-01
9.899999999999999911e-01
9.899999999999999911e-01
9.489476424860368020e-01
9.899999999999999911e-01
9.899999999999999911e-01
9.899999999999999911e-01
9.490320787682200443e-01
9.899668278147820688e-01
9.899999999999999911e-01
9.899999999999999911e-01
9.492281539096024678e-01
9.899999999999999911e-01
9.899999999999999911e-01
9.899999999999999911e-01
9.496049350993273075e-01
9.899999999999999911e-01
9.899999999999999911e-01
9.899999999999999911e-01
9.491959142973506180e-01
9.899999999999999911e-01
9.899999999999999911e-01
9.899999999999999911e-01
9.492514934041343944e-01
9.899999999999999911e-01
9.899999999999999911e-01
9.899999999999999911e-01
9.899999999999999911e-01
9.899999999999999911e-01
9.899999999999999911e-01
9.899999999999999911e-01
9.490679421279580863e-01
9.899999999999999911e-01
9.899999999999999911e-01
9.899999999999999911e-01
9.482719807913346788e-01
9.899999999999999911e-01
9.899999999999999911e-01
9.899999999999999911e-01
9.577033669968554319e-01
9.899999999999999911e-01
9.899999999999999911e-01
9.899999999999999911e-01
9.473310078263232903e-01
9.889706358911912742e-01
9.890083986203742628e-01
9.899999999999999911e-01
9.899999999999999911e-01
9.485620636415059703e-01
9.899999999999999911e-01
9.899999999999999911e-01
9.897272093275897298e-01
9.493851018018940602e-01
9.899999999999999911e-01
9.899999999999999911e-01
9.899999999999999911e-01
9.581232261721647214e-01
9.899999999999999911e-01
9.899999999999999911e-01
9.899999999999999911e-01
9.547440041269628086e-01
9.899999999999999911e-01
9.899999999999999911e-01
9.488173440544641624e-01
9.899999999999999911e-01
9.899999999999999911e-01
9.890660313052074271e-01
9.514727106556232217e-01
9.891841004141151972e-01
9.899999999999999911e-01
9.899999999999999911e-01
9.493048244072652686e-01
9.899999999999999911e-01
9.899999999999999911e-01
9.899999999999999911e-01
9.511764967523155256e-01
9.899999999999999911e-01
9.899999999999999911e-01
9.487853632848795016e-01
9.897069388800130429e-01
9.899999999999999911e-01
9.899999999999999911e-01
9.490974405309680062e-01
9.899999999999999911e-01
9.899999999999999911e-01
9.899999999999999911e-01
9.400968882102938018e-01
9.813681655925526881e-01
9.493870817672140916e-01
9.899999999999999911e-01
9.899896303173075784e-01
9.899999999999999911e-01
9.404419062788735850e-01
9.819164622968828970e-01
9.818556588185319844e-01
9.806651042126255380e-01
9.473436421581644673e-01
9.584537200361475939e-01
9.899999999999999911e-01
9.899999999999999911e-01
9.592157952775000052e-01
9.899999999999999911e-01
9.899999999999999911e-01
9.899999999999999911e-01
9.492703675697883314e-01
9.899999999999999911e-01
9.899999999999999911e-01
9.899999999999999911e-01
9.494256411098197512e-01
9.899999999999999911e-01
9.899999999999999911e-01
9.899999999999999911e-01
9.482843615441576279e-01
9.899999999999999911e-01
9.888633624728097038e-01
9.889236879627191223e-01
9.493317865456041282e-01
9.899999999999999911e-01
9.899999999999999911e-01
9.899999999999999911e-01
9.489079901528916228e-01
9.899999999999999911e-01
9.899999999999999911e-01
9.899999999999996581e-01
9.493222121299672578e-01
9.899999999999999911e-01
9.899999999999999911e-01
9.899999999999999911e-01
9.490332255040937470e-01
9.899999999999999911e-01
9.899999999999999911e-01
9.899999999999999911e-01
9.899999999999999911e-01
9.899999999999999911e-01
9.512800379745451895e-01
9.899999999999999911e-01
9.899999999999999911e-01
9.899999999999999911e-01
9.487908436550861468e-01
9.899999999999999911e-01
9.899999999999999911e-01
9.512649180746575173e-01
9.899999999999999911e-01
9.899999999999999911e-01
9.899999999999999911e-01
9.487908158786703128e-01
9.899999999999998801e-01
9.494440667983538029e-01
9.899999999999999911e-01
9.899999999999999911e-01
9.899999999999999911e-01
9.530227832343957095e-01
9.899999999999999911e-01
9.899999999999999911e-01
9.899999999999999911e-01
9.490147392277191729e-01
9.899999999999999911e-01
9.899999999999999911e-01
9.899999999999999911e-01
9.497895904830713221e-01
9.899999999999999911e-01
9.899999999999999911e-01
9.899999999999999911e-01
9.494001614464191441e-01
9.899999999999999911e-01
9.899999999999999911e-01
9.899999999999999911e-01
9.490934184345409808e-01
9.899999999999999911e-01
9.899999999999999911e-01
9.899999999999999911e-01
9.486981682846674646e-01
9.899999999999999911e-01
9.899999999999999911e-01
9.899999999999999911e-01
9.509722110027735154e-01
9.899999999999999911e-01
9.899999999999999911e-01
9.899999999999999911e-01
9.485005313489125456e-01
9.897739518051611451e-01
9.899999999999999911e-01
9.899999999999999911e-01
9.488979606988174886e-01
9.899999999999999911e-01
9.899999999999999911e-01
9.899999999999999911e-01
9.550333335237531918e-01
9.899999999999999911e-01
9.899999999999999911e-01
9.899999999999999911e-01
9.488222378104206323e-01
9.899999999999999911e-01
9.899999999999999911e-01
9.899999999999999911e-01
9.532553417248459393e-01
9.899999999999999911e-01
9.899999999999999911e-01
9.899999999999999911e-01
9.490135445122281910e-01
9.899999999999999911e-01
9.899999999999999911e-01
9.899999999999999911e-01
9.492235405095108547e-01
9.899999999999999911e-01
9.899999999999999911e-01
9.899999999999999911e-01
9.493582404736098379e-01
9.899834713337786196e-01
9.899999999999999911e-01
9.899999999999999911e-01
9.563482461668059154e-01
9.899999999999999911e-01
9.899999999999999911e-01
9.899999999999999911e-01
9.493395400558923836e-01
9.899999999999999911e-01
9.899999999999999911e-01
9.899999999999999911e-01
9.491999687604768532e-01
9.899999999999999911e-01
9.899999999999999911e-01
9.899999999999999911e-01
9.492087968412812327e-01
9.899999999999999911e-01
9.899999999999999911e-01
9.899999999999999911e-01
9.489136476220056959e-01
9.899999999999999911e-01
9.899999999999999911e-01
9.897516521349888352e-01
9.493960880000220648e-01
9.899999999999999911e-01
9.899999999999999911e-01
9.897190223455513136e-01
9.491158448432207573e-01
9.899999999999999911e-01
9.899999999999999911e-01
9.899999999999999911e-01
9.480953524068866933e-01
9.891016284767136790e-01
9.888129982547785302e-01
9.899999999999999911e-01
9.489129205955546542e-01
9.899999999999999911e-01
9.899999999999999911e-01
9.476332229197548251e-01
9.890307400614302136e-01
9.899999999999999911e-01
9.889989591278643966e-01
9.404184230885379581e-01
9.494920189499892471e-01
9.899999999999999911e-01
9.899999999999999911e-01
9.899999999999999911e-01
9.469006832370779891e-01
9.893965748545061611e-01
9.897506095324914988e-01
9.883268007564252056e-01
9.494880690482283558e-01
9.899999999999999911e-01
9.899999999999999911e-01
9.899999999999999911e-01
9.492091196891172533e-01
9.899999999999999911e-01
9.899999999999999911e-01
9.898378847961399885e-01
9.489952237095842236e-01
9.899999999999999911e-01
9.897937097408472384e-01
9.896552988453761746e-01
9.492333568824198320e-01
9.899999999999999911e-01
9.899999999999999911e-01
9.899999999999999911e-01
9.492056646073629977e-01
9.899999999999999911e-01
9.895348329754675154e-01
9.899999999999999911e-01
9.496384862300581986e-01
9.899999999999999911e-01
9.899999999999999911e-01
9.899999999999999911e-01
9.497361348780847257e-01
9.899999999999999911e-01
9.899999999999999911e-01
9.899999999999999911e-01
9.527590264742358261e-01
9.899999999999999911e-01
9.899999999999999911e-01
9.899999999999999911e-01
9.494766039462456675e-01
9.899999999999999911e-01
9.898819510282877987e-01
9.899999999999999911e-01
9.516605504105899449e-01
9.899999999999999911e-01
9.899999999999999911e-01
9.490757636401148112e-01
9.899999999999999911e-01
9.899999999999999911e-01
9.899999999999999911e-01
9.473323946938562168e-01
9.886013581972881159e-01
9.886196388366756960e-01
9.492411453881096639e-01
9.899999999999999911e-01
9.899999999999999911e-01
9.899999999999999911e-01
9.491950580191473863e-01
9.899999999999999911e-01
9.899999999999999911e-01
9.899999999999999911e-01
9.481437026951506919e-01
9.899999999999999911e-01
9.899999999999999911e-01
9.896207373190202272e-01
9.434911302265787114e-01
9.851486037654390016e-01
9.493924275727420037e-01
9.899999999999999911e-01
9.899999999999999911e-01
9.899999999999999911e-01
9.495632643079588986e-01
9.899999999999999911e-01
9.899999999999999911e-01
9.899999999999999911e-01
9.486691805441466174e-01
9.899999999999999911e-01
9.898201194048866780e-01
9.890627874335709002e-01
9.492771862337016087e-01
9.899999999999999911e-01
9.899999999999999911e-01
9.899999999999999911e-01
9.487847624589801354e-01
9.899999999999999911e-01
9.899999999999999911e-01
9.486635939509429072e-01
9.899999999999999911e-01
9.894893071816629471e-01
9.495263085942280412e-01
9.899999999999999911e-01
9.899999999999999911e-01
9.899999999999999911e-01
9.489365254808083128e-01
9.899999999999999911e-01
9.899999999999999911e-01
9.899999999999999911e-01
9.491068504032277309e-01
9.899999999999999911e-01
9.899999999999999911e-01
9.896347493762289727e-01
9.481589739032942887e-01
9.899999999999999911e-01
9.894798818936347828e-01
9.899999999999999911e-01
9.500638548228294011e-01
9.899999999999999911e-01
9.899999999999999911e-01
9.495048793335759685e-01
9.899999999999999911e-01
9.899999999999999911e-01
9.899263483150059217e-01
9.493634368598095064e-01
9.899999999999999911e-01
9.899999999999999911e-01
9.899999999999999911e-01
9.489816977300011835e-01
9.899999999999999911e-01
9.899999999999999911e-01
9.892484850135251362e-01
9.406520129994404567e-01
9.824629025925429859e-01
9.805910766278973512e-01
9.806005979817832285e-01
9.496673802724208135e-01
9.899999999999999911e-01
9.899999999999999911e-01
9.899999999999999911e-01
9.490559075106200781e-01
9.899999999999999911e-01
9.899999999999999911e-01
9.899999999999999911e-01
9.497441023280142058e-01
9.899999999999999911e-01
9.899999999999999911e-01
9.899999999999999911e-01
9.497077653067498293e-01
9.899999999999999911e-01
9.899999999999999911e-01
9.899999999999999911e-01
9.495092739276150828e-01
9.899999999999999911e-01
9.899999999999999911e-01
9.899999999999999911e-01
9.489194074257693012e-01
9.899999999999999911e-01
9.899999999999999911e-01
9.893668231189387541e-01
9.496263017729877909e-01
9.899999999999999911e-01
9.899999999999999911e-01
9.899999999999999911e-01
9.457433803586956511e-01
9.884446466566634282e-01
9.489383533710696872e-01
9.899999999999999911e-01
9.899999999999999911e-01
9.895443934024190646e-01
9.492458821081716236e-01
9.899999999999999911e-01
9.899999999999999911e-01
9.899999999999999911e-01
9.482266568279092978e-01
9.899999999999999911e-01
9.894149415778606960e-01
9.489195843914723927e-01
9.899999999999999911e-01
9.897337943266615312e-01
9.899999999999999911e-01
9.471248113751415953e-01
9.899999999999999911e-01
9.877735652203636363e-01
9.876182601240389713e-01
9.488497440918138848e-01
9.899999999999999911e-01
9.897235782524174130e-01
9.492745185913861183e-01
9.899999999999999911e-01
9.899999999999999911e-01
9.899999999999999911e-01
9.489406330879591733e-01
9.899999999999999911e-01
9.899999999999999911e-01
9.490828875911472284e-01
9.899999999999999911e-01
9.899999999999999911e-01
9.898725780220235526e-01
9.506091851891738109e-01
9.899999999999999911e-01
9.874847377186793951e-01
9.899999999999999911e-01
9.490943651596671637e-01
9.899999999999999911e-01
9.899999999999999911e-01
9.899999999999999911e-01
9.497360455517164235e-01
9.899999999999999911e-01
9.899999999999999911e-01
9.899999999999999911e-01
9.559986871776724460e-01
9.899999999999999911e-01
9.899999999999999911e-01
9.899999999999999911e-01
9.488791678546812935e-01
9.899999999999999911e-01
9.897348553861725629e-01
9.491648933261767063e-01
9.899999999999999911e-01
9.899999999999999911e-01
9.895588793522014370e-01
9.492528383927869573e-01
9.899999999999999911e-01
9.899999999999999911e-01
9.899999999999999911e-01
9.490769149871189914e-01
9.899999999999999911e-01
9.898333391560093508e-01
9.899999999999999911e-01
9.447119088544426724e-01
9.882331526900058893e-01
9.494347475865908548e-01
9.899999999999999911e-01
9.899999999999999911e-01
9.495170511906301236e-01
9.899999999999999911e-01
9.899999999999999911e-01
9.899999999999999911e-01
9.525068631183672974e-01
9.899999999999999911e-01
9.899999999999999911e-01
9.899999999999999911e-01
9.492347504304025074e-01
9.899999999999999911e-01
9.899999999999999911e-01
9.495500943392681803e-01
9.899999999999999911e-01
9.899999999999999911e-01
9.899999999999999911e-01
9.520201280003511846e-01
9.899999999999999911e-01
9.899999999999999911e-01
9.899999999999999911e-01
9.493203115041921603e-01
9.899999999999999911e-01
9.899999999999999911e-01
9.563217140904288760e-01
9.899999999999999911e-01
9.899999999999999911e-01
9.899999999999999911e-01
9.434129718537072051e-01
9.843288195759709591e-01
9.841349208223392209e-01
9.512503164156272950e-01
9.899999999999999911e-01
9.899999999999999911e-01
9.899999999999999911e-01
9.491382682466342757e-01
9.899999999999999911e-01
9.899999999999999911e-01
9.899999999999999911e-01
9.500896118371769949e-01
9.899999999999999911e-01
9.899999999999999911e-01
9.899999999999999911e-01
9.496626379565722420e-01
9.899999999999999911e-01
9.899999999999999911e-01
9.899999999999999911e-01
9.494381755101709564e-01
9.899999999999999911e-01
9.899999999999999911e-01
9.899999999999999911e-01
9.506947105646139651e-01
9.899999999999999911e-01
9.899999999999999911e-01
9.899999999999999911e-01
9.495567840501470958e-01
9.899999999999999911e-01
9.899999999999999911e-01
9.556276332215086766e-01
9.899999999999999911e-01
9.899999999999999911e-01
9.899999999999999911e-01
9.485310261381942887e-01
9.894000901979904672e-01
9.489191347613836758e-01
9.899999999999999911e-01
9.899999999999999911e-01
9.899999999999999911e-01
9.490278609441538116e-01
9.899999999999999911e-01
9.899527460769279585e-01
9.899999999999999911e-01
9.496917778372593322e-01
9.898845148409619599e-01
9.895361055970038899e-01
9.899999999999999911e-01
9.493428021659724436e-01
9.899999999999999911e-01
9.899999999999999911e-01
9.489554947888343417e-01
9.899999999999999911e-01
9.899999999999999911e-01
9.895499247563076528e-01
9.494667069215514399e-01
9.899999999999999911e-01
9.899999999999999911e-01
9.899999999999999911e-01
9.527088700812621491e-01
9.899999999999999911e-01
9.899999999999999911e-01
9.899999999999999911e-01
9.467269026414092403e-01
9.887730793724190947e-01
9.880169934397035059e-01
9.872757515483100432e-01
9.496163275418987304e-01
9.899999999999999911e-01
9.899999999999999911e-01
9.899999999999999911e-01
9.491042148568165082e-01
9.899999999999999911e-01
9.899999999999999911e-01
9.895797963945676123e-01
9.426806060272565624e-01
9.844556241396200669e-01
9.830809399220611366e-01
9.485282782262897117e-01
9.899999999999999911e-01
9.899999999999999911e-01
9.895422505923280321e-01
9.494918977894430956e-01
9.899999999999999911e-01
9.899999999999999911e-01
9.479260609025274009e-01
9.899999999999999911e-01
9.899999999999999911e-01
9.884219137363534635e-01
9.537364252340444493e-01
9.899999999999999911e-01
9.422828927561430756e-01
9.833457932398763646e-01
9.829715665944354086e-01
9.421731758675678803e-01
9.843344155550982633e-01
9.830604244293913441e-01
9.492594531823708159e-01
9.899999999999999911e-01
9.899999999999999911e-01
9.517538530109176387e-01
9.899999999999999911e-01
9.899999999999999911e-01
9.899999999999999911e-01
9.577273755648015863e-01
9.899999999999999911e-01
9.899999999999999911e-01
9.491073329636451339e-01
9.899999999999999911e-01
9.899999999999999911e-01
9.895087482479064667e-01
9.494150087427313256e-01
9.899999999999999911e-01
9.899999999999999911e-01
9.899999999999999911e-01
9.495509976540275066e-01
9.899999999999999911e-01
9.899999999999999911e-01
9.899999999999999911e-01
9.522392766914503648e-01
9.899999999999999911e-01
9.899999999999999911e-01
9.489883746663037023e-01
9.894814516983430064e-01
9.864052504830486123e-01
9.899999999999999911e-01
9.488527304972842469e-01
9.899922471693376469e-01
9.899999999999999911e-01
9.498499906980523155e-01
9.899999999999999911e-01
9.899999999999999911e-01
9.899999999999999911e-01
9.512873625059319327e-01
9.899999999999999911e-01
9.899999999999999911e-01
9.899999999999999911e-01
9.899999999999999911e-01
9.899999999999999911e-01
9.487486389285412214e-01
9.899999999999999911e-01
9.899999999999999911e-01
9.492657315167862819e-01
9.899999999999999911e-01
9.899999999999999911e-01
9.898807894367332993e-01
9.493680368315114970e-01
9.899999999999999911e-01
9.899999999999999911e-01
9.898109424049762461e-01
9.434115535311534684e-01
9.850301608228744232e-01
9.392050460068582796e-01
9.804496729372910169e-01
9.809034309710601418e-01
9.493695541336799604e-01
9.899999999999999911e-01
9.899999999999999911e-01
9.899999999999999911e-01
9.489610340221050766e-01
9.899999999999999911e-01
9.899999999999999911e-01
9.899999999999999911e-01
9.486302469049749941e-01
9.899999999999999911e-01
9.899097762078754581e-01
9.494067720140227928e-01
9.899999999999999911e-01
9.899999999999999911e-01
9.899999999999999911e-01
9.491758314996597834e-01
9.899999999999999911e-01
9.899999999999999911e-01
9.899999999999999911e-01
9.555996007178599871e-01
9.899999999999999911e-01
9.899999999999999911e-01
9.899999999999999911e-01
9.495827470947889593e-01
9.899999999999999911e-01
9.899999999999999911e-01
9.899999999999999911e-01
9.493874577259978631e-01
9.899999999999999911e-01
9.899999999999999911e-01
9.899999999999999911e-01
9.496426803391073701e-01
9.899999999999999911e-01
9.899999999999999911e-01
9.899999999999999911e-01
9.493362821393398487e-01
9.899999999999999911e-01
9.897005315994236163e-01
9.899999999999999911e-01
9.490718001981013341e-01
9.899999999999999911e-01
9.899999999999999911e-01
9.895426964163948069e-01
9.497832197794996434e-01
9.899999999999999911e-01
9.899999999999999911e-01
9.899999999999999911e-01
9.491966410581498259e-01
9.899999999999999911e-01
9.896539896935484526e-01
9.899999999999999911e-01
9.490649217540425564e-01
9.899999999999999911e-01
9.899999999999999911e-01
9.496726669647290731e-01
9.899999999999999911e-01
9.864373105071713166e-01
9.899999999999999911e-01
