9.463714868644039768e-01
9.899999999999999911e-01
9.899999999999999911e-01
9.899999999999993250e-01
7.940459523411952381e-01
9.899999999999999911e-01
9.899999999999999911e-01
9.899999999999999911e-01
9.066581940334912382e-01
9.899999999999999911e-01
9.899999999999999911e-01
9.899999999999999911e-01
8.739428302923166747e-01
9.899999999999999911e-01
9.899999999999999911e-01
9.899999999999999911e-01
9.511042976686236994e-01
9.899999999999999911e-01
9.899999999999999911e-01
9.899999999999999911e-01
8.810372378351902789e-01
9.899999999999999911e-01
9.899999999999999911e-01
9.899999999999999911e-01
9.651499088522252912e-01
9.899999999999999911e-01
9.899999999999999911e-01
9.899999999999999911e-01
9.373679008867342732e-01
9.899999999999999911e-01
9.899999999999999911e-01
9.899999999999999911e-01
9.479794248944256596e-01
9.899999999999999911e-01
9.899999999999999911e-01
9.899999999999999911e-01
9.633685889584211459e-01
9.899999999999999911e-01
9.899999999999999911e-01
9.899999999999999911e-01
9.497290656161571087e-01
9.899999999999999911e-01
9.899999999999999911e-01
9.899999999999999911e-01
9.559977634916425604e-01
9.899999999999999911e-01
9.899999999999999911e-01
9.899999999999999911e-01
9.618217519667358051e-01
9.899999999999999911e-01
9.899999999999999911e-01
9.899999999999999911e-01
9.513492982748195104e-01
9.899999999999999911e-01
9.899999999999999911e-01
9.899999999999999911e-01
7.842824380942833296e-01
9.899999999999999911e-01
9.899999999999999911e-01
9.899999999999999911e-01
8.607215441306024228e-01
9.899999999999999911e-01
9.899999999999999911e-01
9.899999999999999911e-01
8.117701811620926522e-01
9.899999999999999911e-01
9.899999999999999911e-01
9.899999999999999911e-01
8.417365859638588077e-01
9.899999999999999911e-01
9.899999999999999911e-01
9.899999999999999911e-01
9.464851626750951930e-01
9.899999999999999911e-01
9.899999999999999911e-01
9.899999999999999911e-01
9.522078198662000670e-01
9.899999999999999911e-01
9.899999999999997691e-01
9.899999999999999911e-01
9.146153861555116338e-01
9.899999999999999911e-01
9.899999999999999911e-01
9.899999999999999911e-01
9.007186366650111742e-01
9.899999999999999911e-01
9.899999999999999911e-01
9.899999999999999911e-01
9.493460653825143147e-01
9.899999999999999911e-01
9.899999999999999911e-01
9.899999999999999911e-01
9.012015106176749502e-01
9.899999999999999911e-01
9.899999999999999911e-01
9.899999999999999911e-01
8.559979521225549171e-01
9.899999999999999911e-01
9.899999999999999911e-01
9.899999999999999911e-01
8.814006423293868631e-01
9.899999999999999911e-01
9.899999999999999911e-01
9.899999999999999911e-01
8.943988146289711949e-01
9.899999999999999911e-01
9.899999999999999911e-01
9.899999999999999911e-01
8.710856697144574445e-01
9.899999999999999911e-01
8.550265903646662169e-01
9.899999999999999911e-01
9.899999999999999911e-01
9.899999999999999911e-01
9.542020709251052279e-01
9.899999999999999911e-01
7.820354786510402834e-01
9.899999999999999911e-01
9.899999999999999911e-01
9.899999999999999911e-01
8.320071569407442302e-01
9.899999999999999911e-01
9.899999999999999911e-01
9.899999999999999911e-01
7.975622365815220327e-01
9.899999999999999911e-01
9.899999999999999911e-01
9.899999999999999911e-01
8.077386174828229404e-01
9.899999999999999911e-01
9.899999999999999911e-01
9.899999999999999911e-01
8.990111733201271438e-01
9.899999999999999911e-01
9.899999999999999911e-01
9.899999999999999911e-01
9.159487952160741964e-01
9.899999999999999911e-01
9.899999999999999911e-01
9.899999999999999911e-01
9.072333144677293681e-01
9.899999999999999911e-01
9.899999999999999911e-01
8.868926887955491667e-01
9.899999999999999911e-01
9.899999999999999911e-01
9.899999999999999911e-01
8.701821228393932239e-01
9.899999999999999911e-01
9.899999999999999911e-01
9.613398349074036009e-01
9.899999999999999911e-01
9.899999999999999911e-01
9.899999999999999911e-01
8.991637906715875816e-01
9.899999999999999911e-01
9.899999999999999911e-01
9.899999999999999911e-01
9.899999999999999911e-01
9.899999999999999911e-01
9.206870129712234618e-01
9.899999999999999911e-01
9.899999999999999911e-01
9.899999999999999911e-01
9.337338345590812105e-01
9.899999999999999911e-01
9.899999999999999911e-01
9.899999999999999911e-01
9.899999999999999911e-01
9.708278727906041183e-01
9.899999999999999911e-01
9.899999999999999911e-01
9.899999999999999911e-01
9.899999999999999911e-01
8.950781950115797025e-01
9.899999999999999911e-01
9.899999999999999911e-01
9.899999999999999911e-01
9.175339276259504295e-01
9.899999999999999911e-01
9.899999999999999911e-01
9.899999999999999911e-01
9.736637263269045661e-01
9.899999999999999911e-01
9.899999999999999911e-01
9.899999999999999911e-01
9.899999999999999911e-01
9.899999999999999911e-01
9.571987020050705119e-01
9.899999999999999911e-01
9.899999999999999911e-01
9.899999999999999911e-01
8.646260278462855053e-01
9.899999999999999911e-01
9.899999999999999911e-01
9.899999999999999911e-01
8.965689541943661078e-01
9.899999999999999911e-01
9.899999999999999911e-01
9.899999999999999911e-01
7.785636225140560862e-01
9.899999999999999911e-01
9.899999999999999911e-01
9.899999999999999911e-01
9.899999999999999911e-01
9.899999999999999911e-01
9.899999999999999911e-01
9.701961329654260613e-01
9.899999999999999911e-01
9.899999999999999911e-01
9.899999999999999911e-01
9.270708565868294171e-01
9.899999999999999911e-01
9.899999999999999911e-01
9.899999999999999911e-01
8.089443255270466482e-01
9.899999999999999911e-01
9.899999999999999911e-01
9.502167476959907377e-01
9.899999999999999911e-01
9.899999999999999911e-01
8.234613305177611586e-01
9.899999999999999911e-01
9.899999999999999911e-01
9.411342467345449325e-01
9.899999999999999911e-01
9.899999999999999911e-01
9.899999999999999911e-01
7.739250232047023559e-01
9.899999999999999911e-01
9.899999999999999911e-01
9.899999999999999911e-01
9.639457171210911168e-01
9.899999999999999911e-01
9.899999999999999911e-01
9.899999999999999911e-01
7.818438546700862135e-01
9.899999999999999911e-01
9.899999999999999911e-01
9.899999999999999911e-01
8.048096886301722153e-01
9.899999999999999911e-01
9.899999999999999911e-01
9.899999999999999911e-01
8.856668275954958647e-01
9.899999999999999911e-01
9.899999999999999911e-01
9.899999999999999911e-01
8.663268626126899852e-01
8.687226116034895140e-01
9.899999999999999911e-01
9.899999999999999911e-01
9.899999999999999911e-01
8.746453083938918738e-01
9.899999999999999911e-01
9.899999999999999911e-01
9.899999999999999911e-01
8.438259688587410601e-01
9.899999999999999911e-01
9.899999999999999911e-01
9.899999999999999911e-01
9.008666013249353455e-01
9.899999999999999911e-01
9.899999999999999911e-01
9.899999999999999911e-01
9.432469075978870965e-01
9.899999999999999911e-01
9.899999999999999911e-01
9.899999999999999911e-01
8.616509688452423932e-01
9.899999999999999911e-01
9.899999999999999911e-01
9.899999999999999911e-01
9.728040712715670946e-01
9.899999999999999911e-01
9.899999999999999911e-01
9.899999999999999911e-01
9.087526744839641291e-01
9.899999999999999911e-01
9.899999999999999911e-01
9.899999999999999911e-01
9.745640456782180827e-01
9.899999999999999911e-01
9.899999999999999911e-01
9.899999999999999911e-01
7.802323646169802007e-01
9.899999999999999911e-01
9.899999999999999911e-01
9.899999999999999911e-01
9.450506570363449432e-01
9.899999999999999911e-01
9.899999999999999911e-01
9.899999999999999911e-01
9.687993664787702963e-01
9.899999999999999911e-01
9.899999999999999911e-01
9.899999999999999911e-01
7.712243477921273405e-01
9.899999999999999911e-01
9.899999999999999911e-01
9.899999999999999911e-01
8.694321796047007611e-01
9.899999999999999911e-01
9.899999999999999911e-01
9.899999999999999911e-01
8.434167189932439967e-01
9.899999999999999911e-01
9.899999999999999911e-01
9.899999999999999911e-01
9.574457422870018553e-01
9.899999999999999911e-01
9.899999999999999911e-01
9.899999999999999911e-01
8.833708217573992272e-01
9.899999999999999911e-01
9.899999999999999911e-01
9.899999999999999911e-01
8.220388861367567968e-01
9.899999999999999911e-01
9.899999999999999911e-01
9.899999999999999911e-01
9.013899769254600791e-01
9.899999999999999911e-01
9.899999999999999911e-01
9.899999999999999911e-01
8.977926486356611058e-01
9.899999999999999911e-01
9.899999999999999911e-01
9.899999999999999911e-01
8.982795549969222471e-01
9.899999999999999911e-01
9.899999999999999911e-01
9.899999999999999911e-01
9.151025521687873310e-01
9.899999999999999911e-01
9.899999999999999911e-01
9.899999999999999911e-01
9.899999999999999911e-01
9.899999999999999911e-01
9.899999999999999911e-01
9.899999999999999911e-01
9.011804275229605699e-01
9.899999999999999911e-01
9.899999999999999911e-01
9.899999999999999911e-01
9.139126952731426723e-01
9.899999999999999911e-01
9.899999999999999911e-01
9.899999999999999911e-01
9.742967487914898639e-01
9.899999999999999911e-01
9.899999999999999911e-01
9.899999999999999911e-01
8.314413414233680077e-01
9.899999999999999911e-01
9.899999999999999911e-01
9.899999999999999911e-01
9.899999999999999911e-01
7.660382937494719657e-01
9.899999999999999911e-01
9.899999999999999911e-01
9.899999999999999911e-01
8.131200367130264617e-01
9.899999999999999911e-01
9.899999999999999911e-01
9.899999999999999911e-01
9.736111181171723805e-01
9.899999999999999911e-01
9.899999999999999911e-01
9.899999999999999911e-01
9.597856279588202755e-01
9.899999999999999911e-01
9.899999999999999911e-01
8.210648703388752079e-01
9.899999999999999911e-01
9.899999999999999911e-01
9.899999999999999911e-01
9.509773360328460656e-01
9.899999999999999911e-01
9.899999999999999911e-01
9.899999999999999911e-01
7.849167692196614698e-01
9.899999999999999911e-01
9.899999999999999911e-01
9.899999999999999911e-01
9.593817730163941571e-01
9.899999999999999911e-01
9.899999999999999911e-01
8.685245547461952764e-01
9.899999999999999911e-01
9.899999999999999911e-01
9.899999999999999911e-01
8.766307891232960614e-01
9.899999999999999911e-01
9.899999999999999911e-01
9.899999999999999911e-01
8.063812913459186271e-01
9.899999999999999911e-01
9.580172848801954411e-01
9.899999999999999911e-01
9.899999999999999911e-01
9.899999999999999911e-01
8.158317636015903762e-01
9.899999999999999911e-01
9.899999999999999911e-01
9.899999999999999911e-01
9.101530686808384507e-01
9.717984754277803061e-01
9.899999999999999911e-01
9.899999999999999911e-01
9.730622861453190886e-01
9.899999999999999911e-01
9.899999999999999911e-01
9.899999999999999911e-01
8.642811391115647890e-01
9.899999999999999911e-01
9.899999999999999911e-01
9.899999999999999911e-01
9.244888755062330432e-01
9.899999999999999911e-01
9.899999999999999911e-01
9.899999999999999911e-01
8.055851082007990938e-01
9.899999999999999911e-01
9.899999999999999911e-01
9.899999999999999911e-01
9.483345692268995153e-01
9.899999999999999911e-01
9.899999999999999911e-01
9.899999999999999911e-01
9.257754686115372555e-01
9.899999999999999911e-01
9.899999999999999911e-01
9.899999999999999911e-01
8.099504438085870506e-01
9.899999999999999911e-01
9.899999999999999911e-01
9.899999999999999911e-01
8.401420129106597079e-01
9.899999999999999911e-01
9.899999999999999911e-01
9.899999999999999911e-01
9.899999999999999911e-01
9.899999999999999911e-01
9.423090460092201637e-01
9.899999999999999911e-01
9.899999999999999911e-01
9.899999999999999911e-01
9.082072343867292341e-01
9.899999999999999911e-01
9.899999999999999911e-01
9.503299116261401114e-01
9.899999999999999911e-01
9.899999999999999911e-01
9.899999999999999911e-01
8.981739666444636949e-01
9.899999999999999911e-01
8.242982478650986433e-01
9.899999999999999911e-01
9.899999999999999911e-01
9.899999999999999911e-01
9.787286965047651277e-01
9.899999999999999911e-01
9.899999999999999911e-01
9.899999999999999911e-01
9.211438987714666293e-01
9.899999999999999911e-01
9.899999999999999911e-01
9.899999999999999911e-01
8.324505972769146167e-01
9.899999999999999911e-01
9.899999999999999911e-01
9.899999999999999911e-01
7.969720171545273679e-01
9.899999999999999911e-01
9.899999999999999911e-01
9.899999999999999911e-01
9.315250163856532151e-01
9.899999999999999911e-01
9.899999999999999911e-01
9.899999999999999911e-01
8.403413951263043469e-01
9.899999999999999911e-01
9.899999999999999911e-01
9.899999999999999911e-01
9.489237032547188644e-01
9.899999999999999911e-01
9.899999999999999911e-01
9.899999999999999911e-01
8.626147315140417771e-01
9.899999999999999911e-01
9.899999999999999911e-01
9.899999999999999911e-01
8.079089027100591069e-01
9.899999999999999911e-01
9.899999999999999911e-01
9.899999999999999911e-01
9.703287770833664005e-01
9.899999999999999911e-01
9.899999999999999911e-01
9.899999999999999911e-01
8.012377323815802477e-01
9.899999999999999911e-01
9.899999999999999911e-01
9.899999999999999911e-01
9.795411643019901193e-01
9.899999999999999911e-01
9.899999999999999911e-01
9.899999999999999911e-01
8.532796615912444649e-01
9.899999999999999911e-01
9.899999999999999911e-01
9.899999999999999911e-01
9.189672693877747323e-01
9.899999999999999911e-01
9.899999999999999911e-01
9.899999999999999911e-01
7.795696974146978375e-01
9.899999999999999911e-01
9.899999999999999911e-01
9.899999999999999911e-01
9.697649876625022980e-01
9.899999999999999911e-01
9.899999999999999911e-01
9.899999999999999911e-01
8.305146697900412933e-01
9.899999999999999911e-01
9.899999999999999911e-01
9.899999999999999911e-01
8.730484979418413616e-01
9.899999999999999911e-01
9.899999999999999911e-01
9.899999999999999911e-01
8.603828169371221524e-01
9.899999999999999911e-01
9.899999999999999911e-01
9.899999999999999911e-01
7.944526065277528470e-01
9.899999999999999911e-01
9.899999999999999911e-01
9.899999999999999911e-01
8.557991462622593914e-01
9.899999999999999911e-01
9.899999999999999911e-01
9.899999999999999911e-01
7.893903651144227318e-01
9.899999999999999911e-01
9.899999999999999911e-01
9.899999999999999911e-01
8.550878807378478053e-01
9.899999999999999911e-01
9.899999999999999911e-01
9.899999999999999911e-01
9.372691645667515781e-01
9.899999999999999911e-01
9.899999999999999911e-01
7.827234741187231171e-01
9.899999999999999911e-01
9.899999999999999911e-01
9.899999999999999911e-01
7.749670998996948112e-01
8.583499856567543551e-01
9.899999999999999911e-01
9.899999999999999911e-01
9.899999999999999911e-01
9.170691601243579072e-01
9.899999999999999911e-01
9.899999999999999911e-01
9.899999999999999911e-01
8.268371681041283283e-01
9.899999999999999911e-01
9.899999999999999911e-01
9.899999999999999911e-01
8.017124973257672149e-01
9.899999999999999911e-01
9.899999999999999911e-01
9.899999999999999911e-01
7.963628001319759120e-01
9.899999999999999911e-01
9.899999999999999911e-01
9.899999999999999911e-01
8.955366596290256220e-01
9.899999999999999911e-01
9.899999999999999911e-01
9.899999999999999911e-01
7.651708111864793382e-01
9.899999999999999911e-01
9.899999999999999911e-01
9.899999999999999911e-01
8.458112345313848479e-01
9.899999999999999911e-01
9.899999999999999911e-01
9.899999999999999911e-01
8.417032013162571991e-01
9.899999999999999911e-01
9.899999999999999911e-01
9.899999999999999911e-01
9.533875561089436568e-01
9.899999999999999911e-01
9.899999999999999911e-01
9.899999999999999911e-01
8.660080176805067254e-01
9.899999999999999911e-01
9.899999999999999911e-01
9.899999999999999911e-01
9.486862110357094924e-01
9.899999999999999911e-01
9.899999999999999911e-01
8.971738599735812336e-01
9.899999999999999911e-01
9.899999999999999911e-01
9.899999999999999911e-01
8.582930098984952183e-01
9.899999999999999911e-01
9.899999999999999911e-01
9.014835488385558593e-01
9.899999999999999911e-01
9.899999999999999911e-01
9.899999999999999911e-01
8.717160572050836054e-01
9.899999999999999911e-01
9.899999999999999911e-01
9.899999999999999911e-01
7.791868019974836912e-01
9.899999999999999911e-01
9.899999999999999911e-01
9.899999999999999911e-01
8.540412601539689730e-01
9.899999999999999911e-01
9.239936603581363483e-01
9.899999999999999911e-01
9.899999999999999911e-01
9.899999999999999911e-01
8.054809420370806494e-01
9.899999999999999911e-01
9.899999999999999911e-01
9.899999999999999911e-01
7.754744948464354914e-01
9.899999999999999911e-01
9.899999999999999911e-01
9.899999999999999911e-01
8.343334653197058692e-01
9.899999999999999911e-01
9.899999999999999911e-01
9.899999999999999911e-01
8.321057207110451603e-01
9.899999999999999911e-01
9.899999999999999911e-01
8.898568209447362820e-01
9.899999999999999911e-01
9.899999999999999911e-01
9.460821525741023308e-01
9.899999999999999911e-01
9.899999999999999911e-01
9.899999999999999911e-01
8.656335635611458468e-01
9.899999999999999911e-01
9.899999999999999911e-01
9.899999999999999911e-01
8.118831409013641531e-01
9.899999999999999911e-01
9.899999999999999911e-01
9.899999999999999911e-01
9.103396000643498853e-01
9.899999999999999911e-01
9.899999999999999911e-01
9.899999999999999911e-01
9.592469915472662256e-01
9.899999999999999911e-01
9.899999999999999911e-01
8.104710360879056052e-01
9.899999999999999911e-01
9.899999999999999911e-01
9.899999999999999911e-01
8.591859694772520095e-01
9.899999999999999911e-01
9.899999999999999911e-01
9.899999999999999911e-01
8.676383831408077674e-01
9.899999999999999911e-01
9.899999999999999911e-01
9.899999999999999911e-01
8.075644101581909151e-01
9.899999999999999911e-01
9.899999999999999911e-01
9.899999999999999911e-01
9.037833055963777618e-01
9.899999999999999911e-01
9.899999999999999911e-01
9.899999999999999911e-01
8.019033412992792043e-01
9.899999999999999911e-01
9.899999999999999911e-01
9.899999999999999911e-01
9.421266911220124163e-01
9.899999999999999911e-01
9.899999999999999911e-01
9.899999999999999911e-01
8.250378898722136034e-01
9.899999999999999911e-01
9.899999999999999911e-01
9.899999999999999911e-01
8.791136272966649789e-01
9.899999999999999911e-01
9.899999999999999911e-01
9.899999999999999911e-01
9.092580017370197609e-01
9.899999999999999911e-01
9.899999999999999911e-01
9.899999999999999911e-01
8.044370343498907783e-01
9.899999999999999911e-01
9.899999999999999911e-01
9.899999999999999911e-01
9.034095680104652359e-01
9.899999999999999911e-01
8.444664355751690943e-01
9.899999999999999911e-01
9.899999999999999911e-01
9.899999999999999911e-01
9.288027790862084521e-01
9.899999999999999911e-01
9.899999999999999911e-01
9.899999999999999911e-01
8.318164126324837371e-01
9.899999999999999911e-01
9.899999999999999911e-01
7.789341127187411340e-01
9.899999999999999911e-01
9.899999999999999911e-01
9.899999999999999911e-01
7.754632069190916521e-01
9.899999999999999911e-01
9.899999999999999911e-01
9.899999999999999911e-01
8.670637629084150255e-01
9.899999999999999911e-01
9.899999999999999911e-01
9.370723694170528528e-01
9.899999999999999911e-01
9.899999999999999911e-01
9.899999999999999911e-01
9.356872669961511235e-01
9.899999999999999911e-01
9.899999999999999911e-01
8.083675790884945478e-01
9.899999999999999911e-01
9.899999999999999911e-01
9.899999999999999911e-01
9.774952354430083146e-01
9.899999999999999911e-01
9.899999999999999911e-01
9.899999999999999911e-01
8.058730596012825265e-01
9.899999999999999911e-01
9.899999999999999911e-01
9.899999999999999911e-01
8.516685436907257545e-01
9.899999999999999911e-01
9.899999999999999911e-01
9.899999999999999911e-01
9.551780471940494177e-01
9.899999999999999911e-01
9.899999999999999911e-01
9.899999999999999911e-01
8.921166685570012245e-01
9.899999999999999911e-01
9.899999999999999911e-01
8.973325827206167782e-01
9.899999999999999911e-01
9.899999999999999911e-01
9.899999999999999911e-01
8.835230071634811999e-01
9.899999999999999911e-01
9.899999999999999911e-01
9.899999999999999911e-01
7.994634208799050734e-01
9.899999999999999911e-01
9.899999999999999911e-01
9.899999999999999911e-01
8.692026829475062444e-01
9.899999999999999911e-01
7.850602820982783836e-01
9.899999999999999911e-01
9.899999999999999911e-01
8.695099241480723773e-01
9.899999999999999911e-01
9.899999999999999911e-01
9.899999999999999911e-01
9.543880420062600400e-01
9.899999999999999911e-01
9.899999999999999911e-01
9.899999999999999911e-01
9.195636824679448429e-01
9.899999999999999911e-01
9.899999999999999911e-01
8.214577155559940058e-01
9.899999999999999911e-01
9.899999999999999911e-01
9.899999999999999911e-01
9.543661391768191171e-01
9.899999999999999911e-01
9.899999999999999911e-01
9.899999999999999911e-01
8.363027915679922542e-01
9.899999999999999911e-01
9.899999999999999911e-01
9.637508748543440751e-01
9.899999999999999911e-01
9.899999999999999911e-01
9.899999999999999911e-01
8.068553892664097615e-01
9.899999999999999911e-01
9.899999999999999911e-01
9.501805045406703787e-01
9.899999999999999911e-01
9.899999999999999911e-01
9.899999999999999911e-01
8.742204369897890182e-01
9.899999999999999911e-01
9.899999999999999911e-01
9.899999999999999911e-01
9.475360912028786275e-01
9.899999999999999911e-01
9.899999999999999911e-01
9.899999999999999911e-01
8.896485544364303166e-01
9.899999999999999911e-01
9.899999999999999911e-01
9.899999999999999911e-01
8.482211049884239573e-01
9.899999999999999911e-01
9.899999999999999911e-01
9.899999999999999911e-01
9.509578982420058280e-01
9.899999999999999911e-01
9.899999999999999911e-01
9.899999999999999911e-01
8.686296979821759301e-01
9.899999999999999911e-01
9.899999999999999911e-01
9.697850704741636241e-01
9.899999999999999911e-01
9.899999999999999911e-01
9.899999999999999911e-01
9.130278881896700671e-01
9.899999999999999911e-01
9.274665236711452376e-01
9.899999999999999911e-01
9.899999999999999911e-01
9.899999999999999911e-01
8.082976429937019924e-01
9.899999999999999911e-01
9.899999999999999911e-01
9.899999999999999911e-01
9.560950160165784251e-01
9.899999999999999911e-01
9.899999999999999911e-01
9.899999999999999911e-01
9.163083928607450579e-01
9.899999999999999911e-01
9.899999999999999911e-01
8.047121522478501987e-01
9.899999999999999911e-01
9.899999999999999911e-01
9.899999999999999911e-01
9.483207914691468288e-01
9.899999999999999911e-01
9.899999999999999911e-01
9.899999999999999911e-01
9.535758713954125554e-01
9.899999999999999911e-01
9.899999999999999911e-01
9.899999999999999911e-01
8.932249685319891830e-01
9.899999999999999911e-01
9.899999999999999911e-01
9.899999999999999911e-01
8.013717293244658757e-01
9.899999999999999911e-01
9.899999999999999911e-01
9.899999999999999911e-01
8.133467359220800663e-01
9.899999999999999911e-01
9.899999999999999911e-01
9.899999999999999911e-01
8.215867571791911628e-01
9.899999999999999911e-01
9.899999999999999911e-01
7.921200624448165861e-01
9.899999999999999911e-01
9.899999999999999911e-01
9.899999999999999911e-01
9.330621701380130695e-01
9.899999999999999911e-01
9.899999999999999911e-01
7.766307801428843360e-01
9.899999999999999911e-01
9.899999999999999911e-01
9.899999999999999911e-01
9.528466703515745539e-01
9.899999999999999911e-01
7.883012067610696283e-01
9.899999999999999911e-01
9.899999999999999911e-01
7.824765209915420794e-01
9.899999999999999911e-01
9.899999999999999911e-01
9.403776176249794005e-01
9.899999999999999911e-01
9.899999999999999911e-01
9.523267196697638992e-01
9.899999999999999911e-01
9.899999999999999911e-01
9.899999999999999911e-01
9.704968239206424041e-01
9.899999999999999911e-01
9.899999999999999911e-01
8.255690986628763106e-01
9.899999999999999911e-01
9.899999999999999911e-01
9.899999999999999911e-01
8.475470065502138661e-01
9.899999999999999911e-01
9.899999999999999911e-01
9.899999999999999911e-01
8.849329088416915123e-01
9.899999999999999911e-01
9.899999999999999911e-01
9.899999999999999911e-01
9.662424428310034674e-01
9.899999999999999911e-01
9.899999999999999911e-01
9.099710551152117022e-01
9.899999999999999911e-01
9.899999999999999911e-01
9.899999999999999911e-01
9.140712648409115015e-01
9.899999999999999911e-01
9.899999999999999911e-01
9.352021086339095124e-01
9.899999999999999911e-01
9.899999999999999911e-01
9.899999999999999911e-01
9.695746860925082977e-01
9.899999999999999911e-01
9.899999999999999911e-01
9.899999999999999911e-01
9.899999999999999911e-01
9.899999999999999911e-01
9.289217449634743495e-01
9.899999999999999911e-01
9.899999999999999911e-01
8.146034847029574033e-01
9.899999999999999911e-01
9.899999999999999911e-01
9.899999999999999911e-01
8.609673579936016896e-01
9.899999999999999911e-01
9.899999999999999911e-01
9.899999999999999911e-01
8.548799891820831887e-01
9.899999999999999911e-01
7.655549757810276024e-01
9.899999999999999911e-01
9.899999999999999911e-01
9.168859003098066562e-01
9.899999999999999911e-01
9.899999999999999911e-01
9.899999999999999911e-01
8.969118275241417804e-01
9.899999999999999911e-01
9.899999999999999911e-01
9.899999999999999911e-01
8.513346697914864203e-01
9.899999999999999911e-01
9.899999999999999911e-01
8.475831209734859817e-01
9.899999999999999911e-01
9.899999999999999911e-01
9.899999999999999911e-01
9.009947020313702204e-01
9.899999999999999911e-01
9.899999999999999911e-01
9.899999999999999911e-01
9.620673447796567190e-01
9.899999999999999911e-01
9.899999999999999911e-01
9.899999999999999911e-01
8.753448841087237975e-01
9.899999999999999911e-01
9.899999999999999911e-01
9.899999999999999911e-01
8.802633116310488726e-01
9.899999999999999911e-01
9.899999999999999911e-01
9.899999999999999911e-01
9.023472585138420099e-01
9.899999999999999911e-01
9.899999999999999911e-01
9.899999999999999911e-01
8.272974384186236874e-01
9.899999999999999911e-01
9.899999999999999911e-01
9.899999999999999911e-01
8.410728452455098481e-01
9.899999999999999911e-01
9.899999999999999911e-01
9.899999999999999911e-01
9.158797512348577641e-01
9.899999999999999911e-01
9.899999999999999911e-01
9.899999999999999911e-01
8.491886146998864904e-01
9.899999999999999911e-01
9.899999999999999911e-01
9.899999999999999911e-01
8.562920870786621119e-01
9.899999999999999911e-01
9.899999999999999911e-01
9.089815667866510962e-01
9.899999999999999911e-01
9.899999999999999911e-01
9.899999999999999911e-01
