6.579741989924424717e-01
6.689917417418442813e-01
6.619611390374369186e-01
6.651410596507760786e-01
6.592855899010784393e-01
6.557124075246391071e-01
6.603203448038286183e-01
6.573471107897659316e-01
6.656319731770516945e-01
6.747507748732980426e-01
6.604986913190856734e-01
6.677374376346119078e-01
6.579543924468346239e-01
6.597525575582063873e-01
6.563525100320347638e-01
6.548549777071489553e-01
6.571140869198192069e-01
6.604688863892904660e-01
6.567241154324012786e-01
6.581873760374438165e-01
6.587658066159060022e-01
6.561144787967979619e-01
6.598213680233782075e-01
6.559408350559984280e-01
6.590284405163142623e-01
6.683603750310430636e-01
6.554498691084237327e-01
6.609404096449108534e-01
6.563323339404496526e-01
6.616886684958197540e-01
6.561393404489612724e-01
6.562098207756530410e-01
6.558637056248032282e-01
6.592972614268457487e-01
6.559349860966420254e-01
6.560608365973386036e-01
6.550552618077015721e-01
6.611694228113942362e-01
6.545083367160678955e-01
6.590134466245893829e-01
6.570136501360300807e-01
6.568341077396898653e-01
6.579234943213969622e-01
6.583885584953191872e-01
6.561230736734529057e-01
6.660063158002444972e-01
6.565185033500976486e-01
6.592632180021495980e-01
6.591436062666437001e-01
6.563303600404072347e-01
6.607242504623401791e-01
6.574369947093140487e-01
6.584377502364263668e-01
6.564360346130918566e-01
6.576838376011536758e-01
6.568789434336557154e-01
6.582922050536258451e-01
6.568390523614101584e-01
6.596008473670921246e-01
6.571824574264678587e-01
6.543107031175525723e-01
6.591910220229065809e-01
6.570462500577479714e-01
6.566594086137840236e-01
6.588734255664671080e-01
6.549558699292727937e-01
6.580521092328174282e-01
6.574150175740792745e-01
6.584350802775458256e-01
6.574808576396592441e-01
6.581957523754495831e-01
6.574922210691244162e-01
6.588588734337055275e-01
6.589281423304808039e-01
6.597844236621577263e-01
6.567397795725113951e-01
6.545484817448840031e-01
6.564114634028264117e-01
6.539042939089171336e-01
6.623962075436417019e-01
6.583772937712272233e-01
6.692102733248919133e-01
6.553484417210867496e-01
6.612879766213461963e-01
6.588042694833337043e-01
6.627594582274443091e-01
6.580040344255091433e-01
6.569183749473846978e-01
6.585385074185512444e-01
6.595607073946211374e-01
6.567349064150085347e-01
6.556953571569498207e-01
6.583824575911488841e-01
6.593455343322477402e-01
6.587037039933011373e-01
6.566943349417753151e-01
6.577238631254670453e-01
6.674638118202003145e-01
6.560531175016407479e-01
6.568050924947401725e-01
6.576869229237637393e-01
6.628379642775709124e-01
6.576282209076138585e-01
6.563287451586525822e-01
6.579262415146398535e-01
6.587564667216907477e-01
6.579924510479295829e-01
6.576158855279609083e-01
6.524100410417593698e-01
6.596231560118762660e-01
6.551257242397228175e-01
6.660346273438613185e-01
6.533751616954723840e-01
6.571713309800971681e-01
6.517050539174999990e-01
6.489241425269118846e-01
6.590335219993923577e-01
6.590479968242562991e-01
6.581532571636722340e-01
6.566920397646762719e-01
6.588398379802251625e-01
6.582832147198723893e-01
6.579870283777785600e-01
6.565905676001672076e-01
6.577083447122029636e-01
6.633155389553583303e-01
6.578925712170546891e-01
6.572765354400996740e-01
6.551960623206921630e-01
6.643120032973633959e-01
6.565481057584418023e-01
6.581339318604403354e-01
6.591813940646016334e-01
6.599079797522304780e-01
6.595141295125350744e-01
6.573553498452845423e-01
6.580003395847612291e-01
6.579551726686445612e-01
6.581385772419076075e-01
6.569495751968972286e-01
6.621011535204142096e-01
6.632979447487675762e-01
6.653381585768509687e-01
6.573120330197513850e-01
6.559986246570234103e-01
6.602376644014287255e-01
6.614926624506897168e-01
6.592869415026875179e-01
6.588692287544046788e-01
6.630487916281609939e-01
6.678745867207237508e-01
6.633077458780104463e-01
6.706038689184046220e-01
6.642218589947896934e-01
6.585603186151763877e-01
6.577713208912970844e-01
6.591783043589442004e-01
6.583644583601826472e-01
6.613178014679237382e-01
6.587258823292140297e-01
6.572446196488693770e-01
6.649369892111208769e-01
6.570225960470591486e-01
6.579481558732753754e-01
6.543290414618060380e-01
6.587041693446473722e-01
6.540534203950025827e-01
6.608724339865403863e-01
6.591296300953350951e-01
6.545580403419458682e-01
6.612715874095320689e-01
6.538032192523183239e-01
6.630479139072249506e-01
6.646823270926819349e-01
6.544872565404501463e-01
6.636539319270053916e-01
6.567692510521644378e-01
6.621042284401070788e-01
6.606773120510512909e-01
6.662462548988118405e-01
6.559472803465277169e-01
6.599414777830704404e-01
6.532150342726846803e-01
6.619123865317809718e-01
6.522126777374255280e-01
6.593865887133060211e-01
6.651108449489501195e-01
6.586970026796186151e-01
6.518879708924338878e-01
6.617377265105824913e-01
6.526329221853136575e-01
6.610198629547691107e-01
6.522120604160778212e-01
6.609067138981685741e-01
6.556568851922609520e-01
6.606865215019058768e-01
6.574604422916942026e-01
6.612205163680224818e-01
6.561230586932554898e-01
6.578802025969916478e-01
6.571164323413226649e-01
6.548186444985333310e-01
6.575000448153878185e-01
6.562285587006085885e-01
6.706632319536033338e-01
6.595425529247374019e-01
6.637480464438367811e-01
6.594348419535982497e-01
6.690970684440646910e-01
6.607314116200680987e-01
6.643803780273158655e-01
6.581517049882492643e-01
6.548672747946521211e-01
6.580420419653497666e-01
6.562993176022965391e-01
6.599001051175235055e-01
6.612743421353134421e-01
6.623608876645100674e-01
6.522943595846102394e-01
6.524001142239144180e-01
6.595589163866004689e-01
6.552273654149188831e-01
6.538743892008990199e-01
6.628406264796163905e-01
6.518484227581806678e-01
6.668555048335108593e-01
6.530486791779093192e-01
6.585828159516040614e-01
6.548183031720917757e-01
6.560567078621023507e-01
6.576412032638321303e-01
6.577393343064930065e-01
6.563130594279058538e-01
6.670415826626813205e-01
6.543332632810228144e-01
6.588171138254808046e-01
6.577488632446210071e-01
6.566219693594123052e-01
6.589981215638139878e-01
6.585612433667287213e-01
6.567254694561261985e-01
6.561811003199468084e-01
6.590964257625355760e-01
6.577121850677661863e-01
6.565811159258595486e-01
6.559194402773206312e-01
6.579226054859009798e-01
6.567366457314054440e-01
6.484559537457179612e-01
6.581098629420755186e-01
6.559968718062748616e-01
6.567494532861769541e-01
6.570881700077939591e-01
6.584334192743173109e-01
6.584886743787471408e-01
6.580643743705351101e-01
6.564650899035796572e-01
6.585791006472712095e-01
6.643840623815487900e-01
6.588644740628802898e-01
6.564401924150228274e-01
6.585243826050716232e-01
6.556969585095382413e-01
6.585225022575953435e-01
6.566998888663390099e-01
6.586271587731025168e-01
6.710823739698541512e-01
6.562570119525267254e-01
6.597098346132512781e-01
6.558917853720498403e-01
6.659758655905351210e-01
6.558681678990323505e-01
6.594237689180212358e-01
6.586000780352581074e-01
6.583621286502931991e-01
6.577623024914633909e-01
6.561188840433130887e-01
6.571985649701136412e-01
6.610950227815420854e-01
6.574758571247424355e-01
6.625417909350218570e-01
6.579678788011689150e-01
6.653198510927396114e-01
6.560585897721968873e-01
6.559669143693070970e-01
6.586296956055308627e-01
6.612169570111737782e-01
6.585799951778179562e-01
6.568874964985671472e-01
6.581966825405950461e-01
6.627995406154655322e-01
6.573656456262209069e-01
6.565065754708123702e-01
6.578340362019676757e-01
6.645133478895279833e-01
6.573420014645847687e-01
6.569110434197636961e-01
6.572677456331573742e-01
6.561476022509957762e-01
6.589208893189770766e-01
6.584667020695683659e-01
6.580445757832718012e-01
6.617788551657749485e-01
6.576715547079227120e-01
6.586041807881174437e-01
6.589421396873703651e-01
6.579659842306291306e-01
6.591117147690749301e-01
6.592398944590077692e-01
6.588075019150092526e-01
6.593323495992379213e-01
6.563456617726319831e-01
6.585939251306340836e-01
6.586274884887124426e-01
6.558202599235528618e-01
6.585513909661458998e-01
6.567662489758094857e-01
6.586782294250835834e-01
6.568589377514975070e-01
6.594621702892692339e-01
6.583209473702461567e-01
6.564405432363209503e-01
6.576484061112340962e-01
6.575501812218680353e-01
6.577134175811847339e-01
6.595979589912412955e-01
6.583169076021991861e-01
6.568915696007113780e-01
6.578154495803071322e-01
6.569981533061853840e-01
6.660391273032739701e-01
6.574913638318455877e-01
6.619429694455639668e-01
6.557069519176954575e-01
6.562786111030778358e-01
6.567878282577231941e-01
6.572710957144892729e-01
6.754492915695005095e-01
6.642752428524936192e-01
6.628585150839766404e-01
6.592229948194491262e-01
6.609761586823368340e-01
6.677896680017019193e-01
6.598892158732073687e-01
6.623848145136497223e-01
6.568526780744986526e-01
6.547145948883199562e-01
6.579068345047044408e-01
6.568535465071462243e-01
6.683594105817078912e-01
6.781664323771363634e-01
6.737021675080782090e-01
6.546238618827020517e-01
6.587309589815658617e-01
6.688693709084782002e-01
6.583304043912970860e-01
6.606710103238232490e-01
6.553088016675743255e-01
6.563559717331084453e-01
6.563105790631632575e-01
6.573382054528293938e-01
6.553139212808568592e-01
6.545786277292814370e-01
6.582533037245712482e-01
6.575343513857113686e-01
6.610645993399677511e-01
6.543504929979464535e-01
6.584140070012726165e-01
6.568031589313334528e-01
6.600892929559392108e-01
6.553449809286443495e-01
6.597422601710117851e-01
6.581208592311452721e-01
6.566919273572902060e-01
6.578545546343165240e-01
6.587348894483130435e-01
6.584944941874910640e-01
6.579508223446475235e-01
6.699434480263932734e-01
6.565408915467574325e-01
6.561414011644500777e-01
6.587372289463195862e-01
6.568421509896179566e-01
6.587800381007855588e-01
6.569997205667490459e-01
6.537121275370941786e-01
6.529196739960262397e-01
6.613845230884558557e-01
6.571662918539749043e-01
6.666082579089408489e-01
6.512838253352732920e-01
6.590578855995309349e-01
6.586502511161336226e-01
6.586015222181655915e-01
6.588945884981611822e-01
6.565477599755512594e-01
6.543425668311446675e-01
6.625543580036070690e-01
6.500324036980894560e-01
6.664416362259483195e-01
6.491417756863052668e-01
6.628471294448528006e-01
6.580128733483228132e-01
6.645471708038231951e-01
6.561841228515123969e-01
6.569602836453038996e-01
6.521323373101745036e-01
6.580841583893892732e-01
6.579615389742773379e-01
6.561316634352134525e-01
6.594699021028200825e-01
6.578788456188920941e-01
6.587258233357383697e-01
6.566245629163995901e-01
6.581220838491284031e-01
6.572592550209396256e-01
6.573282259455726084e-01
6.591002461806442225e-01
6.590563462524331451e-01
6.570933810057918434e-01
6.589889834493042331e-01
6.566754022438784366e-01
6.560160791810313308e-01
6.600966179836955661e-01
6.570952777521409383e-01
6.574675428536934652e-01
6.596836821046656585e-01
6.565234975434103282e-01
6.576458619424654373e-01
6.570038164737406206e-01
6.583328174878082528e-01
6.559148157243442911e-01
6.585942201866157308e-01
6.569209976381131799e-01
6.557784080936608362e-01
6.600575823332660574e-01
6.556653099693979803e-01
6.567126885919526424e-01
6.574749513758726405e-01
6.589681738040401582e-01
6.604863777934837366e-01
6.563712728759060200e-01
6.704227049090915047e-01
6.575879068273190464e-01
6.569766719503640218e-01
6.609539664048676988e-01
6.562013038775373897e-01
6.613479044660146577e-01
6.561587692753878542e-01
6.546166233922595667e-01
6.629053390401546952e-01
6.575953590182499475e-01
6.555825147629914529e-01
6.583231429692379955e-01
6.560586953593841031e-01
6.569721003210708954e-01
6.652818657663036594e-01
6.549520836235933618e-01
6.582215733166735250e-01
6.571229673883316469e-01
6.582631890861523338e-01
6.582112570339563318e-01
6.695196645839784910e-01
6.582053023313834128e-01
6.662104178765573259e-01
6.548537073155373811e-01
6.572817368279335604e-01
6.586243384652102906e-01
6.563468128713142447e-01
6.547958013153926116e-01
6.565583853588243812e-01
6.593663205909700009e-01
6.557675213579996498e-01
6.560444169229459055e-01
6.561495613517749348e-01
6.583717384890072077e-01
6.566055659820528856e-01
6.524526218481671025e-01
6.592013915823028425e-01
6.533712900546246871e-01
6.592185850994172203e-01
6.554530476985481746e-01
6.602556559773562483e-01
6.594169849670741268e-01
6.580465903639621805e-01
6.545555941927772015e-01
6.575760994879151777e-01
6.589148597623093462e-01
6.558168683072806981e-01
6.578772268958327230e-01
6.669892387467550865e-01
6.537626295795627707e-01
6.585789975085618586e-01
6.511225500726800508e-01
6.643993350204314696e-01
6.507601676582662753e-01
6.597816262427388390e-01
6.559768967214439916e-01
6.687073557614373609e-01
6.535045594252425483e-01
6.596077145300280886e-01
6.584438057211912110e-01
6.608872754027173002e-01
6.571620157554456387e-01
6.571274531070396829e-01
6.490654793562737890e-01
6.715004422559589514e-01
6.512041880457166698e-01
6.581501248692361861e-01
6.505433145377190751e-01
6.607236571469200515e-01
6.548598662078980448e-01
6.551355192463882426e-01
6.558585863851733588e-01
6.714618571602752883e-01
6.530124227945024451e-01
6.571496632952198436e-01
6.582035856811860874e-01
6.606618868613726159e-01
6.590192254033425678e-01
6.577086216603920121e-01
6.565538729558382247e-01
6.592737042868969111e-01
6.602872988644107322e-01
6.562172964097789940e-01
6.538895218191380643e-01
6.622223540763756411e-01
6.553793129764513559e-01
6.568439192613174660e-01
6.578476371211170459e-01
6.556814020862716808e-01
6.595847347665080296e-01
6.561421892163639136e-01
6.570397183007338215e-01
6.563792430047603599e-01
6.593067695323241439e-01
6.566358214158795059e-01
6.578469608760815213e-01
6.649375728615488645e-01
6.574089958686426538e-01
6.576754304649453653e-01
6.570512433594427604e-01
6.597457950704688212e-01
6.569260444812883293e-01
6.579818590004592460e-01
6.585711584627798043e-01
6.678663464276155537e-01
6.565308845325604770e-01
6.575746559782652545e-01
6.589480938332549220e-01
6.621639878917677802e-01
6.584878992032109357e-01
6.580345894207813018e-01
6.578815517339227092e-01
6.548900697228944301e-01
6.604947446847073689e-01
6.597359999750191939e-01
6.600397136616004135e-01
6.569792965098227855e-01
6.552489062318259672e-01
6.551932370184345711e-01
6.572225495979755472e-01
6.684651302322753841e-01
6.533842068424488003e-01
6.570181284780317599e-01
6.601376859423800925e-01
6.634773338645231222e-01
6.662902798922041292e-01
6.590146769005278404e-01
6.580280338124876449e-01
6.685756868733335745e-01
6.525613946233627116e-01
6.573642365881297023e-01
6.589257093897866735e-01
6.604411537277150579e-01
6.589974072603387301e-01
6.578816172224610792e-01
6.599338173283261222e-01
6.568088405165485311e-01
6.570304316397461708e-01
6.584447591010892387e-01
6.610028117850992313e-01
6.582297693573704311e-01
6.590618087998219021e-01
6.569960375377190687e-01
6.616173253368085039e-01
6.619280263085340898e-01
6.616207169405138311e-01
6.540008131489821741e-01
6.614196514374905966e-01
6.574146089219961020e-01
6.564891884996899574e-01
6.581160798096908904e-01
6.592836100331319615e-01
6.556545953374655067e-01
6.577713741191192343e-01
6.582029182258024580e-01
6.602270846736861820e-01
6.681059201535827219e-01
6.552498229149377185e-01
6.591765831869615955e-01
6.529212123467449391e-01
6.631587166798106336e-01
6.497653762605826167e-01
6.607287430127855021e-01
6.573025225902240365e-01
6.539190908450798201e-01
6.621969554841382610e-01
6.577017510517404464e-01
6.596836562466874554e-01
6.569105000188746324e-01
6.584394171288748820e-01
6.503452336217360186e-01
6.526458823206644499e-01
6.610796362817079608e-01
6.538008268081809682e-01
6.600136499776706467e-01
6.532378171984147830e-01
6.581151912592037023e-01
6.551483637534016857e-01
6.623158503275623499e-01
6.548923184060240210e-01
6.579518102225576648e-01
6.578965805894092522e-01
6.578811675880136267e-01
6.609549978664454040e-01
6.602196986296612335e-01
6.508470095892905372e-01
6.527572433147809106e-01
6.551789984842588677e-01
6.559762841412527523e-01
6.592691710669660310e-01
6.597312423930675740e-01
6.567542577235022661e-01
6.550733000844095599e-01
6.580644872706539195e-01
6.581139408381297962e-01
6.581425522189504607e-01
6.601445557049171464e-01
6.593898428714136672e-01
6.592190610619377278e-01
6.591728310310421834e-01
6.567592568060798275e-01
6.592274507503220748e-01
6.574923129354797169e-01
6.566937132205797889e-01
6.714271821929997941e-01
6.561789717059803850e-01
6.554023413534402209e-01
6.538153851242235470e-01
6.593448035103608440e-01
6.589418038782164366e-01
6.622818975675738296e-01
6.571784552145608638e-01
6.575475508075449005e-01
6.583296203067127150e-01
6.559342873223386050e-01
6.594802575197553640e-01
6.589027004096126294e-01
6.575645459206931331e-01
6.675227946690291958e-01
6.552897969767564890e-01
6.561627780370583585e-01
6.596962205881256036e-01
6.598991478646397679e-01
6.584068942393381807e-01
6.567692347840824452e-01
6.563153769805923909e-01
6.526312912725449333e-01
6.559495888490347593e-01
6.584457627588466977e-01
6.606237471150222529e-01
6.573334744054950551e-01
6.577843819730387898e-01
6.590426896462663331e-01
6.584328296498280775e-01
6.592070541270819151e-01
6.577178012312598909e-01
6.578485194496088706e-01
6.678079378845304115e-01
6.547397808392513285e-01
6.564490623891530152e-01
6.578592569251526800e-01
6.633122427309933178e-01
6.560034979112330245e-01
6.626850425610399942e-01
6.580157151088954492e-01
6.589348165726719442e-01
6.580429061358218368e-01
6.592817270869459900e-01
6.587788357706070297e-01
6.571044639016848654e-01
6.583552434700042921e-01
6.578748615443646974e-01
6.587242549732523766e-01
6.575412090482620764e-01
6.581776863483559392e-01
6.563644129568505514e-01
6.580976175916629645e-01
6.591922052871783677e-01
6.638340848341980349e-01
6.594406513709112350e-01
6.575848608553829244e-01
6.594590621298850319e-01
6.605999529119351843e-01
6.599020234273490493e-01
6.572752360095410751e-01
6.598576423650389655e-01
6.584036617821575899e-01
6.575180628545538308e-01
6.572582433406030100e-01
6.556410280633457877e-01
6.585318252648512116e-01
6.576511741846052805e-01
6.573483447590907636e-01
6.561407496941368267e-01
6.587444226898638844e-01
6.619167643146914859e-01
6.577188151696279350e-01
6.576975776365178161e-01
6.557432100282852838e-01
6.566779929026718143e-01
6.561651187978824185e-01
6.576465160889161110e-01
6.591395394975939626e-01
6.541989002854722290e-01
6.565084057313006483e-01
6.571323820161223406e-01
6.580859695082549310e-01
6.579749019660402487e-01
6.594939494591567364e-01
6.581240942864790000e-01
6.616218794379764567e-01
6.572793915308117185e-01
6.563758746455936599e-01
6.600199274299101138e-01
6.617761795040292272e-01
6.575528094967727499e-01
6.574754186035834946e-01
6.563129259792440662e-01
6.587916505719474403e-01
6.585659040827360755e-01
6.590801236968960586e-01
6.576985680538095513e-01
6.585905839834217401e-01
6.582138401351840251e-01
6.580293941406644143e-01
6.576308421726663189e-01
6.584783961326228230e-01
6.559992597640741385e-01
6.574493728506722867e-01
6.626435753372453830e-01
6.567111177827030799e-01
6.589312884521748570e-01
6.562446647622909301e-01
6.584661713112317516e-01
6.585856132819832842e-01
6.576288732641700774e-01
6.562020987670048600e-01
6.589210924608448483e-01
6.579833150481037007e-01
6.569343231680782047e-01
6.588325498748598408e-01
6.563727639293460703e-01
6.564893984310857800e-01
6.627422531605252631e-01
6.617785603777329717e-01
6.529153908500483494e-01
6.572770137182060157e-01
6.584216529765396508e-01
6.575446779136210340e-01
6.571641523001613416e-01
6.585384798428571829e-01
6.585597503670772568e-01
6.585985506972706904e-01
6.569791627581579307e-01
6.585842335639489065e-01
6.589611802016990261e-01
6.585817770218500566e-01
6.568441876231591037e-01
6.604547932172289970e-01
6.556426503975288922e-01
6.546875955441244788e-01
6.557460166683356517e-01
6.579376007855778363e-01
6.578630864213192986e-01
6.598661973432662364e-01
6.572016261349186150e-01
6.562806941399588201e-01
6.574201138289004209e-01
6.561862024325039178e-01
6.592229076128158782e-01
6.568851131056875348e-01
6.578012666625863147e-01
6.555315164605856060e-01
6.569821961688249168e-01
6.586120047096365449e-01
6.631009623718118196e-01
6.588492199902822311e-01
6.588289792378102527e-01
6.584426869020061357e-01
6.599436555535932447e-01
6.566007259508959137e-01
6.569505190924047611e-01
6.568069453654635792e-01
6.545549370928637201e-01
6.569295742823069162e-01
6.596283901105455261e-01
6.588848703326383172e-01
6.599503423440087335e-01
6.580864481626057527e-01
6.544989642942523611e-01
6.530638892210711699e-01
6.574345563697894246e-01
6.580823930912866881e-01
6.553526592590761535e-01
6.582151242978668826e-01
6.598385465146541229e-01
6.596095216247034321e-01
6.574107611349259139e-01
6.566368412304292024e-01
6.583584811726898023e-01
6.555714007325531556e-01
6.612429274803902635e-01
6.576488073197107598e-01
6.573158117951232171e-01
6.577614049649044281e-01
6.587155277527189101e-01
6.591219151720119074e-01
6.571443450682582510e-01
6.594098320781396350e-01
6.579563046896875766e-01
6.571192594017208899e-01
6.581698736406017547e-01
6.570520045081514882e-01
6.583128076367000814e-01
6.566733948973786372e-01
6.584680813665259036e-01
6.580506009445205029e-01
6.543778540390858822e-01
6.569102478649332388e-01
6.574546281446421725e-01
6.597260944802618710e-01
6.581715117546649285e-01
6.561175544051203179e-01
6.537712593780178327e-01
6.584650907311986323e-01
6.593595918796167910e-01
6.586465328727098001e-01
6.592764375171348279e-01
6.581822186069585801e-01
6.574809433519073210e-01
6.629687208610574034e-01
6.532715393547178229e-01
6.566123612915394370e-01
6.563317688812643214e-01
6.697909134422448396e-01
6.540354601725113515e-01
6.580972178030853881e-01
6.608724544412188928e-01
6.624958267280697255e-01
6.561844913748700048e-01
6.588981131371794975e-01
6.612577112388049461e-01
6.586363647482506023e-01
6.572812665182721226e-01
6.598994190765589130e-01
6.578106583048346501e-01
6.587200625143431187e-01
6.576401617211725670e-01
6.590806231933964421e-01
6.583617134749124578e-01
6.599559161201847823e-01
6.562601998078421150e-01
6.561189720263296277e-01
6.606615175513232963e-01
6.566715790288251142e-01
6.582792748493312418e-01
6.615494167837122630e-01
6.565226563263869553e-01
6.581703142963907238e-01
6.579272394079554998e-01
6.598380153715605045e-01
6.559773439789895466e-01
6.568371283938535532e-01
6.577426429421640020e-01
6.559068313807771000e-01
6.585372756299540109e-01
6.575424211105550532e-01
6.585828722275971492e-01
6.612070685890332200e-01
6.592192377457295471e-01
6.581706049157045602e-01
6.580915239998333943e-01
6.575181195642819665e-01
6.575371778922944888e-01
6.557411695304035115e-01
6.594337775859475670e-01
6.580467400073607420e-01
6.575977190132824557e-01
6.590776218255425256e-01
6.573798330622079300e-01
6.582180609595691401e-01
6.601692912765811938e-01
6.585700718916066565e-01
6.584416074042707123e-01
6.526073684786958262e-01
6.561024620600385271e-01
6.587911381791833332e-01
6.592666077695422677e-01
6.587706733696647721e-01
6.577328269767033220e-01
6.633872544073916577e-01
6.598885801085990765e-01
6.587024584058293053e-01
6.590395391101991907e-01
6.557128442462206719e-01
6.582998306166840674e-01
6.607638277674371396e-01
6.595359869654633389e-01
6.575976349833275725e-01
6.617290897868112198e-01
6.562886815044812749e-01
6.574039885071881750e-01
6.587013236928075388e-01
6.573808516153832882e-01
6.565378907101923067e-01
6.563374839875291133e-01
6.568762537673138446e-01
6.577562420667522058e-01
6.575117495927074174e-01
6.628817522106675852e-01
6.586326084303892880e-01
6.645720545842648264e-01
6.617295529725867320e-01
6.646589210011496496e-01
6.568046314872021396e-01
6.645242939922230141e-01
6.630539268596229441e-01
6.603672928159373123e-01
6.570528241068099851e-01
6.591172602858527130e-01
6.584439966895609953e-01
6.575359151232734733e-01
6.598785283328891804e-01
6.527595019125586040e-01
6.644848087048206287e-01
6.496690493854124782e-01
6.577122475969315873e-01
6.623057383598641712e-01
6.664231850495140330e-01
6.597400731278834085e-01
6.636249879194811019e-01
6.575143535904794945e-01
6.577377800970133359e-01
6.592313913258014413e-01
6.585119897382882836e-01
6.565513901633746041e-01
6.570314529839496043e-01
6.574192503353375461e-01
6.579530137928470968e-01
6.584359166784633510e-01
6.576689118390758315e-01
6.584453079761732885e-01
6.558906371637132082e-01
6.564368153516443316e-01
6.583529362564459753e-01
6.615175215191476665e-01
6.583545709617993902e-01
6.586981871991298698e-01
6.572582660435143387e-01
6.557117712590276870e-01
6.578948786283376204e-01
6.579581411328658813e-01
6.580674049399898307e-01
6.569893957033056120e-01
6.566337306275038532e-01
6.580964050432709378e-01
6.559649102776902163e-01
6.578733427660815591e-01
6.580249799481242556e-01
6.585986971170167958e-01
6.621630670076017466e-01
6.578395492785363841e-01
6.566608203497633633e-01
6.589938784479709710e-01
6.632055321529264358e-01
6.593252249537143728e-01
6.584650378734757670e-01
6.607101011195057882e-01
6.576943216220334509e-01
6.597297333981119172e-01
6.582493719690482026e-01
6.582414279087430709e-01
6.619922612244867333e-01
6.571841368840808384e-01
6.577395930993057416e-01
6.575032351347189774e-01
6.570557065271054320e-01
6.583646286897328892e-01
6.543772070501374660e-01
6.561462408707460225e-01
6.597369419098445542e-01
6.593798256676766112e-01
6.573923409156633424e-01
6.566351779984180848e-01
6.577188296871286921e-01
6.564632522557630745e-01
6.577885581441103025e-01
6.579788616439401494e-01
6.564772660638896751e-01
6.588374219812688226e-01
6.584145970575749907e-01
6.581093911893617365e-01
6.590295002598912655e-01
6.586036974204457772e-01
6.581612989749993092e-01
6.635549901500186198e-01
6.592879511591209774e-01
6.568509566698348401e-01
6.618387697785852453e-01
6.556447643892681088e-01
6.600601429656736130e-01
6.621396678121331814e-01
