7.739122884374457501e-01
8.000000000000000444e-01
8.000000000000000444e-01
8.000000000000000444e-01
7.587115364654932748e-01
8.000000000000000444e-01
7.990380053801221516e-01
7.997128163660663924e-01
7.743362803742164235e-01
7.995079520162674536e-01
8.000000000000000444e-01
8.000000000000000444e-01
7.615967574815091234e-01
8.000000000000000444e-01
8.000000000000000444e-01
8.000000000000000444e-01
7.746011910909887943e-01
8.000000000000000444e-01
8.000000000000000444e-01
8.000000000000000444e-01
7.595981070403412527e-01
8.000000000000000444e-01
8.000000000000000444e-01
8.000000000000000444e-01
7.808023013767239062e-01
8.000000000000000444e-01
8.000000000000000444e-01
8.000000000000000444e-01
7.703558382106907576e-01
8.000000000000000444e-01
8.000000000000000444e-01
8.000000000000000444e-01
7.723019235599658527e-01
8.000000000000000444e-01
8.000000000000000444e-01
8.000000000000000444e-01
7.776199799831819970e-01
8.000000000000000444e-01
8.000000000000000444e-01
8.000000000000000444e-01
7.660691698064494570e-01
8.000000000000000444e-01
8.000000000000000444e-01
8.000000000000000444e-01
7.770619003942533798e-01
8.000000000000000444e-01
8.000000000000000444e-01
8.000000000000000444e-01
7.658652984140805753e-01
8.000000000000000444e-01
7.926208383890649412e-01
8.000000000000000444e-01
7.675354894732350219e-01
8.000000000000000444e-01
8.000000000000000444e-01
8.000000000000000444e-01
7.587375273840630818e-01
7.995466060019933430e-01
7.994104722900856608e-01
7.997854880746532169e-01
7.698489716762599855e-01
8.000000000000000444e-01
8.000000000000000444e-01
8.000000000000000444e-01
7.580824229755760424e-01
7.993885093519628171e-01
7.990893804564107583e-01
7.993659875480167987e-01
7.585197403451459097e-01
8.000000000000000444e-01
8.000000000000000444e-01
7.986910720749963444e-01
7.684873229157126451e-01
8.000000000000000444e-01
8.000000000000000444e-01
8.000000000000000444e-01
7.674038750391543040e-01
8.000000000000000444e-01
8.000000000000000444e-01
8.000000000000000444e-01
7.694023420124228574e-01
8.000000000000000444e-01
8.000000000000000444e-01
8.000000000000000444e-01
7.591202176835657456e-01
8.000000000000000444e-01
7.995459145379856247e-01
8.000000000000000444e-01
7.659747912562112626e-01
8.000000000000000444e-01
8.000000000000000444e-01
8.000000000000000444e-01
7.665356051560235917e-01
8.000000000000000444e-01
8.000000000000000444e-01
8.000000000000000444e-01
7.666466459325587124e-01
8.000000000000000444e-01
7.987112597245766832e-01
8.000000000000000444e-01
7.632575597503454823e-01
8.000000000000000444e-01
8.000000000000000444e-01
8.000000000000000444e-01
7.576983586306332841e-01
8.000000000000000444e-01
7.993031384346576118e-01
7.997171969635012978e-01
7.705204388322618447e-01
8.000000000000000444e-01
7.650012586585328567e-01
8.000000000000000444e-01
8.000000000000000444e-01
8.000000000000000444e-01
7.709526342877174310e-01
8.000000000000000444e-01
7.587755298124274628e-01
8.000000000000000444e-01
8.000000000000000444e-01
7.998616446581188200e-01
7.580280255081260909e-01
7.993146974658038584e-01
7.991324832362637354e-01
7.990596659536045587e-01
7.587160565926590605e-01
8.000000000000000444e-01
7.993817392115966092e-01
7.993118291828420485e-01
7.590976004085268070e-01
8.000000000000000444e-01
8.000000000000000444e-01
8.000000000000000444e-01
7.588963535261323834e-01
8.000000000000000444e-01
8.000000000000000444e-01
7.999172030160510705e-01
7.584963573534743153e-01
7.991393781019391351e-01
8.000000000000000444e-01
8.000000000000000444e-01
7.784516783960887532e-01
8.000000000000000444e-01
8.000000000000000444e-01
7.635212466877041582e-01
8.000000000000000444e-01
8.000000000000000444e-01
8.000000000000000444e-01
7.697113225734459885e-01
8.000000000000000444e-01
8.000000000000000444e-01
7.888152712951828072e-01
8.000000000000000444e-01
8.000000000000000444e-01
8.000000000000000444e-01
7.708396661499749003e-01
7.999960064452670272e-01
8.000000000000000444e-01
8.000000000000000444e-01
8.000000000000000444e-01
8.000000000000000444e-01
7.752267003178608951e-01
8.000000000000000444e-01
8.000000000000000444e-01
8.000000000000000444e-01
7.726093049673314894e-01
8.000000000000000444e-01
8.000000000000000444e-01
8.000000000000000444e-01
8.000000000000000444e-01
7.750654101286065245e-01
8.000000000000000444e-01
8.000000000000000444e-01
8.000000000000000444e-01
8.000000000000000444e-01
7.729879351440864799e-01
8.000000000000000444e-01
7.981153106666561969e-01
8.000000000000000444e-01
7.651072917181964694e-01
8.000000000000000444e-01
8.000000000000000444e-01
7.992211586405238988e-01
7.708926332984763485e-01
8.000000000000000444e-01
8.000000000000000444e-01
8.000000000000000444e-01
8.000000000000000444e-01
8.000000000000000444e-01
7.688837324532917794e-01
8.000000000000000444e-01
8.000000000000000444e-01
8.000000000000000444e-01
7.680290291025213545e-01
8.000000000000000444e-01
8.000000000000000444e-01
8.000000000000000444e-01
7.649297328070353563e-01
8.000000000000000444e-01
8.000000000000000444e-01
8.000000000000000444e-01
7.578429940036248702e-01
8.000000000000000444e-01
7.996126048024779776e-01
7.999507585477639848e-01
8.000000000000000444e-01
8.000000000000000444e-01
8.000000000000000444e-01
7.709301947780151654e-01
8.000000000000000444e-01
8.000000000000000444e-01
8.000000000000000444e-01
7.607237352230140637e-01
8.000000000000000444e-01
8.000000000000000444e-01
8.000000000000000444e-01
7.707424556476867306e-01
8.000000000000000444e-01
8.000000000000000444e-01
7.696008375089604669e-01
8.000000000000000444e-01
8.000000000000000444e-01
7.715079891658213063e-01
8.000000000000000444e-01
8.000000000000000444e-01
7.733374936843304681e-01
7.989620839649428374e-01
8.000000000000000444e-01
8.000000000000000444e-01
7.652773988041952080e-01
7.973074611584438642e-01
8.000000000000000444e-01
8.000000000000000444e-01
7.727042095597721483e-01
8.000000000000000444e-01
8.000000000000000444e-01
8.000000000000000444e-01
7.602355382486132296e-01
7.953517938311827074e-01
8.000000000000000444e-01
8.000000000000000444e-01
7.618360302087908709e-01
8.000000000000000444e-01
8.000000000000000444e-01
8.000000000000000444e-01
7.632342229226690700e-01
8.000000000000000444e-01
8.000000000000000444e-01
8.000000000000000444e-01
7.702306716062717884e-01
7.602245819210279310e-01
8.000000000000000444e-01
8.000000000000000444e-01
8.000000000000000444e-01
7.579467160116019064e-01
7.992889830755179892e-01
7.983981674473716872e-01
7.982850544065354104e-01
7.589219833000336868e-01
8.000000000000000444e-01
7.926454365970972971e-01
7.996892832944550999e-01
7.569967614824458790e-01
7.989670649944218273e-01
7.948258690435673346e-01
7.971413575348417213e-01
7.643329896555982605e-01
8.000000000000000444e-01
8.000000000000000444e-01
8.000000000000000444e-01
7.583161708654878597e-01
8.000000000000000444e-01
7.997812932671090058e-01
7.991132996069593153e-01
7.641757776271695946e-01
8.000000000000000444e-01
8.000000000000000444e-01
8.000000000000000444e-01
7.572162097977195305e-01
7.990668290251289330e-01
7.979498813444442229e-01
7.992437569400834274e-01
7.654130585163546607e-01
8.000000000000000444e-01
7.953282726384887091e-01
8.000000000000000444e-01
7.580960031126209309e-01
7.987667783423273438e-01
7.975380759673358355e-01
7.987165849486332903e-01
7.662260627224823928e-01
8.000000000000000444e-01
8.000000000000000444e-01
8.000000000000000444e-01
7.660362186737006418e-01
8.000000000000000444e-01
8.000000000000000444e-01
8.000000000000000444e-01
7.586340892354106469e-01
8.000000000000000444e-01
7.994404784388374763e-01
7.990983071863403397e-01
7.630084007632995657e-01
8.000000000000000444e-01
8.000000000000000444e-01
8.000000000000000444e-01
7.591314896641269128e-01
8.000000000000000444e-01
7.997139987322574584e-01
8.000000000000000444e-01
7.591422713758190222e-01
8.000000000000000444e-01
8.000000000000000444e-01
7.994314067618228936e-01
7.588138443489252927e-01
8.000000000000000444e-01
8.000000000000000444e-01
8.000000000000000444e-01
7.581864457110361055e-01
7.992400429053458932e-01
7.998755615288707377e-01
7.992774316089067410e-01
7.591300213976693856e-01
8.000000000000000444e-01
8.000000000000000444e-01
7.967598561765881771e-01
7.578648799541006786e-01
8.000000000000000444e-01
7.985375253275041052e-01
7.983108218849487292e-01
7.756891025296789310e-01
8.000000000000000444e-01
8.000000000000000444e-01
8.000000000000000444e-01
7.689263027455054411e-01
8.000000000000000444e-01
7.990022456499832337e-01
8.000000000000000444e-01
8.000000000000000444e-01
7.994610795160240757e-01
8.000000000000000444e-01
8.000000000000000444e-01
7.772059512219050559e-01
8.000000000000008216e-01
8.000000000000000444e-01
8.000000000000000444e-01
7.711620506258205499e-01
8.000000000000000444e-01
8.000000000000000444e-01
8.000000000000000444e-01
7.841204016661185161e-01
8.000000000000000444e-01
8.000000000000000444e-01
8.000000000000000444e-01
7.762475770755937754e-01
8.000000000000000444e-01
8.000000000000000444e-01
8.000000000000000444e-01
7.981601904020854121e-01
7.639429641522978987e-01
8.000000000000000444e-01
7.998393774436848291e-01
8.000000000000000444e-01
7.708855132073885175e-01
8.000000000000000444e-01
8.000000000000000444e-01
7.988168251232438122e-01
7.608482429851343154e-01
8.000000000000000444e-01
8.000000000000000444e-01
8.000000000000000444e-01
7.663697837664930068e-01
8.000000000000000444e-01
8.000000000000000444e-01
7.587892707110158730e-01
7.963627653907245918e-01
7.949344557714446147e-01
7.990706082656668929e-01
7.687090648076735366e-01
8.000000000000000444e-01
8.000000000000000444e-01
8.000000000000000444e-01
7.591737991783504835e-01
7.956138271620243341e-01
7.999817768220567338e-01
7.999573593959454776e-01
7.615095234279204428e-01
8.000000000000000444e-01
8.000000000000000444e-01
7.683207201887742865e-01
8.000000000000000444e-01
8.000000000000000444e-01
8.000000000000000444e-01
7.589153606244596340e-01
8.000000000000000444e-01
8.000000000000000444e-01
7.999583165991006606e-01
7.741060431877790915e-01
7.989385384716891636e-01
7.616410554166356262e-01
8.000000000000000444e-01
8.000000000000000444e-01
8.000000000000000444e-01
7.573971293210705058e-01
7.990592191497495334e-01
7.989906786386421489e-01
7.961146866176528336e-01
7.716475195393185382e-01
7.699775687203823660e-01
8.000000000000000444e-01
8.000000000000000444e-01
7.677649228953689065e-01
8.000000000000000444e-01
8.000000000000000444e-01
8.000000000000000444e-01
7.585966003345460118e-01
8.000000000000000444e-01
7.994189982319348520e-01
7.997996789179698807e-01
7.587874698513276117e-01
8.000000000000000444e-01
8.000000000000000444e-01
7.994348527308122732e-01
7.610934053895195284e-01
8.000000000000000444e-01
8.000000000000000444e-01
8.000000000000000444e-01
7.645949002981473619e-01
8.000000000000000444e-01
8.000000000000000444e-01
8.000000000000000444e-01
7.599999899755675026e-01
8.000000000000000444e-01
8.000000000000000444e-01
7.972827847842098858e-01
7.684915954605470167e-01
8.000000000000000444e-01
8.000000000000000444e-01
8.000000000000000444e-01
7.588690365515768921e-01
8.000000000000000444e-01
8.000000000000000444e-01
8.000000000000000444e-01
7.996691472541238577e-01
8.000000000000000444e-01
7.687829514731018277e-01
8.000000000000000444e-01
8.000000000000000444e-01
8.000000000000000444e-01
7.791280984458138770e-01
8.000000000000000444e-01
8.000000000000000444e-01
7.706567753094401008e-01
8.000000000000000444e-01
8.000000000000000444e-01
8.000000000000000444e-01
7.809678999376941100e-01
8.000000000000000444e-01
7.667617130602911724e-01
7.982386314327832855e-01
8.000000000000000444e-01
8.000000000000000444e-01
7.708528424498707343e-01
8.000000000000000444e-01
8.000000000000000444e-01
8.000000000000000444e-01
7.740809595079251038e-01
8.000000000000000444e-01
8.000000000000000444e-01
8.000000000000000444e-01
7.676213198624299849e-01
8.000000000000000444e-01
8.000000000000000444e-01
8.000000000000000444e-01
7.589618606266348433e-01
8.000000000000000444e-01
7.996427643119048412e-01
8.000000000000000444e-01
7.710606371590122965e-01
8.000000000000000444e-01
8.000000000000000444e-01
8.000000000000000444e-01
7.657423182410487694e-01
8.000000000000000444e-01
8.000000000000000444e-01
8.000000000000000444e-01
7.705773573770225982e-01
8.000000000000000444e-01
8.000000000000000444e-01
8.000000000000000444e-01
7.597580424228493889e-01
8.000000000000000444e-01
8.000000000000000444e-01
8.000000000000000444e-01
7.640996468143719245e-01
8.000000000000000444e-01
8.000000000000000444e-01
7.994689555891215660e-01
7.663148133495651937e-01
8.000000000000000444e-01
8.000000000000000444e-01
8.000000000000000444e-01
7.574351358653076405e-01
7.990509692270133524e-01
7.987626374862915046e-01
7.998364136743590924e-01
7.731583782644374514e-01
8.000000000000000444e-01
8.000000000000000444e-01
8.000000000000000444e-01
7.654640087663868719e-01
8.000000000000000444e-01
8.000000000000000444e-01
8.000000000000000444e-01
7.713714611721820269e-01
8.000000000000000444e-01
8.000000000000000444e-01
8.000000000000000444e-01
7.592390607027740268e-01
7.999805541410704990e-01
8.000000000000000444e-01
8.000000000000000444e-01
7.590903692624599852e-01
8.000000000000000444e-01
8.000000000000000444e-01
8.000000000000000444e-01
7.641312902231841564e-01
7.999158490441118374e-01
8.000000000000000444e-01
8.000000000000000444e-01
7.591312246327432955e-01
8.000000000000000444e-01
8.000000000000000444e-01
8.000000000000000444e-01
7.592049422644939760e-01
8.000000000000000444e-01
8.000000000000000444e-01
8.000000000000000444e-01
7.565761175778694669e-01
7.989900022852086670e-01
7.978005887972019483e-01
7.975206659846332258e-01
7.582282469187164864e-01
8.000000000000000444e-01
7.989089354016148947e-01
7.983391775393242629e-01
7.575787016724607748e-01
7.996780558648587389e-01
7.989780220915557729e-01
7.985752683161936316e-01
7.547240750750483507e-01
7.949700241894022135e-01
7.955329624160411006e-01
7.968708787881069178e-01
7.579696793474663963e-01
8.000000000000000444e-01
7.993784886641728260e-01
7.555951281033721489e-01
7.971703255744402306e-01
7.982628172215997520e-01
7.970978168134466024e-01
7.624725083456970198e-01
7.593794118969147133e-01
8.000000000000000444e-01
8.000000000000000444e-01
8.000000000000000444e-01
7.567053472789837532e-01
7.995185667802858775e-01
7.999182167468906757e-01
7.979911581814383981e-01
7.592956911446819834e-01
8.000000000000000444e-01
7.999067144850282585e-01
7.990154763512903324e-01
7.580944673475072948e-01
7.994688244607349725e-01
7.989859020476213214e-01
7.988031759979844493e-01
7.549651402025435720e-01
7.969327200987638138e-01
7.958651438990905769e-01
7.957091372911001548e-01
7.567689161381468965e-01
7.996540169562953437e-01
7.976720073674840039e-01
7.974460621778720615e-01
7.578681684411832098e-01
7.988907289866027384e-01
7.981995109949679978e-01
7.987634937772496446e-01
7.590925035532459786e-01
8.000000000000000444e-01
7.994999826704256574e-01
8.000000000000000444e-01
7.576103835746234028e-01
7.998561778866406513e-01
7.982032222020239987e-01
7.979078070676902668e-01
7.593707267103000369e-01
7.992862502440477579e-01
8.000000000000000444e-01
8.000000000000000444e-01
7.653437509487631685e-01
8.000000000000000444e-01
8.000000000000000444e-01
8.000000000000000444e-01
7.708454197390552931e-01
8.000000000000000444e-01
7.997338033785003075e-01
7.588171951151705397e-01
7.991600541885965914e-01
8.000000000000000444e-01
7.998756812157199469e-01
7.733644696390289397e-01
8.000000000000000444e-01
8.000000000000000444e-01
7.677210925207005321e-01
8.000000000000000444e-01
8.000000000000000444e-01
8.000000000000000444e-01
7.678665705561436017e-01
8.000000000000000444e-01
8.000000000000000444e-01
8.000000000000000444e-01
7.642767567080698266e-01
8.000000000000000444e-01
8.000000000000000444e-01
8.000000000000000444e-01
7.636855197653380500e-01
8.000000000000000444e-01
7.621462443120962105e-01
8.000000000000000444e-01
8.000000000000000444e-01
8.000000000000000444e-01
7.590893107622312952e-01
7.998998340552747610e-01
7.995815730425281931e-01
7.993062116979542386e-01
7.553056855526227853e-01
7.968057053940933443e-01
7.966029547801173338e-01
7.957493356272188345e-01
7.587264406666569538e-01
8.000000000000000444e-01
8.000000000000000444e-01
7.995411529752025626e-01
7.577976800004908586e-01
8.000000000000000444e-01
7.991674240572054222e-01
7.642721036616803021e-01
8.000000000000000444e-01
8.000000000000000444e-01
7.592543160766724863e-01
8.000000000000000444e-01
7.997929408095030279e-01
8.000000000000000444e-01
7.585943349212099784e-01
8.000000000000000444e-01
8.000000000000000444e-01
7.997930209788476352e-01
7.582027988853018430e-01
8.000000000000000444e-01
7.992095025861474245e-01
7.987978149708853115e-01
7.575660505811444567e-01
7.998307252671754686e-01
7.990573578411311884e-01
7.996426640332301439e-01
7.652316048208592791e-01
8.000000000000000444e-01
8.000000000000000444e-01
7.614534144532753013e-01
8.000000000000000444e-01
8.000000000000000444e-01
8.000000000000000444e-01
7.588295083095294435e-01
8.000000000000000444e-01
8.000000000000000444e-01
7.995470040873851048e-01
7.647842181976489684e-01
8.000000000000000444e-01
8.000000000000000444e-01
8.000000000000000444e-01
7.583579153787529670e-01
7.985807757475168467e-01
7.992964760291566551e-01
7.990180220328004790e-01
7.580515698994121365e-01
8.000000000000000444e-01
7.991473568238660619e-01
7.976436903860332217e-01
7.568580933826410950e-01
7.990305358925428036e-01
7.979222177911208247e-01
7.976590260543868771e-01
7.627299376024944122e-01
8.000000000000000444e-01
7.988908187526990723e-01
8.000000000000000444e-01
7.594602537312306056e-01
8.000000000000000444e-01
7.997896481947069924e-01
7.990638223827737363e-01
7.589609894181458261e-01
8.000000000000000444e-01
8.000000000000000444e-01
7.995141064045822032e-01
7.587820208858816473e-01
8.000000000000000444e-01
8.000000000000000444e-01
7.981268538032796345e-01
7.589327755918529039e-01
8.000000000000000444e-01
7.993539858114474539e-01
7.999596147436831561e-01
7.633798637614435112e-01
8.000000000000000444e-01
7.574881367475105876e-01
7.978186452514266502e-01
7.986847611288430127e-01
7.975301086798687322e-01
7.588724755602561656e-01
8.000000000000000444e-01
8.000000000000000444e-01
7.997224720012200416e-01
7.582500307837274356e-01
8.000000000000000444e-01
7.996138470340559135e-01
7.558823436566843856e-01
7.974593822224905759e-01
7.968000740560581274e-01
7.971001233056802526e-01
7.556362574343441496e-01
7.988769975409669710e-01
7.963675652579585984e-01
7.961924432571764187e-01
7.567934254648697179e-01
7.980899249092225922e-01
7.977783589006524068e-01
7.591822822597050768e-01
8.000000000000000444e-01
8.000000000000000444e-01
8.000000000000000444e-01
7.581553385079694563e-01
8.000000000000000444e-01
7.990915275889942659e-01
7.588961148905080112e-01
8.000000000000000444e-01
7.999298289710223830e-01
7.997862065627661110e-01
7.588734893854435226e-01
8.000000000000000444e-01
7.992425013104429432e-01
7.994662023867488143e-01
7.589792211160693025e-01
7.941522394877461588e-01
8.000000000000000444e-01
8.000000000000000444e-01
7.591681859875119009e-01
7.983910160299947378e-01
7.968730951703422161e-01
7.994656940117261801e-01
7.568300328372961072e-01
7.990158564733389479e-01
7.927476330968656892e-01
7.959350299826479791e-01
7.597090947995238652e-01
8.000000000000000444e-01
8.000000000000000444e-01
7.590587178636668542e-01
8.000000000000000444e-01
8.000000000000000444e-01
7.900805032095148395e-01
7.584022999859489911e-01
7.973737766695496720e-01
8.000000000000000444e-01
7.992444576957988822e-01
7.575109230079831724e-01
8.000000000000000444e-01
7.983635189457062298e-01
7.985513690494018268e-01
7.577380385350093173e-01
8.000000000000000444e-01
7.617622378218822377e-01
8.000000000000000444e-01
8.000000000000000444e-01
7.586368063882651391e-01
8.000000000000000444e-01
7.993194573294808425e-01
7.989611540501663223e-01
7.585140303405015771e-01
8.000000000000000444e-01
8.000000000000000444e-01
8.000000000000000444e-01
7.620805124336456071e-01
8.000000000000000444e-01
8.000000000000000444e-01
7.586925712351350048e-01
8.000000000000000444e-01
7.991996779015720920e-01
7.995138029489698983e-01
7.600645778677419528e-01
8.000000000000000444e-01
7.980549232859879272e-01
7.960957111176899526e-01
7.605692224142481805e-01
8.000000000000000444e-01
8.000000000000000444e-01
7.630695482616922654e-01
8.000000000000000444e-01
8.000000000000000444e-01
8.000000000000000444e-01
7.600768837408250489e-01
7.989404858336456305e-01
7.990406650999961613e-01
7.591210783569023457e-01
7.975968821902690298e-01
7.984219192871058191e-01
7.926330468627166281e-01
7.590287076715113157e-01
8.000000000000000444e-01
8.000000000000000444e-01
8.000000000000000444e-01
7.576000417530290854e-01
8.000000000000000444e-01
7.992720389675623816e-01
7.981913558898167116e-01
7.596197413707285184e-01
8.000000000000000444e-01
8.000000000000000444e-01
8.000000000000000444e-01
7.587295827825784045e-01
7.988997784400182489e-01
7.992722450379576848e-01
7.993628376380443878e-01
7.584086858482870230e-01
7.997614665360084363e-01
7.997495650890861230e-01
7.987463792014423136e-01
7.583563841777047898e-01
7.999539776967284910e-01
7.988559650352435870e-01
7.613341826439327109e-01
8.000000000000000444e-01
8.000000000000000444e-01
8.000000000000000444e-01
7.638567175707131618e-01
8.000000000000000444e-01
7.597659808286003624e-01
8.000000000000000444e-01
7.970811620254089069e-01
8.000000000000000444e-01
7.569974933176455423e-01
7.987869802577293177e-01
7.980399954253947215e-01
7.980932301330520007e-01
7.587893173339644859e-01
8.000000000000000444e-01
7.996971706679072422e-01
8.000000000000000444e-01
7.635491983393639659e-01
8.000000000000000444e-01
8.000000000000000444e-01
7.583123382841158167e-01
8.000000000000000444e-01
7.994897421265713122e-01
7.989823486265440478e-01
7.593989492955598442e-01
8.000000000000000444e-01
8.000000000000000444e-01
8.000000000000000444e-01
7.588099757429708214e-01
7.992617783252954355e-01
7.997490900001800185e-01
7.991888393089789933e-01
7.583013454720514135e-01
8.000000000000000444e-01
7.997557522344607150e-01
7.987479948748624770e-01
7.590954285884130570e-01
8.000000000000000444e-01
7.995291909373555272e-01
7.997568818790531386e-01
7.589903263816355494e-01
8.000000000000000444e-01
8.000000000000000444e-01
7.995263757078187039e-01
7.505583493772820525e-01
7.925590432924513040e-01
7.910095817234719107e-01
7.566810401635927219e-01
7.984812823747208244e-01
7.983398776466441582e-01
7.978239289762492081e-01
7.575338031628698898e-01
7.977520064330709815e-01
7.981065025831800552e-01
7.551118058267268784e-01
7.973457650638535732e-01
7.974494255410521371e-01
7.956707043668986845e-01
7.547782029382797964e-01
7.963960701120731400e-01
7.511021596435478731e-01
7.920309796827673665e-01
7.913463362075259244e-01
7.562270785774237725e-01
7.986707948009272862e-01
7.971315589519586409e-01
7.564850913012849398e-01
7.979987899083036407e-01
7.933170697403616467e-01
7.561440447908842621e-01
7.967720673735738668e-01
7.971189373226629238e-01
7.964048858111204554e-01
7.576254757087852454e-01
7.975942643512935470e-01
7.973013704835234527e-01
7.528808564658935332e-01
7.940824400981643105e-01
7.938870155355708391e-01
7.933415185168363193e-01
7.593162263503658860e-01
8.000000000000000444e-01
8.000000000000000444e-01
7.999755959195082866e-01
7.578951919670666726e-01
7.969429697755342490e-01
7.984012804713060962e-01
7.984633029624460532e-01
7.592399030355924117e-01
7.981697865265756642e-01
7.995135949330122171e-01
7.582004084463640492e-01
7.981613568821616100e-01
7.981607497217654279e-01
7.995686843250702225e-01
7.565506889959447978e-01
7.939636200446303915e-01
7.945125113386446447e-01
7.558446226258445089e-01
7.976904590697158071e-01
7.968854172313029061e-01
7.955175366456891384e-01
7.591318321560969196e-01
7.996902469082530773e-01
7.994294867137337057e-01
7.997798295762631460e-01
8.000000000000000444e-01
8.000000000000000444e-01
7.569735761194162915e-01
7.984743810898551342e-01
7.983119223364558703e-01
7.568762059681419796e-01
7.987390807263018422e-01
7.977038293463113439e-01
7.975694623520309667e-01
7.587901736609996561e-01
8.000000000000000444e-01
8.000000000000000444e-01
7.992893902490748603e-01
7.528681213491880131e-01
7.946925187038360594e-01
7.561949906783094200e-01
7.975978606627329714e-01
7.981093083069236149e-01
7.540889140545051772e-01
7.953093905528806351e-01
7.949401646596889748e-01
7.930348866328765789e-01
7.586234470715611522e-01
8.000000000000000444e-01
8.000000000000000444e-01
7.997945086160005435e-01
7.556473649988065810e-01
7.971912685023333500e-01
7.970895736572778389e-01
7.591790321064326719e-01
7.973305677121215185e-01
7.998476830985469244e-01
7.998004217331849963e-01
7.579351649538353941e-01
8.000000000000000444e-01
7.998532313536432792e-01
7.988641239896645541e-01
7.592527005335174550e-01
8.000000000000000444e-01
8.000000000000000444e-01
8.000000000000000444e-01
7.568274801289254228e-01
7.984801979500232294e-01
7.978057690239841460e-01
7.972977825685055864e-01
7.592073660962458392e-01
8.000000000000000444e-01
7.991723739448916008e-01
7.998977869949646102e-01
7.595972507174214572e-01
7.964370137143036432e-01
8.000000000000000444e-01
8.000000000000000444e-01
7.578763108376357360e-01
8.000000000000000444e-01
7.931328702806835773e-01
7.986244160112108137e-01
7.580152239270345760e-01
7.994731045746567011e-01
7.990614350517464270e-01
7.985459930254391603e-01
7.597556583422652166e-01
8.000000000000000444e-01
8.000000000000000444e-01
8.000000000000000444e-01
7.551125393690109044e-01
7.965884020060181037e-01
7.956280353099141056e-01
7.960180373667686826e-01
7.560942808858933661e-01
7.970661892560361172e-01
7.972976259854367420e-01
7.568432512323175487e-01
7.997434379602481602e-01
7.957675216783399730e-01
7.949115697642200606e-01
