9.226031168803883187e-01
9.899999999999999911e-01
9.899999999999999911e-01
9.899999999999983258e-01
9.094207435271525197e-01
9.899999999999999911e-01
9.899999999999999911e-01
9.899999999999999911e-01
9.203915652825729321e-01
9.899999999999999911e-01
9.899999999999999911e-01
9.899999999999999911e-01
9.086006609337303752e-01
9.899999999999999911e-01
9.899999999999999911e-01
9.899999999999999911e-01
9.357412435817288321e-01
9.899999999999999911e-01
9.899999999999999911e-01
9.899999999999999911e-01
9.085611722446447214e-01
9.899999999999999911e-01
9.899999999999999911e-01
9.899999999999999911e-01
9.373361855383642860e-01
9.899999999999999911e-01
9.899999999999999911e-01
9.899999999999999911e-01
9.265534142077919144e-01
9.899999999999999911e-01
9.899999999999999911e-01
9.899999999999999911e-01
9.299726259225916669e-01
9.899999999999999911e-01
9.899999999999999911e-01
9.899999999999999911e-01
9.393712897999123568e-01
9.899999999999999911e-01
9.899999999999999911e-01
9.899999999999999911e-01
9.328435581847203117e-01
9.899999999999999911e-01
9.899999999999999911e-01
9.899999999999999911e-01
9.324609975120629057e-01
9.899999999999999911e-01
9.899999999999999911e-01
9.899999999999999911e-01
9.293137799995226933e-01
9.899999999999999911e-01
9.899999999999999911e-01
9.899999999999999911e-01
9.294087968385226217e-01
9.899999999999999911e-01
9.899999999999999911e-01
9.899999999999999911e-01
9.085643689024582859e-01
9.899999999999999911e-01
9.899427735359188629e-01
9.899999999999999911e-01
9.084997865994297594e-01
9.899999999999999911e-01
9.899999999999999911e-01
9.899572338125769422e-01
9.082132521588541785e-01
9.899999999999999911e-01
9.899999999999999911e-01
9.899999999999999911e-01
9.083936023319594266e-01
9.899999999999999911e-01
9.899999999999999911e-01
9.896620744699844430e-01
9.321982967232529393e-01
9.899999999999999911e-01
9.899999999999999911e-01
9.899999999999999911e-01
9.228011262435190654e-01
9.899999999999999911e-01
9.899999999999999911e-01
9.899999999999999911e-01
9.213318492435706997e-01
9.899999999999999911e-01
9.899999999999999911e-01
9.899999999999999911e-01
9.092374285493518560e-01
9.899999999999999911e-01
9.899999999999999911e-01
9.899999999999999911e-01
9.313861131794977100e-01
9.899999999999999911e-01
9.899999999999999911e-01
9.899999999999999911e-01
9.149946405412502370e-01
9.899999999999999911e-01
9.899999999999999911e-01
9.899999999999999911e-01
9.095453974359287708e-01
9.899999999999999911e-01
9.899999999999999911e-01
9.899999999999999911e-01
9.086513168163438126e-01
9.899999999999999911e-01
9.899999999999999911e-01
9.899999999999999911e-01
9.073970254286403136e-01
9.899999999999999911e-01
9.899999999999999911e-01
9.899999999999999911e-01
9.153614460582601975e-01
9.899999999999999911e-01
9.118701498549784956e-01
9.899999999999999911e-01
9.899999999999999911e-01
9.899999999999999911e-01
9.232942250976186038e-01
9.899999999999999911e-01
9.081190173777740071e-01
9.899999999999999911e-01
9.899999999999999911e-01
9.900000000000003242e-01
9.080402474792169665e-01
9.899999999999999911e-01
9.899999999999999911e-01
9.898707928337930895e-01
9.088193690065609065e-01
9.899999999999999911e-01
9.899999999999999911e-01
9.898763323393400260e-01
9.084735348873834715e-01
9.899999999999999911e-01
9.899999999999999911e-01
9.899999999999999911e-01
9.081886233083313886e-01
9.899999999999999911e-01
9.899999999999999911e-01
9.899999999999999911e-01
9.145483544155835753e-01
9.899999999999999911e-01
9.899999999999999911e-01
9.899999999999999911e-01
9.284599570124228984e-01
9.899999999999999911e-01
9.899999999999999911e-01
9.117042542091943202e-01
9.899999999999999911e-01
9.899999999999999911e-01
9.899999999999999911e-01
9.132094262964874920e-01
9.899999999999999911e-01
9.899999999999999911e-01
9.465169043284304973e-01
9.899999999999999911e-01
9.899999999999999911e-01
9.899999999999999911e-01
9.135654818813088163e-01
9.899999999999999911e-01
9.899999999999999911e-01
9.899999999999999911e-01
9.899999999999999911e-01
9.899999999999999911e-01
9.324176100287333568e-01
9.899999999999999911e-01
9.899999999999999911e-01
9.899999999999999911e-01
9.260329273032916753e-01
9.899999999999999911e-01
9.899999999999999911e-01
9.899999999999999911e-01
9.899999999999999911e-01
9.331762281584157215e-01
9.899999999999999911e-01
9.899999999999999911e-01
9.899999999999999911e-01
9.899999999999999911e-01
9.191583582452911294e-01
9.899999999999999911e-01
9.899999999999999911e-01
9.899999999999999911e-01
9.164740125505198565e-01
9.899999999999999911e-01
9.899999999999999911e-01
9.899999999999999911e-01
9.293187977415556800e-01
9.899999999999999911e-01
9.899999999999999911e-01
9.899999999999999911e-01
9.899999999999999911e-01
9.899999999999999911e-01
9.229574882911179001e-01
9.899999999999999911e-01
9.899999999999999911e-01
9.899999999999999911e-01
9.151131863020208757e-01
9.899999999999999911e-01
9.899999999999999911e-01
9.899999999999999911e-01
9.187440231301826632e-01
9.899999999999999911e-01
9.899999999999999911e-01
9.899999999999999911e-01
9.068600048031234540e-01
9.899999999999999911e-01
9.899999999999999911e-01
9.899999999999999911e-01
9.899999999999999911e-01
9.899999999999999911e-01
9.899999999999999911e-01
9.263175389754093603e-01
9.899999999999999911e-01
9.900000000000002132e-01
9.899999999999999911e-01
9.204872408865576450e-01
9.899999999999999911e-01
9.899999999999999911e-01
9.899999999999999911e-01
9.157168546748715166e-01
9.899999999999999911e-01
9.899999999999999911e-01
9.275847827749829078e-01
9.899999999999999911e-01
9.899999999999999911e-01
9.072730748908874876e-01
9.893397270502874985e-01
9.899999999999999911e-01
9.205295678098451839e-01
9.899999999999999911e-01
9.899999999999999911e-01
9.899999999999999911e-01
9.088181437277811359e-01
9.899999999999999911e-01
9.899999999999999911e-01
9.899641219612296261e-01
9.225334210515597766e-01
9.899999999999999911e-01
9.899999999999999911e-01
9.899999999999999911e-01
9.092550537910494279e-01
9.898640257349400340e-01
9.899999999999999911e-01
9.899999999999999911e-01
9.086694147828757728e-01
9.899999999999999911e-01
9.899999999999999911e-01
9.899999999999999911e-01
9.085226639321666298e-01
9.899999999999999911e-01
9.899999999999999911e-01
9.899999999999999911e-01
9.089814281333155055e-01
9.087045773356868805e-01
9.899999999999999911e-01
9.899999999999999911e-01
9.899999999999999911e-01
9.091987566420456357e-01
9.899999999999999911e-01
9.899999999999999911e-01
9.899999999999999911e-01
9.086453868745311135e-01
9.899999999999999911e-01
9.899999999999999911e-01
9.899999999999999911e-01
9.093382345687819335e-01
9.899999999999999911e-01
9.899999999999999911e-01
9.899999999999999911e-01
9.248640155370195792e-01
9.899999999999999911e-01
9.899999999999999911e-01
9.899999999999999911e-01
9.085857287825719331e-01
9.899999999999999911e-01
9.899999999999999911e-01
9.899999999999999911e-01
9.316342112275656229e-01
9.899999999999999911e-01
9.899999999999999911e-01
9.899999999999999911e-01
9.085487014458701882e-01
9.899999999999999911e-01
9.899999999999999911e-01
9.899999999999999911e-01
9.305252309682280343e-01
9.899999999999999911e-01
9.899999999999999911e-01
9.899999999999999911e-01
9.088988380932252475e-01
9.899999999999999911e-01
9.899999999999999911e-01
9.899999999999999911e-01
9.304581694021126781e-01
9.899999999999999911e-01
9.899999999999999911e-01
9.899999999999999911e-01
9.326231279401545615e-01
9.899999999999999911e-01
9.899999999999999911e-01
9.899999999999999911e-01
9.091763051825947350e-01
9.899999999999999911e-01
9.899999999999999911e-01
9.899999999999999911e-01
9.129478433058501041e-01
9.899999999999999911e-01
9.899999999999999911e-01
9.899999999999999911e-01
9.089669388479197920e-01
9.899999999999999911e-01
9.899999999999999911e-01
9.899999999999999911e-01
9.303704716249440176e-01
9.899999999999999911e-01
9.899999999999999911e-01
9.899999999999999911e-01
9.078952849712645934e-01
9.899999999999999911e-01
9.899999999999999911e-01
9.899999999999999911e-01
9.080640389180713035e-01
9.899335695484309250e-01
9.899999999999999911e-01
9.899999999999999911e-01
9.084563078192051666e-01
9.899999999999999911e-01
9.899999999999999911e-01
9.899999999999999911e-01
9.092098701986545128e-01
9.899999999999999911e-01
9.899999999999999911e-01
9.899999999999999911e-01
9.278894129464999585e-01
9.899999999999999911e-01
9.899999999999999911e-01
9.899999999999999911e-01
9.237479327361941550e-01
9.899999999999999911e-01
9.899999999999999911e-01
9.899999999999999911e-01
9.899999999999999911e-01
9.899999999999999911e-01
9.899999999999999911e-01
9.899999999999999911e-01
9.190100109981287346e-01
9.899999999999999911e-01
9.899999999999999911e-01
9.899999999999999911e-01
9.209807044905494733e-01
9.899999999999999911e-01
9.899999999999999911e-01
9.899999999999999911e-01
9.387993091662351075e-01
9.899999999999999911e-01
9.899999999999999911e-01
9.899999999999999911e-01
9.114938934686696026e-01
9.899999999999999911e-01
9.899999999999999911e-01
9.899999999999999911e-01
9.899999999999999911e-01
9.076697086278322502e-01
9.899999999999999911e-01
9.899999999999999911e-01
9.899999999999996581e-01
9.088235676190156154e-01
9.899999999999999911e-01
9.899999999999999911e-01
9.899999999999999911e-01
9.303925215619399669e-01
9.899999999999999911e-01
9.899999999999999911e-01
9.899999999999999911e-01
9.284826878664907968e-01
9.899999999999999911e-01
9.899999999999999911e-01
9.095026254985134617e-01
9.899999999999999911e-01
9.899999999999999911e-01
9.899999999999999911e-01
9.290207801452264880e-01
9.899999999999999911e-01
9.899999999999999911e-01
9.899999999999999911e-01
9.086096488145305461e-01
9.899999999999999911e-01
9.899999999999999911e-01
9.899999999999999911e-01
9.242530807651878622e-01
9.899999999999999911e-01
9.899999999999999911e-01
9.115923137810977295e-01
9.899999999999999911e-01
9.899999999999999911e-01
9.899999999999999911e-01
9.081948810619360213e-01
9.899999999999999911e-01
9.899999999999999911e-01
9.899999999999999911e-01
9.062046997492312350e-01
9.887472576767513122e-01
9.094291144618985578e-01
9.899999999999999911e-01
9.899999999999998801e-01
9.899999999999999911e-01
9.056711721071709631e-01
9.886202841431895871e-01
9.884986771864876509e-01
9.861175679746745359e-01
9.230116598318577337e-01
9.364276859071231085e-01
9.899999999999999911e-01
9.899999999999999911e-01
9.304656314775868742e-01
9.899999999999999911e-01
9.899999999999999911e-01
9.899999999999999911e-01
9.085407351395765607e-01
9.899999999999999911e-01
9.899999999999999911e-01
9.899999999999999911e-01
9.171557494602433636e-01
9.899999999999999911e-01
9.899999999999999911e-01
9.899999999999999911e-01
9.081456498272759692e-01
9.899999999999999911e-01
9.893036516845797879e-01
9.894243026643988470e-01
9.295384866818583447e-01
9.899999999999999911e-01
9.899999999999999911e-01
9.899999999999999911e-01
9.208316888363105024e-01
9.899999999999999911e-01
9.899999999999999911e-01
9.899999999999999911e-01
9.086297357370008987e-01
9.899999999999999911e-01
9.899999999999999911e-01
9.899999999999999911e-01
9.080664510081876140e-01
9.899999999999999911e-01
9.899999999999999911e-01
9.899999999999999911e-01
9.899999999999999911e-01
9.899999999999999911e-01
9.195214265017601640e-01
9.899999999999999911e-01
9.899999999999999911e-01
9.899999999999999911e-01
9.316818571221019418e-01
9.899999999999999911e-01
9.899999999999999911e-01
9.281377791125813292e-01
9.899999999999999911e-01
9.899999999999999911e-01
9.899999999999999911e-01
9.303545170851382773e-01
9.899999999999999911e-01
9.088967856247944788e-01
9.899999999999999911e-01
9.899999999999999911e-01
9.899999999999999911e-01
9.187269805992189786e-01
9.899999999999999911e-01
9.899999999999999911e-01
9.899999999999999911e-01
9.262685876833937071e-01
9.899999999999999911e-01
9.899999999999999911e-01
9.899999999999999911e-01
9.095791809661425420e-01
9.899999999999999911e-01
9.899999999999999911e-01
9.899999999999999911e-01
9.088003228928381860e-01
9.899999999999999911e-01
9.899999999999999911e-01
9.899999999999999911e-01
9.214596779896560008e-01
9.899999999999999911e-01
9.899999999999999911e-01
9.899999999999999911e-01
9.093353407922080134e-01
9.899999999999999911e-01
9.899999999999999911e-01
9.899999999999999911e-01
9.251434657394678185e-01
9.899999999999999911e-01
9.899999999999999911e-01
9.899999999999999911e-01
9.074531590875027920e-01
9.899999999999999911e-01
9.899999999999999911e-01
9.899999999999999911e-01
9.077959213976350972e-01
9.899999999999999911e-01
9.899999999999999911e-01
9.899999999999999911e-01
9.247362198534552213e-01
9.899999999999999911e-01
9.899999999999999911e-01
9.899999999999999911e-01
9.076444756208421616e-01
9.899999999999999911e-01
9.899999999999999911e-01
9.899999999999999911e-01
9.222557806127794633e-01
9.899999999999999911e-01
9.899999999999999911e-01
9.899999999999999911e-01
9.080270890244563908e-01
9.899999999999999911e-01
9.899999999999999911e-01
9.899999999999999911e-01
9.189854850019703036e-01
9.899999999999999911e-01
9.899999999999999911e-01
9.899999999999999911e-01
9.087164809472196847e-01
9.899669426675572481e-01
9.899999999999999911e-01
9.899999999999999911e-01
9.243829716150562259e-01
9.899999999999999911e-01
9.899999999999999911e-01
9.899999999999999911e-01
9.086790801117848870e-01
9.899999999999999911e-01
9.899999999999999911e-01
9.899999999999999911e-01
9.083999375209536042e-01
9.899999999999999911e-01
9.899999999999999911e-01
9.899999999999999911e-01
9.084175936825624742e-01
9.899999999999999911e-01
9.899999999999999911e-01
9.899999999999999911e-01
9.078272952440115118e-01
9.899999999999999911e-01
9.899999999999999911e-01
9.895033042699776793e-01
9.093541313089414935e-01
9.899999999999999911e-01
9.899999999999999911e-01
9.899999999999999911e-01
9.082316896864418565e-01
9.899999999999999911e-01
9.899999999999999911e-01
9.899999999999999911e-01
9.079789862112451759e-01
9.899915386534006156e-01
9.894142779070286275e-01
9.899999999999999911e-01
9.132855939399099343e-01
9.899999999999999911e-01
9.899999999999999911e-01
9.059587922306874264e-01
9.887538265140383142e-01
9.899999999999999911e-01
9.886902646469066802e-01
8.961105967242365411e-01
9.113245566435159706e-01
9.899999999999999911e-01
9.899999999999999911e-01
9.899999999999999911e-01
9.046231996474003445e-01
9.894349842455023580e-01
9.900000000000001021e-01
9.874754346860953325e-01
9.089761380964566095e-01
9.899999999999999911e-01
9.899999999999999911e-01
9.899999999999999911e-01
9.087424697859545208e-01
9.899999999999999911e-01
9.899999999999999911e-01
9.899999999999999911e-01
9.084030279374740724e-01
9.899999999999999911e-01
9.899999999999999911e-01
9.897231782090580854e-01
9.105330500331849652e-01
9.899999999999999911e-01
9.899999999999999911e-01
9.899999999999999911e-01
9.084558765727313023e-01
9.899999999999999911e-01
9.891142133089404487e-01
9.899999999999999911e-01
9.092769724601166281e-01
9.899999999999999911e-01
9.899999999999999911e-01
9.899999999999999911e-01
9.094722697561694602e-01
9.899999999999999911e-01
9.899999999999999911e-01
9.899999999999999911e-01
9.195913166994924559e-01
9.899999999999999911e-01
9.899999999999999911e-01
9.899999999999999911e-01
9.083278445132344503e-01
9.899999999999999911e-01
9.891385386773188237e-01
9.899999999999999911e-01
9.228224191104175134e-01
9.899999999999999911e-01
9.899999999999999911e-01
9.081515272802279659e-01
9.899999999999999911e-01
9.899999999999999911e-01
9.899999999999999911e-01
9.105031356870372239e-01
9.899999999999999911e-01
9.899999999999999911e-01
9.113756269692206979e-01
9.899999999999999911e-01
9.899999999999999911e-01
9.899999999999999911e-01
9.083901160382947815e-01
9.899999999999999911e-01
9.899999999999999911e-01
9.899999999999999911e-01
9.067524860936676534e-01
9.899999999999999911e-01
9.899999999999999911e-01
9.897065553414067240e-01
9.052283520769133229e-01
9.885432991546340142e-01
9.103481002051834192e-01
9.899999999999999911e-01
9.899999999999999911e-01
9.899999999999999911e-01
9.091265286159178061e-01
9.899999999999999911e-01
9.899999999999999911e-01
9.899999999999999911e-01
9.076981222785198700e-01
9.899999999999999911e-01
9.899999999999999911e-01
9.884853360573682135e-01
9.085543724674031152e-01
9.899999999999999911e-01
9.899999999999999911e-01
9.899999999999999911e-01
9.075695249179602797e-01
9.899999999999999911e-01
9.899999999999999911e-01
9.138503311573529242e-01
9.899999999999999911e-01
9.899999999999999911e-01
9.235022926520645159e-01
9.899999999999999911e-01
9.899999999999999911e-01
9.899999999999999911e-01
9.078730509616166344e-01
9.899999999999999911e-01
9.899999999999999911e-01
9.899999999999999911e-01
9.089442020539975076e-01
9.899999999999999911e-01
9.899999999999999911e-01
9.899999999999999911e-01
9.084072000876344255e-01
9.899999999999999911e-01
9.899999999999999911e-01
9.899999999999999911e-01
9.154010690773481951e-01
9.899999999999999911e-01
9.899999999999999911e-01
9.090097586671519458e-01
9.899999999999999911e-01
9.899999999999999911e-01
9.898526966300118524e-01
9.087268737196191326e-01
9.899999999999999911e-01
9.899999999999999911e-01
9.899999999999999911e-01
9.085866725846588610e-01
9.899999999999999911e-01
9.899999999999999911e-01
9.891202471517067663e-01
9.029545367664231215e-01
9.865760556539910908e-01
9.836463895346453379e-01
9.835423970443061270e-01
9.104779206021880178e-01
9.899999999999999911e-01
9.899999999999999911e-01
9.899999999999999911e-01
9.081118150212401652e-01
9.899999999999999911e-01
9.899999999999999911e-01
9.899999999999999911e-01
9.274548760485102905e-01
9.899999999999999911e-01
9.899999999999999911e-01
9.899999999999999911e-01
9.094155306134996675e-01
9.899999999999999911e-01
9.899999999999999911e-01
9.899999999999999911e-01
9.090185478552300635e-01
9.899999999999999911e-01
9.899999999999999911e-01
9.899999999999999911e-01
9.130536537868472191e-01
9.899999999999999911e-01
9.899999999999999911e-01
9.899999999999999911e-01
9.092526035459755906e-01
9.899999999999999911e-01
9.899999999999999911e-01
9.899999999999999911e-01
9.088616725227011139e-01
9.899999999999999911e-01
9.078767067421394943e-01
9.899999999999999911e-01
9.899999999999999911e-01
9.890887868048381382e-01
9.297521182375265703e-01
9.899999999999999911e-01
9.899999999999999911e-01
9.899999999999999911e-01
9.076234305000971947e-01
9.899999999999999911e-01
9.899999999999999911e-01
9.078391687829457934e-01
9.899999999999999911e-01
9.894675886533241815e-01
9.899999999999999911e-01
9.076907556451765391e-01
9.899999999999999911e-01
9.889882633356206210e-01
9.886776531429715131e-01
9.082523316787929346e-01
9.899999999999999911e-01
9.899999999999999911e-01
9.288145575428019551e-01
9.899999999999999911e-01
9.899999999999999911e-01
9.899999999999999911e-01
9.214556026207022521e-01
9.899999999999999911e-01
9.899999999999999911e-01
9.084206191382471207e-01
9.899999999999999911e-01
9.899999999999999911e-01
9.899999999999999911e-01
9.121313793863626840e-01
9.899999999999999911e-01
9.889295147228105431e-01
9.899999999999999911e-01
9.081887303193343364e-01
9.899999999999999911e-01
9.899999999999999911e-01
9.899999999999999911e-01
9.094720911034328559e-01
9.899999999999999911e-01
9.899999999999999911e-01
9.899999999999999911e-01
9.280446867038967262e-01
9.899999999999999911e-01
9.899999999999999911e-01
9.899999999999999911e-01
9.077735988364563635e-01
9.899999999999999911e-01
9.894849738994391242e-01
9.122356925387641313e-01
9.899999999999999911e-01
9.899999999999999911e-01
9.899999999999999911e-01
9.088417361401049943e-01
9.899999999999999911e-01
9.899999999999999911e-01
9.899999999999999911e-01
9.081538299742379916e-01
9.899999999999999911e-01
9.896666783120185995e-01
9.899999999999999911e-01
9.051229699564654618e-01
9.899999999999999911e-01
9.088694951731817184e-01
9.899999999999999911e-01
9.899999999999999911e-01
9.090341023812602561e-01
9.899999999999999911e-01
9.899999999999999911e-01
9.899999999999999911e-01
9.332126800189001203e-01
9.899999999999999911e-01
9.899999999999999911e-01
9.899999999999999911e-01
9.139251576642469788e-01
9.899999999999999911e-01
9.899999999999999911e-01
9.091001886785364805e-01
9.899999999999999911e-01
9.899999999999999911e-01
9.899999999999999911e-01
9.313784474951062320e-01
9.899999999999999911e-01
9.899999999999999911e-01
9.899999999999999911e-01
9.086406230083841074e-01
9.899999999999999911e-01
9.899999999999999911e-01
9.320071318962246387e-01
9.899999999999999911e-01
9.899999999999999911e-01
9.899999999999999911e-01
9.060230092158935156e-01
9.878547104971253656e-01
9.874669122711398073e-01
9.283312494981776908e-01
9.899999999999999911e-01
9.899999999999999911e-01
9.899999999999999911e-01
9.082765364932684493e-01
9.899999999999999911e-01
9.899999999999999911e-01
9.899999999999999911e-01
9.143636887936728019e-01
9.899999999999999911e-01
9.899999999999999911e-01
9.899999999999999911e-01
9.116373491864563361e-01
9.899999999999999911e-01
9.899999999999999911e-01
9.899999999999999911e-01
9.088763510203418106e-01
9.899999999999999911e-01
9.899999999999999911e-01
9.899999999999999911e-01
9.259786676847411302e-01
9.899999999999999911e-01
9.899999999999999911e-01
9.899999999999999911e-01
9.091135681002942004e-01
9.899999999999999911e-01
9.899999999999999911e-01
9.301075207043972837e-01
9.899999999999999911e-01
9.899999999999999911e-01
9.899999999999999911e-01
9.123132415776129545e-01
9.899999999999999911e-01
9.210187307351128672e-01
9.899999999999999911e-01
9.899999999999999911e-01
9.899999999999999911e-01
9.080557218883076320e-01
9.899999999999999911e-01
9.899054921538559260e-01
9.899999999999999911e-01
9.238287282534914935e-01
9.899999999999999911e-01
9.899999999999999911e-01
9.899999999999999911e-01
9.194777312983108963e-01
9.899999999999999911e-01
9.899999999999999911e-01
9.088128395363949119e-01
9.899999999999999911e-01
9.899999999999999911e-01
9.899999999999999911e-01
9.273209674810626302e-01
9.899999999999999911e-01
9.899999999999999911e-01
9.899999999999999911e-01
9.232176553609237057e-01
9.899999999999999911e-01
9.899999999999999911e-01
9.899999999999999911e-01
9.058434540422413139e-01
9.898956679471330178e-01
9.883157809132233629e-01
9.869411518573316666e-01
9.092326121022447083e-01
9.899999999999999911e-01
9.899999999999999911e-01
9.899999999999999911e-01
9.090488369244975608e-01
9.899999999999999911e-01
9.899999999999999911e-01
9.899999999999999911e-01
9.063431363024071485e-01
9.898931725737062370e-01
9.871438040920160750e-01
9.070565564525795432e-01
9.899999999999999911e-01
9.899999999999999911e-01
9.890845011846562951e-01
9.216551250712365917e-01
9.899999999999999911e-01
9.899999999999999911e-01
9.090082943323477549e-01
9.899999999999999911e-01
9.899999999999999911e-01
9.899999999999999911e-01
9.244014544171906822e-01
9.899999999999999911e-01
9.078741990323387911e-01
9.899999999999999911e-01
9.892515467089235681e-01
8.975321799474381690e-01
9.818546593224988239e-01
9.793066770710850966e-01
9.267888404936517333e-01
9.899999999999999911e-01
9.899999999999999911e-01
9.262740654023543518e-01
9.899999999999999911e-01
9.899999999999999911e-01
9.899999999999999911e-01
9.296275171875979515e-01
9.899999999999999911e-01
9.899999999999999911e-01
9.082146659272902767e-01
9.899999999999999911e-01
9.899999999999999911e-01
9.890174964958130532e-01
9.088300174854626601e-01
9.899999999999999911e-01
9.899999999999999911e-01
9.899999999999999911e-01
9.091019953080552440e-01
9.899999999999999911e-01
9.899999999999999911e-01
9.899999999999999911e-01
9.277869669029533695e-01
9.899999999999999911e-01
9.899999999999999911e-01
9.122651454992015685e-01
9.882859885377132114e-01
9.851595211511349204e-01
9.899999999999999911e-01
9.123148285604687491e-01
9.891946752630350614e-01
9.899999999999999911e-01
9.281744912536026293e-01
9.899999999999999911e-01
9.899999999999999911e-01
9.899999999999999911e-01
9.132217254251483451e-01
9.899999999999999911e-01
9.899999999999999911e-01
9.899999999999999911e-01
9.899999999999999911e-01
9.899999999999999911e-01
9.086556175905701194e-01
9.899999999999999911e-01
9.899999999999999911e-01
9.085314630335726838e-01
9.899999999999999911e-01
9.899999999999999911e-01
9.897615788734666076e-01
9.091141888530703818e-01
9.899999999999999911e-01
9.899999999999999911e-01
9.899999999999999911e-01
9.058160348414104890e-01
9.890532494248522877e-01
9.001138322110810996e-01
9.826030860719466853e-01
9.835106021394849352e-01
9.110240953913423256e-01
9.899999999999999911e-01
9.899999999999999911e-01
9.899999999999999911e-01
9.079220680442102731e-01
9.899999999999999911e-01
9.899999999999999911e-01
9.899999999999999911e-01
9.074409276732836593e-01
9.899999999999999911e-01
9.899999999999999911e-01
9.088135440280455946e-01
9.899999999999999911e-01
9.899999999999999911e-01
9.899999999999999911e-01
9.083512151002901547e-01
9.899999999999999911e-01
9.899999999999999911e-01
9.899999999999999911e-01
9.314168763563566156e-01
9.899999999999999911e-01
9.899999999999999911e-01
9.899999999999999911e-01
9.120300034251030974e-01
9.899999999999999911e-01
9.899999999999999911e-01
9.899999999999999911e-01
9.129474849366246980e-01
9.899999999999999911e-01
9.899999999999999911e-01
9.899999999999999911e-01
9.092853606782147491e-01
9.899999999999999911e-01
9.899999999999999911e-01
9.899999999999999911e-01
9.086725642786798174e-01
9.899999999999999911e-01
9.894010631988471305e-01
9.899999999999999911e-01
9.090582075634130454e-01
9.899999999999999911e-01
9.899999999999999911e-01
9.899999999999999911e-01
9.184306371283741388e-01
9.899999999999999911e-01
9.899999999999999911e-01
9.899999999999999911e-01
9.090853027292026267e-01
9.899999999999999911e-01
9.899999999999999911e-01
9.899999999999999911e-01
9.081298435080848996e-01
9.899999999999999911e-01
9.899999999999999911e-01
9.130381002173327820e-01
9.899999999999999911e-01
9.837679965968431084e-01
9.899999999999999911e-01
