9.507506855924056088e-01
9.899999999999999911e-01
9.899999999999999911e-01
9.899999999999993250e-01
7.939505026916877650e-01
9.899999999999999911e-01
9.899999999999999911e-01
9.899999999999999911e-01
9.147581903043607854e-01
9.899999999999999911e-01
9.899999999999999911e-01
9.899999999999999911e-01
8.817589913745911279e-01
9.899999999999999911e-01
9.899999999999999911e-01
9.899999999999999911e-01
9.504484516084426016e-01
9.899999999999999911e-01
9.899999999999999911e-01
9.899999999999999911e-01
8.786948984632110271e-01
9.899999999999999911e-01
9.899999999999999911e-01
9.899999999999999911e-01
9.656006177757537889e-01
9.899999999999999911e-01
9.899999999999999911e-01
9.899999999999999911e-01
9.382539395691534834e-01
9.899999999999999911e-01
9.899999999999999911e-01
9.899999999999999911e-01
9.484150325158472450e-01
9.899999999999999911e-01
9.899999999999999911e-01
9.899999999999999911e-01
9.652075208651011984e-01
9.899999999999999911e-01
9.899999999999999911e-01
9.899999999999999911e-01
9.501693314699765081e-01
9.899999999999999911e-01
9.899999999999999911e-01
9.899999999999999911e-01
9.587129962568111674e-01
9.899999999999999911e-01
9.899999999999999911e-01
9.899999999999999911e-01
9.613751188374934920e-01
9.899999999999999911e-01
9.899999999999999911e-01
9.899999999999999911e-01
9.503505505080407367e-01
9.899999999999999911e-01
9.899999999999999911e-01
9.899999999999999911e-01
7.769232927706910541e-01
9.899999999999999911e-01
9.899999999999999911e-01
9.899999999999999911e-01
8.675751566714723362e-01
9.899999999999999911e-01
9.899999999999999911e-01
9.899999999999999911e-01
8.055899152067188540e-01
9.899999999999999911e-01
9.899999999999999911e-01
9.899999999999999911e-01
8.400812666673619367e-01
9.899999999999999911e-01
9.899999999999999911e-01
9.899999999999999911e-01
9.465397059820671588e-01
9.899999999999999911e-01
9.899999999999999911e-01
9.899999999999999911e-01
9.557467630418507998e-01
9.899999999999999911e-01
9.899999999999997691e-01
9.899999999999999911e-01
9.212363750092983361e-01
9.899999999999999911e-01
9.899999999999999911e-01
9.899999999999999911e-01
8.974149200505975310e-01
9.899999999999999911e-01
9.899999999999999911e-01
9.899999999999999911e-01
9.478381863188916068e-01
9.899999999999999911e-01
9.899999999999999911e-01
9.899999999999999911e-01
8.980833634145546363e-01
9.899999999999999911e-01
9.899999999999999911e-01
9.899999999999999911e-01
8.570007809347678362e-01
9.899999999999999911e-01
9.899999999999999911e-01
9.899999999999999911e-01
8.809075562946478977e-01
9.899999999999999911e-01
9.899999999999999911e-01
9.899999999999999911e-01
8.967824877875711920e-01
9.899999999999999911e-01
9.899999999999999911e-01
9.899999999999999911e-01
8.793754802477058430e-01
9.899999999999999911e-01
8.614692711386255919e-01
9.899999999999999911e-01
9.899999999999999911e-01
9.899999999999999911e-01
9.570701970817331317e-01
9.899999999999999911e-01
7.744429550304487986e-01
9.899999999999999911e-01
9.899999999999999911e-01
9.899999999999999911e-01
8.275946866537117197e-01
9.899999999999999911e-01
9.899999999999999911e-01
9.899999999999999911e-01
8.024405368659944804e-01
9.899999999999999911e-01
9.899999999999999911e-01
9.899999999999999911e-01
8.174753559346804588e-01
9.899999999999999911e-01
9.899999999999999911e-01
9.899999999999999911e-01
9.001401871069173444e-01
9.899999999999999911e-01
9.899999999999999911e-01
9.899999999999999911e-01
9.131994860860033203e-01
9.899999999999999911e-01
9.899999999999999911e-01
9.899999999999999911e-01
9.154085707922612336e-01
9.899999999999999911e-01
9.899999999999999911e-01
8.964647074964993134e-01
9.899999999999999911e-01
9.899999999999999911e-01
9.899999999999999911e-01
8.813367670521466968e-01
9.899999999999999911e-01
9.899999999999999911e-01
9.643625190365848754e-01
9.899999999999999911e-01
9.899999999999999911e-01
9.899999999999999911e-01
9.069817311709027496e-01
9.899999999999999911e-01
9.899999999999999911e-01
9.899999999999999911e-01
9.899999999999999911e-01
9.899999999999999911e-01
9.269530279522482097e-01
9.899999999999999911e-01
9.899999999999999911e-01
9.899999999999999911e-01
9.384822018073639693e-01
9.899999999999999911e-01
9.899999999999999911e-01
9.899999999999999911e-01
9.899999999999999911e-01
9.722554627999845378e-01
9.899999999999999911e-01
9.899999999999999911e-01
9.899999999999999911e-01
9.899999999999999911e-01
9.032204500143523607e-01
9.899999999999999911e-01
9.899999999999999911e-01
9.899999999999999911e-01
9.241926606809682809e-01
9.899999999999999911e-01
9.899999999999999911e-01
9.899999999999999911e-01
9.749970360025699279e-01
9.899999999999999911e-01
9.899999999999999911e-01
9.899999999999999911e-01
9.899999999999999911e-01
9.899999999999999911e-01
9.598242170051779487e-01
9.899999999999999911e-01
9.899999999999999911e-01
9.899999999999999911e-01
8.751075205167887505e-01
9.899999999999999911e-01
9.899999999999999911e-01
9.899999999999999911e-01
8.990528903557168938e-01
9.899999999999999911e-01
9.899999999999999911e-01
9.899999999999999911e-01
7.773518968223235293e-01
9.899999999999999911e-01
9.899999999999999911e-01
9.899999999999999911e-01
9.899999999999999911e-01
9.899999999999999911e-01
9.899999999999999911e-01
9.723124218843235411e-01
9.899999999999999911e-01
9.899999999999999911e-01
9.899999999999999911e-01
9.247781329309590070e-01
9.899999999999999911e-01
9.899999999999999911e-01
9.899999999999999911e-01
8.228924573357615513e-01
9.899999999999999911e-01
9.899999999999999911e-01
9.536037010696730709e-01
9.899999999999999911e-01
9.899999999999999911e-01
8.357382976755283188e-01
9.899999999999999911e-01
9.899999999999999911e-01
9.451943030520288946e-01
9.899999999999999911e-01
9.899999999999999911e-01
9.899999999999999911e-01
7.867870867205889462e-01
9.899999999999999911e-01
9.899999999999999911e-01
9.899999999999999911e-01
9.663147245571597210e-01
9.899999999999999911e-01
9.899999999999999911e-01
9.899999999999999911e-01
7.766701770572425056e-01
9.899999999999999911e-01
9.899999999999999911e-01
9.899999999999999911e-01
8.115895756599144084e-01
9.899999999999999911e-01
9.899999999999999911e-01
9.899999999999999911e-01
8.890290564349906388e-01
9.899999999999999911e-01
9.899999999999999911e-01
9.899999999999999911e-01
8.768415643207185806e-01
8.692835923666748510e-01
9.899999999999999911e-01
9.899999999999999911e-01
9.899999999999999911e-01
8.714837910573904889e-01
9.899999999999999911e-01
9.899999999999999911e-01
9.899999999999999911e-01
8.409720170393978345e-01
9.899999999999999911e-01
9.899999999999999911e-01
9.899999999999999911e-01
8.976527748788907246e-01
9.899999999999999911e-01
9.899999999999999911e-01
9.899999999999999911e-01
9.462293952458762369e-01
9.899999999999999911e-01
9.899999999999999911e-01
9.899999999999999911e-01
8.701478604444747855e-01
9.899999999999999911e-01
9.899999999999999911e-01
9.899999999999999911e-01
9.721927043410399927e-01
9.899999999999999911e-01
9.899999999999999911e-01
9.899999999999999911e-01
9.164320613103772439e-01
9.899999999999999911e-01
9.899999999999999911e-01
9.899999999999999911e-01
9.742214972068036216e-01
9.899999999999999911e-01
9.899999999999999911e-01
9.899999999999999911e-01
7.744331126301673418e-01
9.899999999999999911e-01
9.899999999999999911e-01
9.899999999999999911e-01
9.434053374902896527e-01
9.899999999999999911e-01
9.899999999999999911e-01
9.899999999999999911e-01
9.687386797136748884e-01
9.899999999999999911e-01
9.899999999999999911e-01
9.899999999999999911e-01
7.782411920599053845e-01
9.899999999999999911e-01
9.899999999999999911e-01
9.899999999999999911e-01
8.749765673718584713e-01
9.899999999999999911e-01
9.899999999999999911e-01
9.899999999999999911e-01
8.421407042248845176e-01
9.899999999999999911e-01
9.899999999999999911e-01
9.899999999999999911e-01
9.573533859739108420e-01
9.899999999999999911e-01
9.899999999999999911e-01
9.899999999999999911e-01
8.802817707213180798e-01
9.899999999999999911e-01
9.899999999999999911e-01
9.899999999999999911e-01
8.209172404199521766e-01
9.899999999999999911e-01
9.899999999999999911e-01
9.899999999999999911e-01
9.027468237110484184e-01
9.899999999999999911e-01
9.899999999999999911e-01
9.899999999999999911e-01
8.948062056909122930e-01
9.899999999999999911e-01
9.899999999999999911e-01
9.899999999999999911e-01
9.017293948058061615e-01
9.899999999999999911e-01
9.899999999999999911e-01
9.899999999999999911e-01
9.167223620312631160e-01
9.899999999999999911e-01
9.899999999999999911e-01
9.899999999999999911e-01
9.899999999999999911e-01
9.899999999999999911e-01
9.899999999999999911e-01
9.899999999999999911e-01
9.091425194660966991e-01
9.899999999999999911e-01
9.899999999999999911e-01
9.899999999999999911e-01
9.148109890611459960e-01
9.899999999999999911e-01
9.899999999999999911e-01
9.899999999999999911e-01
9.760062126493378454e-01
9.899999999999999911e-01
9.899999999999999911e-01
9.899999999999999911e-01
8.446515508037223396e-01
9.899999999999999911e-01
9.899999999999999911e-01
9.899999999999999911e-01
9.899999999999999911e-01
7.651869747520883003e-01
9.899999999999999911e-01
9.899999999999999911e-01
9.899999999999999911e-01
8.259285399039029141e-01
9.899999999999999911e-01
9.899999999999999911e-01
9.899999999999999911e-01
9.747274697913098640e-01
9.899999999999999911e-01
9.899999999999999911e-01
9.899999999999999911e-01
9.612618574686462303e-01
9.899999999999999911e-01
9.899999999999999911e-01
8.239504960249328658e-01
9.899999999999999911e-01
9.899999999999999911e-01
9.899999999999999911e-01
9.503025582330958398e-01
9.899999999999999911e-01
9.899999999999999911e-01
9.899999999999999911e-01
7.773236121231532625e-01
9.899999999999999911e-01
9.899999999999999911e-01
9.899999999999999911e-01
9.617072243585864655e-01
9.899999999999999911e-01
9.899999999999999911e-01
8.725939600228116433e-01
9.899999999999999911e-01
9.899999999999999911e-01
9.899999999999999911e-01
8.724192382209339236e-01
9.899999999999999911e-01
9.899999999999999911e-01
9.899999999999999911e-01
8.196433096778840133e-01
9.899999999999999911e-01
9.612037824572524647e-01
9.899999999999999911e-01
9.899999999999999911e-01
9.899999999999999911e-01
8.095652098959443821e-01
9.899999999999999911e-01
9.899999999999999911e-01
9.899999999999999911e-01
9.153608864280661228e-01
9.727218335047097542e-01
9.899999999999999911e-01
9.899999999999999911e-01
9.724365685715398167e-01
9.899999999999999911e-01
9.899999999999999911e-01
9.899999999999999911e-01
8.653009949907243259e-01
9.899999999999999911e-01
9.899999999999999911e-01
9.899999999999999911e-01
9.222067572427314897e-01
9.899999999999999911e-01
9.899999999999999911e-01
9.899999999999999911e-01
8.118832114816093570e-01
9.899999999999999911e-01
9.899999999999999911e-01
9.899999999999999911e-01
9.470750326309799183e-01
9.899999999999999911e-01
9.899999999999999911e-01
9.899999999999999911e-01
9.243234411702173636e-01
9.899999999999999911e-01
9.899999999999999911e-01
9.899999999999999911e-01
8.182303241508717129e-01
9.899999999999999911e-01
9.899999999999999911e-01
9.899999999999999911e-01
8.358100599167981315e-01
9.899999999999999911e-01
9.899999999999999911e-01
9.899999999999999911e-01
9.899999999999999911e-01
9.899999999999999911e-01
9.463769775219423863e-01
9.899999999999999911e-01
9.899999999999999911e-01
9.899999999999999911e-01
9.147471599143655041e-01
9.899999999999999911e-01
9.899999999999999911e-01
9.493375450925083392e-01
9.899999999999999911e-01
9.899999999999999911e-01
9.899999999999999911e-01
9.057948881815980346e-01
9.899999999999999911e-01
8.314856580647047579e-01
9.899999999999999911e-01
9.899999999999999911e-01
9.899999999999999911e-01
9.799614391458116858e-01
9.899999999999999911e-01
9.899999999999999911e-01
9.899999999999999911e-01
9.246924274005166033e-01
9.899999999999999911e-01
9.899999999999999911e-01
9.899999999999999911e-01
8.391617421128501064e-01
9.899999999999999911e-01
9.899999999999999911e-01
9.899999999999999911e-01
8.015668209983242143e-01
9.899999999999999911e-01
9.899999999999999911e-01
9.899999999999999911e-01
9.362791842480939764e-01
9.899999999999999911e-01
9.899999999999999911e-01
9.899999999999999911e-01
8.452449864772184629e-01
9.899999999999999911e-01
9.899999999999999911e-01
9.899999999999999911e-01
9.509797829279333925e-01
9.899999999999999911e-01
9.899999999999999911e-01
9.899999999999999911e-01
8.685541741496772827e-01
9.899999999999999911e-01
9.899999999999999911e-01
9.899999999999999911e-01
8.208449478494042051e-01
9.899999999999999911e-01
9.899999999999999911e-01
9.899999999999999911e-01
9.716643981233895611e-01
9.899999999999999911e-01
9.899999999999999911e-01
9.899999999999999911e-01
8.028699952733336920e-01
9.899999999999999911e-01
9.899999999999999911e-01
9.899999999999999911e-01
9.806902610527630237e-01
9.899999999999999911e-01
9.899999999999999911e-01
9.899999999999999911e-01
8.639619230888931911e-01
9.899999999999999911e-01
9.899999999999999911e-01
9.899999999999999911e-01
9.252514005073921854e-01
9.899999999999999911e-01
9.899999999999999911e-01
9.899999999999999911e-01
7.745840653688611521e-01
9.899999999999999911e-01
9.899999999999999911e-01
9.899999999999999911e-01
9.706507012042931981e-01
9.899999999999999911e-01
9.899999999999999911e-01
9.899999999999999911e-01
8.430033503465516054e-01
9.899999999999999911e-01
9.899999999999999911e-01
9.899999999999999911e-01
8.785368717903105917e-01
9.899999999999999911e-01
9.899999999999999911e-01
9.899999999999999911e-01
8.620941603572822576e-01
9.899999999999999911e-01
9.899999999999999911e-01
9.899999999999999911e-01
7.879757151908977075e-01
9.899999999999999911e-01
9.899999999999999911e-01
9.899999999999999911e-01
8.611880547702590594e-01
9.899999999999999911e-01
9.899999999999999911e-01
9.899999999999999911e-01
7.932843805734479670e-01
9.899999999999999911e-01
9.899999999999999911e-01
9.899999999999999911e-01
8.522282671385428277e-01
9.899999999999999911e-01
9.899999999999999911e-01
9.899999999999999911e-01
9.414330477179049250e-01
9.899999999999999911e-01
9.899999999999999911e-01
7.913162045101387321e-01
9.899999999999999911e-01
9.899999999999999911e-01
9.899999999999999911e-01
7.879930475433000181e-01
8.639567843070927733e-01
9.899999999999999911e-01
9.899999999999999911e-01
9.899999999999999911e-01
9.244180362917938654e-01
9.899999999999999911e-01
9.899999999999999911e-01
9.899999999999999911e-01
8.352493539183649673e-01
9.899999999999999911e-01
9.899999999999999911e-01
9.899999999999999911e-01
7.956286628642585956e-01
9.899999999999999911e-01
9.899999999999999911e-01
9.899999999999999911e-01
7.892078359270691124e-01
9.899999999999999911e-01
9.899999999999999911e-01
9.899999999999999911e-01
8.978068324088739338e-01
9.899999999999999911e-01
9.899999999999999911e-01
9.899999999999999911e-01
7.760929182035640750e-01
9.899999999999999911e-01
9.899999999999999911e-01
9.899999999999999911e-01
8.478530913931864310e-01
9.899999999999999911e-01
9.899999999999999911e-01
9.899999999999999911e-01
8.429814051935239361e-01
9.899999999999999911e-01
9.899999999999999911e-01
9.899999999999999911e-01
9.561005707691878630e-01
9.899999999999999911e-01
9.899999999999999911e-01
9.899999999999999911e-01
8.760150730247168172e-01
9.899999999999999911e-01
9.899999999999999911e-01
9.899999999999999911e-01
9.526826490744189080e-01
9.899999999999999911e-01
9.899999999999999911e-01
9.035852186112396378e-01
9.899999999999999911e-01
9.899999999999999911e-01
9.899999999999999911e-01
8.700781967230896141e-01
9.899999999999999911e-01
9.899999999999999911e-01
9.087153769021460992e-01
9.899999999999999911e-01
9.899999999999999911e-01
9.899999999999999911e-01
8.791585944756199478e-01
9.899999999999999911e-01
9.899999999999999911e-01
9.899999999999999911e-01
7.906131249335350830e-01
9.899999999999999911e-01
9.899999999999999911e-01
9.899999999999999911e-01
8.658712449334615702e-01
9.899999999999999911e-01
9.285389480506635040e-01
9.899999999999999911e-01
9.899999999999999911e-01
9.899999999999999911e-01
8.127278530259616218e-01
9.899999999999999911e-01
9.899999999999999911e-01
9.899999999999999911e-01
7.745314878893873045e-01
9.899999999999999911e-01
9.899999999999999911e-01
9.899999999999999911e-01
8.307477103418194897e-01
9.899999999999999911e-01
9.899999999999999911e-01
9.899999999999999911e-01
8.410135235864463210e-01
9.899999999999999911e-01
9.899999999999999911e-01
8.967344756511431703e-01
9.899999999999999911e-01
9.899999999999999911e-01
9.453763499744602949e-01
9.899999999999999911e-01
9.899999999999999911e-01
9.899999999999999911e-01
8.729377940214891884e-01
9.899999999999999911e-01
9.899999999999999911e-01
9.899999999999999911e-01
8.052635610222590445e-01
9.899999999999999911e-01
9.899999999999999911e-01
9.899999999999999911e-01
9.074747781894533238e-01
9.899999999999999911e-01
9.899999999999999911e-01
9.899999999999999911e-01
9.599900218806769470e-01
9.899999999999999911e-01
9.899999999999999911e-01
8.041030768663911532e-01
9.899999999999999911e-01
9.899999999999999911e-01
9.899999999999999911e-01
8.552333613392302247e-01
9.899999999999999911e-01
9.899999999999999911e-01
9.899999999999999911e-01
8.712985186389119452e-01
9.899999999999999911e-01
9.899999999999999911e-01
9.899999999999999911e-01
8.113570384225039511e-01
9.899999999999999911e-01
9.899999999999999911e-01
9.899999999999999911e-01
9.082692337607070066e-01
9.899999999999999911e-01
9.899999999999999911e-01
9.899999999999999911e-01
8.018980968865903058e-01
9.899999999999999911e-01
9.899999999999999911e-01
9.899999999999999911e-01
9.418550599299184700e-01
9.899999999999999911e-01
9.899999999999999911e-01
9.899999999999999911e-01
8.279418879585044300e-01
9.899999999999999911e-01
9.899999999999999911e-01
9.899999999999999911e-01
8.850985126930144276e-01
9.899999999999999911e-01
9.899999999999999911e-01
9.899999999999999911e-01
9.129188796571267028e-01
9.899999999999999911e-01
9.899999999999999911e-01
9.899999999999999911e-01
7.998603921287168461e-01
9.899999999999999911e-01
9.899999999999999911e-01
9.899999999999999911e-01
9.108027866323694655e-01
9.899999999999999911e-01
8.413856182624687152e-01
9.899999999999999911e-01
9.899999999999999911e-01
9.899999999999999911e-01
9.323893123611517453e-01
9.899999999999999911e-01
9.899999999999999911e-01
9.899999999999999911e-01
8.353727982295300336e-01
9.899999999999999911e-01
9.899999999999999911e-01
7.914152973570275362e-01
9.899999999999999911e-01
9.899999999999999911e-01
9.899999999999999911e-01
7.697165462915068757e-01
9.899999999999999911e-01
9.899999999999999911e-01
9.899999999999999911e-01
8.648003958928432988e-01
9.899999999999999911e-01
9.899999999999999911e-01
9.356701123388011521e-01
9.899999999999999911e-01
9.899999999999999911e-01
9.899999999999999911e-01
9.381280419034805362e-01
9.899999999999999911e-01
9.899999999999999911e-01
7.985444066056738288e-01
9.899999999999999911e-01
9.899999999999999911e-01
9.899999999999999911e-01
9.788758780820454586e-01
9.899999999999999911e-01
9.899999999999999911e-01
9.899999999999999911e-01
8.041558498730172477e-01
9.899999999999999911e-01
9.899999999999999911e-01
9.899999999999999911e-01
8.530778044457524301e-01
9.899999999999999911e-01
9.899999999999999911e-01
9.899999999999999911e-01
9.569293849922972939e-01
9.899999999999999911e-01
9.899999999999999911e-01
9.899999999999999911e-01
9.010316336104104984e-01
9.899999999999999911e-01
9.899999999999999911e-01
8.898670065002730611e-01
9.899999999999999911e-01
9.899999999999999911e-01
9.899999999999999911e-01
8.867521199918836361e-01
9.899999999999999911e-01
9.899999999999999911e-01
9.899999999999999911e-01
7.930664303728984788e-01
9.899999999999999911e-01
9.899999999999999911e-01
9.899999999999999911e-01
8.803690470546607916e-01
9.899999999999999911e-01
7.982230770501833605e-01
9.899999999999999911e-01
9.899999999999999911e-01
8.660733802264459769e-01
9.899999999999999911e-01
9.899999999999999911e-01
9.899999999999999911e-01
9.549025339683840929e-01
9.899999999999999911e-01
9.899999999999999911e-01
9.899999999999999911e-01
9.183183648745654182e-01
9.899999999999999911e-01
9.899999999999999911e-01
8.180354784607831720e-01
9.899999999999999911e-01
9.899999999999999911e-01
9.899999999999999911e-01
9.530448254498622429e-01
9.899999999999999911e-01
9.899999999999999911e-01
9.899999999999999911e-01
8.391250683991217096e-01
9.899999999999999911e-01
9.899999999999999911e-01
9.639125594389038598e-01
9.899999999999999911e-01
9.899999999999999911e-01
9.899999999999999911e-01
8.205683610243991177e-01
9.899999999999999911e-01
9.899999999999999911e-01
9.522763969808106799e-01
9.899999999999999911e-01
9.899999999999999911e-01
9.899999999999999911e-01
8.754534232391857351e-01
9.899999999999999911e-01
9.899999999999999911e-01
9.899999999999999911e-01
9.515820109042419928e-01
9.899999999999999911e-01
9.899999999999999911e-01
9.899999999999999911e-01
8.918087204039987226e-01
9.899999999999999911e-01
9.899999999999999911e-01
9.899999999999999911e-01
8.430722630008580243e-01
9.899999999999999911e-01
9.899999999999999911e-01
9.899999999999999911e-01
9.521259053091685187e-01
9.899999999999999911e-01
9.899999999999999911e-01
9.899999999999999911e-01
8.724632128835231315e-01
9.899999999999999911e-01
9.899999999999999911e-01
9.703038524947870114e-01
9.899999999999999911e-01
9.899999999999999911e-01
9.899999999999999911e-01
9.189682481658415503e-01
9.899999999999999911e-01
9.279844383278988973e-01
9.899999999999999911e-01
9.899999999999999911e-01
9.899999999999999911e-01
8.121186184170490208e-01
9.899999999999999911e-01
9.899999999999999911e-01
9.899999999999999911e-01
9.577700786700906743e-01
9.899999999999999911e-01
9.899999999999999911e-01
9.899999999999999911e-01
9.211703467507237342e-01
9.899999999999999911e-01
9.899999999999999911e-01
8.046471689954233231e-01
9.899999999999999911e-01
9.899999999999999911e-01
9.899999999999999911e-01
9.468633901970342492e-01
9.899999999999999911e-01
9.899999999999999911e-01
9.899999999999999911e-01
9.550642174071364288e-01
9.899999999999999911e-01
9.899999999999999911e-01
9.899999999999999911e-01
9.026878696902418397e-01
9.899999999999999911e-01
9.899999999999999911e-01
9.899999999999999911e-01
8.062914596304613379e-01
9.899999999999999911e-01
9.899999999999999911e-01
9.899999999999999911e-01
8.079869245244776232e-01
9.899999999999999911e-01
9.899999999999999911e-01
9.899999999999999911e-01
8.236791380312203925e-01
9.899999999999999911e-01
9.899999999999999911e-01
7.851179544866758730e-01
9.899999999999999911e-01
9.899999999999999911e-01
9.899999999999999911e-01
9.309551794123648305e-01
9.899999999999999911e-01
9.899999999999999911e-01
7.892824484160553267e-01
9.899999999999999911e-01
9.899999999999999911e-01
9.899999999999999911e-01
9.535094466079432340e-01
9.899999999999999911e-01
7.816236571414666434e-01
9.899999999999999911e-01
9.899999999999999911e-01
7.868789130149128619e-01
9.899999999999999911e-01
9.899999999999999911e-01
9.385398280855308251e-01
9.899999999999999911e-01
9.899999999999999911e-01
9.512506466686605489e-01
9.899999999999999911e-01
9.899999999999999911e-01
9.899999999999999911e-01
9.707444652755410353e-01
9.899999999999999911e-01
9.899999999999999911e-01
8.367274015908213736e-01
9.899999999999999911e-01
9.899999999999999911e-01
9.899999999999999911e-01
8.381480439476042266e-01
9.899999999999999911e-01
9.899999999999999911e-01
9.899999999999999911e-01
8.879279013844642021e-01
9.899999999999999911e-01
9.899999999999999911e-01
9.899999999999999911e-01
9.657515538234845431e-01
9.899999999999999911e-01
9.899999999999999911e-01
9.180171206193205036e-01
9.899999999999999911e-01
9.899999999999999911e-01
9.899999999999999911e-01
9.207215627318943163e-01
9.899999999999999911e-01
9.899999999999999911e-01
9.371681492396413127e-01
9.899999999999999911e-01
9.899999999999999911e-01
9.899999999999999911e-01
9.715397453639542658e-01
9.899999999999999911e-01
9.899999999999999911e-01
9.899999999999999911e-01
9.899999999999999911e-01
9.899999999999999911e-01
9.349340834522870125e-01
9.899999999999999911e-01
9.899999999999999911e-01
8.204755063660822412e-01
9.899999999999999911e-01
9.899999999999999911e-01
9.899999999999999911e-01
8.610570352299764529e-01
9.899999999999999911e-01
9.899999999999999911e-01
9.899999999999999911e-01
8.655415024469653718e-01
9.899999999999999911e-01
7.707625691704428350e-01
9.899999999999999911e-01
9.899999999999999911e-01
9.156960999924570466e-01
9.899999999999999911e-01
9.899999999999999911e-01
9.899999999999999911e-01
9.004147761555497675e-01
9.899999999999999911e-01
9.899999999999999911e-01
9.899999999999999911e-01
8.471285002864367142e-01
9.899999999999999911e-01
9.899999999999999911e-01
8.480127430256728660e-01
9.899999999999999911e-01
9.899999999999999911e-01
9.899999999999999911e-01
8.989872021666718283e-01
9.899999999999999911e-01
9.899999999999999911e-01
9.899999999999999911e-01
9.610389953151691200e-01
9.899999999999999911e-01
9.899999999999999911e-01
9.899999999999999911e-01
8.737335728796367107e-01
9.899999999999999911e-01
9.899999999999999911e-01
9.899999999999999911e-01
8.782331289893809956e-01
9.899999999999999911e-01
9.899999999999999911e-01
9.899999999999999911e-01
8.997512252825956569e-01
9.899999999999999911e-01
9.899999999999999911e-01
9.899999999999999911e-01
8.266860666364087562e-01
9.899999999999999911e-01
9.899999999999999911e-01
9.899999999999999911e-01
8.479073724149420732e-01
9.899999999999999911e-01
9.899999999999999911e-01
9.899999999999999911e-01
9.157079830849081947e-01
9.899999999999999911e-01
9.899999999999999911e-01
9.899999999999999911e-01
8.516581247569274815e-01
9.899999999999999911e-01
9.899999999999999911e-01
9.899999999999999911e-01
8.682093723670769592e-01
9.899999999999999911e-01
9.899999999999999911e-01
9.165929948887875378e-01
9.899999999999999911e-01
9.899999999999999911e-01
9.899999999999999911e-01
