9.406874269401324096e-01
9.899999999999999911e-01
9.899999999999999911e-01
9.899999999999995470e-01
8.068088247755413889e-01
9.899999999999999911e-01
9.899999999999999911e-01
9.899999999999999911e-01
9.416428097644821138e-01
9.899999999999999911e-01
9.899999999999999911e-01
9.899999999999999911e-01
8.690235733556394004e-01
9.899999999999999911e-01
9.899999999999999911e-01
9.899999999999999911e-01
9.492461893107050352e-01
9.899999999999999911e-01
9.899999999999999911e-01
9.899999999999999911e-01
8.818171284282708688e-01
9.899999999999999911e-01
9.899999999999999911e-01
9.899999999999999911e-01
9.675237415883435332e-01
9.899999999999999911e-01
9.899999999999999911e-01
9.899999999999999911e-01
9.263441371679997927e-01
9.899999999999999911e-01
9.899999999999999911e-01
9.899999999999999911e-01
9.238356526300073313e-01
9.899999999999999911e-01
9.899999999999999911e-01
9.899999999999999911e-01
9.713705010862839773e-01
9.899999999999999911e-01
9.899999999999999911e-01
9.899999999999999911e-01
9.151747881200273937e-01
9.899999999999999911e-01
9.899999999999999911e-01
9.899999999999999911e-01
9.677400826105632126e-01
9.899999999999999911e-01
9.899999999999999911e-01
9.899999999999999911e-01
9.285068712010732250e-01
9.899999999999999911e-01
9.899999999999999911e-01
9.899999999999999911e-01
9.203782837117122639e-01
9.899999999999999911e-01
9.899999999999999911e-01
9.899999999999999911e-01
8.096637215354980377e-01
9.899999999999999911e-01
9.899999999999999911e-01
9.899999999999999911e-01
8.911253729475069330e-01
9.899999999999999911e-01
9.899999999999999911e-01
9.899999999999999911e-01
8.204697309192641175e-01
9.899999999999999911e-01
9.899999999999999911e-01
9.899999999999999911e-01
8.377317021958761156e-01
9.899999999999999911e-01
9.899999999999999911e-01
9.899999999999999911e-01
9.434146950212157767e-01
9.899999999999999911e-01
9.899999999999999911e-01
9.899999999999999911e-01
8.941389680082132418e-01
9.899999999999999911e-01
9.899999999999998801e-01
9.899999999999999911e-01
9.119955103177493916e-01
9.899999999999999911e-01
9.899999999999999911e-01
9.899999999999999911e-01
8.867751261276763941e-01
9.899999999999999911e-01
9.899999999999999911e-01
9.899999999999999911e-01
9.406908821845827440e-01
9.899999999999999911e-01
9.899999999999999911e-01
9.899999999999999911e-01
9.123013075035963926e-01
9.899999999999999911e-01
9.899999999999999911e-01
9.899999999999999911e-01
8.884660718255873446e-01
9.899999999999999911e-01
9.899999999999999911e-01
9.899999999999999911e-01
8.818139039246265520e-01
9.899999999999999911e-01
9.899999999999999911e-01
9.899999999999999911e-01
8.962675791467155095e-01
9.899999999999999911e-01
9.899999999999999911e-01
9.899999999999999911e-01
9.071394014835736375e-01
9.899999999999999911e-01
8.838991023858574492e-01
9.899999999999999911e-01
9.899999999999999911e-01
9.899999999999999911e-01
9.104404530102087056e-01
9.899999999999999911e-01
8.278648715281958781e-01
9.899999999999999911e-01
9.899999999999999911e-01
9.899999999999999911e-01
8.166682987395301740e-01
9.899999999999999911e-01
9.899999999999999911e-01
9.899999999999999911e-01
8.563438393221644018e-01
9.899999999999999911e-01
9.899999999999999911e-01
9.899999999999999911e-01
8.509028057024710101e-01
9.899999999999999911e-01
9.899999999999999911e-01
9.899999999999999911e-01
9.056129180675663859e-01
9.899999999999999911e-01
9.899999999999999911e-01
9.899999999999999911e-01
9.044767434765197400e-01
9.899999999999999911e-01
9.899999999999999911e-01
9.899999999999999911e-01
9.425566914086332959e-01
9.899999999999999911e-01
9.899999999999999911e-01
8.564416121027939033e-01
9.899999999999999911e-01
9.899999999999999911e-01
9.899999999999999911e-01
8.915967897950711762e-01
9.899999999999999911e-01
9.899999999999999911e-01
9.744345137508355625e-01
9.899999999999999911e-01
9.899999999999999911e-01
9.899999999999999911e-01
8.816388239057129095e-01
9.899999999999999911e-01
9.899999999999999911e-01
9.899999999999999911e-01
9.899999999999999911e-01
9.899999999999999911e-01
9.477315807099765399e-01
9.899999999999999911e-01
9.899999999999999911e-01
9.899999999999999911e-01
9.390258727039935138e-01
9.899999999999999911e-01
9.899999999999999911e-01
9.899999999999999911e-01
9.899999999999999911e-01
9.470035895487992628e-01
9.899999999999999911e-01
9.899999999999999911e-01
9.899999999999999911e-01
9.899999999999999911e-01
9.302349280207267146e-01
9.899999999999999911e-01
9.899999999999999911e-01
9.899999999999999911e-01
9.162370953329633805e-01
9.899999999999999911e-01
9.899999999999999911e-01
9.899999999999999911e-01
9.156411103491661763e-01
9.899999999999999911e-01
9.899999999999999911e-01
9.899999999999999911e-01
9.899999999999999911e-01
9.899999999999999911e-01
9.078650196598175848e-01
9.899999999999999911e-01
9.899999999999999911e-01
9.899999999999999911e-01
9.099029771417657120e-01
9.899999999999999911e-01
9.899999999999999911e-01
9.899999999999999911e-01
8.945936931386548885e-01
9.899999999999999911e-01
9.899999999999999911e-01
9.899999999999999911e-01
8.100349795565104927e-01
9.899999999999999911e-01
9.899999999999999911e-01
9.899999999999999911e-01
9.899999999999999911e-01
9.899999999999999911e-01
9.899999999999999911e-01
9.316380068994977171e-01
9.899999999999999911e-01
9.899999999999999911e-01
9.899999999999999911e-01
9.180274358378648358e-01
9.899999999999999911e-01
9.899999999999999911e-01
9.899999999999999911e-01
8.720308956054990679e-01
9.899999999999999911e-01
9.899999999999999911e-01
9.057878634801054263e-01
9.899999999999999911e-01
9.899999999999999911e-01
8.767111756794285782e-01
9.899999999999999911e-01
9.899999999999999911e-01
9.240181861844868338e-01
9.899999999999999911e-01
9.899999999999999911e-01
9.899999999999999911e-01
8.304376308927519101e-01
9.899999999999999911e-01
9.899999999999999911e-01
9.899999999999999911e-01
9.146424066117928575e-01
9.899999999999999911e-01
9.899999999999999911e-01
9.899999999999999911e-01
8.244162098135752181e-01
9.899999999999999911e-01
9.899999999999999911e-01
9.899999999999999911e-01
8.361706938590807159e-01
9.899999999999999911e-01
9.899999999999999911e-01
9.899999999999999911e-01
8.656286907718989676e-01
9.899999999999999911e-01
9.899999999999999911e-01
9.899999999999999911e-01
9.117334796000707842e-01
8.737167276868563759e-01
9.899999999999999911e-01
9.899999999999999911e-01
9.899999999999999911e-01
8.637285306213912106e-01
9.899999999999999911e-01
9.899999999999999911e-01
9.899999999999999911e-01
8.497098239833703603e-01
9.899999999999999911e-01
9.899999999999999911e-01
9.899999999999999911e-01
8.867501826746432281e-01
9.899999999999999911e-01
9.899999999999999911e-01
9.899999999999999911e-01
9.111551401140441930e-01
9.899999999999999911e-01
9.899999999999999911e-01
9.899999999999999911e-01
8.987142456086181230e-01
9.899999999999999911e-01
9.899999999999999911e-01
9.899999999999999911e-01
9.430071404149527048e-01
9.899999999999999911e-01
9.899999999999999911e-01
9.899999999999999911e-01
9.003964636408413602e-01
9.899999999999999911e-01
9.899999999999999911e-01
9.899999999999999911e-01
9.344853980828570217e-01
9.899999999999999911e-01
9.899999999999999911e-01
9.899999999999999911e-01
8.072819940728669375e-01
9.899999999999999911e-01
9.899999999999999911e-01
9.899999999999999911e-01
9.353060489595126370e-01
9.899999999999999911e-01
9.899999999999999911e-01
9.899999999999999911e-01
9.467567987824080378e-01
9.899999999999999911e-01
9.899999999999999911e-01
9.899999999999999911e-01
8.295852170905495537e-01
9.899999999999999911e-01
9.899999999999999911e-01
9.899999999999999911e-01
8.943769228019871065e-01
9.899999999999999911e-01
9.899999999999999911e-01
9.899999999999999911e-01
8.408103808338354135e-01
9.899999999999999911e-01
9.899999999999999911e-01
9.899999999999999911e-01
9.284698157083707271e-01
9.899999999999999911e-01
9.899999999999999911e-01
9.899999999999999911e-01
8.724902692605985832e-01
9.899999999999999911e-01
9.899999999999999911e-01
9.899999999999999911e-01
8.430887431390959863e-01
9.899999999999999911e-01
9.899999999999999911e-01
9.899999999999999911e-01
8.990269985126477792e-01
9.899999999999999911e-01
9.899999999999999911e-01
9.899999999999999911e-01
8.834655654414516057e-01
9.899999999999999911e-01
9.899999999999999911e-01
9.899999999999999911e-01
9.141794582763509425e-01
9.899999999999999911e-01
9.899999999999999911e-01
9.899999999999999911e-01
9.102964846415732003e-01
9.899999999999999911e-01
9.899999999999999911e-01
9.899999999999999911e-01
9.899999999999999911e-01
9.899999999999999911e-01
9.899999999999999911e-01
9.899999999999999911e-01
9.355459824522750489e-01
9.899999999999999911e-01
9.899999999999999911e-01
9.899999999999999911e-01
9.192491506144782054e-01
9.899999999999999911e-01
9.899999999999999911e-01
9.899999999999999911e-01
9.790166374757736101e-01
9.899999999999999911e-01
9.899999999999999911e-01
9.899999999999999911e-01
8.885095274248819841e-01
9.899999999999999911e-01
9.899999999999999911e-01
9.899999999999999911e-01
9.899999999999999911e-01
8.309231284586102717e-01
9.899999999999999911e-01
9.899999999999999911e-01
9.899999999999999911e-01
8.687204850792563660e-01
9.899999999999999911e-01
9.899999999999999911e-01
9.899999999999999911e-01
9.066524753138817116e-01
9.899999999999999911e-01
9.899999999999999911e-01
9.899999999999999911e-01
9.105905422312369213e-01
9.899999999999999911e-01
9.899999999999999911e-01
8.364883498342416956e-01
9.899999999999999911e-01
9.899999999999999911e-01
9.899999999999999911e-01
9.490411507968703475e-01
9.899999999999999911e-01
9.899999999999999911e-01
9.899999999999999911e-01
8.096693015330651555e-01
9.899999999999999911e-01
9.899999999999999911e-01
9.899999999999999911e-01
9.016797015772310964e-01
9.899999999999999911e-01
9.899999999999999911e-01
8.875857671479762123e-01
9.899999999999999911e-01
9.899999999999999911e-01
9.899999999999999911e-01
8.593946783057749839e-01
9.899999999999999911e-01
9.899999999999999911e-01
9.899999999999999911e-01
8.639574506199445558e-01
9.899999999999999911e-01
8.889541770003028809e-01
9.899999999999999911e-01
9.899999999999999911e-01
9.899999999999999911e-01
8.216162039984722387e-01
9.899999999999999911e-01
9.899999999999999911e-01
9.899999999999999911e-01
9.328904170417522401e-01
9.418227245556505256e-01
9.899999999999999911e-01
9.899999999999999911e-01
9.417918707476539142e-01
9.899999999999999911e-01
9.899999999999999911e-01
9.899999999999999911e-01
8.619405110370724765e-01
9.899999999999999911e-01
9.899999999999999911e-01
9.899999999999999911e-01
9.039119868987820494e-01
9.899999999999999911e-01
9.899999999999999911e-01
9.899999999999999911e-01
8.350027858717602447e-01
9.899999999999999911e-01
9.899999999999999911e-01
9.899999999999999911e-01
9.315960582213179686e-01
9.899999999999999911e-01
9.899999999999999911e-01
9.899999999999999911e-01
9.170785681059935301e-01
9.899999999999999911e-01
9.899999999999999911e-01
9.899999999999999911e-01
8.472023451318375642e-01
9.899999999999999911e-01
9.899999999999999911e-01
9.899999999999999911e-01
8.505556288930088416e-01
9.899999999999999911e-01
9.899999999999999911e-01
9.899999999999999911e-01
9.899999999999999911e-01
9.899999999999999911e-01
9.142363222482414731e-01
9.899999999999999911e-01
9.899999999999999911e-01
9.899999999999999911e-01
9.364887881232784039e-01
9.899999999999999911e-01
9.899999999999999911e-01
9.442477155238464537e-01
9.899999999999999911e-01
9.899999999999999911e-01
9.899999999999999911e-01
9.310990757976782550e-01
9.899999999999999911e-01
8.568459755728543570e-01
9.899999999999999911e-01
9.899999999999999911e-01
9.899999999999999911e-01
9.377368638695433578e-01
9.899999999999999911e-01
9.899999999999999911e-01
9.899999999999999911e-01
9.369268413618407898e-01
9.899999999999999911e-01
9.899999999999999911e-01
9.899999999999999911e-01
8.629054400808009451e-01
9.899999999999999911e-01
9.899999999999999911e-01
9.899999999999999911e-01
8.523250761233568396e-01
9.899999999999999911e-01
9.899999999999999911e-01
9.899999999999999911e-01
9.161667873679585350e-01
9.899999999999999911e-01
9.899999999999999911e-01
9.899999999999999911e-01
8.907519606066678364e-01
9.899999999999999911e-01
9.899999999999999911e-01
9.899999999999999911e-01
9.299667999875750324e-01
9.899999999999999911e-01
9.899999999999999911e-01
9.899999999999999911e-01
8.741635969736131218e-01
9.899999999999999911e-01
9.899999999999999911e-01
9.899999999999999911e-01
8.641151218673719381e-01
9.899999999999999911e-01
9.899999999999999911e-01
9.899999999999999911e-01
9.180375202638991761e-01
9.899999999999999911e-01
9.899999999999999911e-01
9.899999999999999911e-01
8.120770187162008602e-01
9.899999999999999911e-01
9.899999999999999911e-01
9.899999999999999911e-01
8.970589691156723999e-01
9.899999999999999911e-01
9.899999999999999911e-01
9.899999999999999911e-01
8.995080284503087498e-01
9.899999999999999911e-01
9.899999999999999911e-01
9.899999999999999911e-01
9.181338417399006469e-01
9.899999999999999911e-01
9.899999999999999911e-01
9.899999999999999911e-01
8.254741765935095232e-01
9.899999999999999911e-01
9.899999999999999911e-01
9.899999999999999911e-01
9.068967049893772447e-01
9.899999999999999911e-01
9.899999999999999911e-01
9.899999999999999911e-01
8.845564503070402207e-01
9.899999999999999911e-01
9.899999999999999911e-01
9.899999999999999911e-01
8.845102860285473101e-01
9.899999999999999911e-01
9.899999999999999911e-01
9.899999999999999911e-01
8.702009846876263000e-01
9.899999999999999911e-01
9.899999999999999911e-01
9.899999999999999911e-01
7.882017157590890388e-01
9.899999999999999911e-01
9.899999999999999911e-01
9.899999999999999911e-01
8.411742451069320614e-01
9.899999999999999911e-01
9.899999999999999911e-01
9.899999999999999911e-01
8.162367272749244673e-01
9.899999999999999911e-01
9.899999999999999911e-01
9.899999999999999911e-01
8.461072044710956641e-01
9.899999999999999911e-01
9.899999999999999911e-01
9.899999999999999911e-01
8.719501314257066538e-01
9.899999999999999911e-01
9.899999999999999911e-01
8.218427527823323198e-01
9.899999999999999911e-01
9.899999999999999911e-01
9.899999999999999911e-01
8.512549375546015762e-01
8.837939483209330538e-01
9.899999999999999911e-01
9.899999999999999911e-01
9.899999999999999911e-01
8.686046716376346621e-01
9.899999999999999911e-01
9.899999999999999911e-01
9.899999999999999911e-01
8.642509388224298705e-01
9.899999999999999911e-01
9.899999999999999911e-01
9.899999999999999911e-01
8.107185809521664233e-01
9.899999999999999911e-01
9.899999999999999911e-01
9.899999999999999911e-01
8.182409047235247312e-01
9.899999999999999911e-01
9.899999999999999911e-01
9.899999999999999911e-01
8.562534000679558055e-01
9.899999999999999911e-01
9.899999999999999911e-01
9.899999999999999911e-01
8.242898744352270546e-01
9.899999999999999911e-01
9.899999999999999911e-01
9.899999999999999911e-01
8.572875197918666812e-01
9.899999999999999911e-01
9.899999999999999911e-01
9.899999999999999911e-01
8.502021290087534711e-01
9.899999999999999911e-01
9.899999999999999911e-01
9.899999999999999911e-01
8.815209975879317872e-01
9.899999999999999911e-01
9.899999999999999911e-01
9.899999999999999911e-01
8.970136468045614153e-01
9.899999999999999911e-01
9.899999999999999911e-01
9.899999999999999911e-01
9.175049028635396953e-01
9.899999999999999911e-01
9.899999999999999911e-01
8.804691707731093775e-01
9.899999999999999911e-01
9.899999999999999911e-01
9.899999999999999911e-01
9.091599195599068262e-01
9.899999999999999911e-01
9.899999999999999911e-01
8.932392013573728917e-01
9.899999999999999911e-01
9.899999999999999911e-01
9.899999999999999911e-01
8.867285850468250574e-01
9.899999999999999911e-01
9.899999999999999911e-01
9.899999999999999911e-01
8.297762998678259727e-01
9.899999999999999911e-01
9.899999999999999911e-01
9.899999999999999911e-01
8.905274472340239944e-01
9.899999999999999911e-01
8.867186364303484281e-01
9.899999999999999911e-01
9.899999999999999911e-01
9.899999999999999911e-01
8.386943920423035603e-01
9.899999999999999911e-01
9.899999999999999911e-01
9.899999999999999911e-01
7.927687842506089266e-01
9.899999999999999911e-01
9.899999999999999911e-01
9.899999999999999911e-01
8.300919308092347126e-01
9.899999999999999911e-01
9.899999999999999911e-01
9.899999999999999911e-01
8.065485705697924557e-01
9.899999999999999911e-01
9.899999999999999911e-01
8.686983692225033193e-01
9.899999999999999911e-01
9.899999999999999911e-01
8.961465203092653375e-01
9.899999999999999911e-01
9.899999999999999911e-01
9.899999999999999911e-01
8.807445731895215957e-01
9.899999999999999911e-01
9.899999999999999911e-01
9.899999999999999911e-01
8.139654489006676874e-01
9.899999999999999911e-01
9.899999999999999911e-01
9.899999999999999911e-01
8.991767343400446366e-01
9.899999999999999911e-01
9.899999999999999911e-01
9.899999999999999911e-01
9.361166112189085453e-01
9.899999999999999911e-01
9.899999999999999911e-01
8.266939266578884338e-01
9.899999999999999911e-01
9.899999999999999911e-01
9.899999999999999911e-01
8.765939377364951879e-01
9.899999999999999911e-01
9.899999999999999911e-01
9.899999999999999911e-01
8.850854061432059661e-01
9.899999999999999911e-01
9.899999999999999911e-01
9.899999999999999911e-01
8.269273511861635617e-01
9.899999999999999911e-01
9.899999999999999911e-01
9.899999999999999911e-01
9.081194563262471320e-01
9.899999999999999911e-01
9.899999999999999911e-01
9.899999999999999911e-01
8.009993087568743064e-01
9.899999999999999911e-01
9.899999999999999911e-01
9.899999999999999911e-01
9.096575802444555325e-01
9.899999999999999911e-01
9.899999999999999911e-01
9.899999999999999911e-01
8.287035566549734167e-01
9.899999999999999911e-01
9.899999999999999911e-01
9.899999999999999911e-01
8.982298801864425641e-01
9.899999999999999911e-01
9.899999999999999911e-01
9.899999999999999911e-01
9.162056224786410130e-01
9.899999999999999911e-01
9.899999999999999911e-01
9.899999999999999911e-01
8.151338341766718454e-01
9.899999999999999911e-01
9.899999999999999911e-01
9.899999999999999911e-01
8.937177848941904035e-01
9.899999999999999911e-01
8.347959949650334277e-01
9.899999999999999911e-01
9.899999999999999911e-01
9.899999999999999911e-01
9.176252033891769688e-01
9.899999999999999911e-01
9.899999999999999911e-01
9.899999999999999911e-01
8.496765056732399346e-01
9.899999999999999911e-01
9.899999999999999911e-01
7.872649399112726654e-01
9.899999999999999911e-01
9.899999999999999911e-01
9.899999999999999911e-01
8.066780031129807682e-01
9.899999999999999911e-01
9.899999999999999911e-01
9.899999999999999911e-01
8.603717014235070515e-01
9.899999999999999911e-01
9.899999999999999911e-01
9.116816400102522033e-01
9.899999999999999911e-01
9.899999999999999911e-01
9.899999999999999911e-01
8.792913655438113762e-01
9.899999999999999911e-01
9.899999999999999911e-01
8.197400474260716496e-01
9.899999999999999911e-01
9.899999999999999911e-01
9.899999999999999911e-01
8.996661754899850649e-01
9.899999999999999911e-01
9.899999999999999911e-01
9.899999999999999911e-01
8.040421091522672592e-01
9.899999999999999911e-01
9.899999999999999911e-01
9.899999999999999911e-01
8.643336315328622455e-01
9.899999999999999911e-01
9.899999999999999911e-01
9.899999999999999911e-01
9.522589036721481603e-01
9.899999999999999911e-01
9.899999999999999911e-01
9.899999999999999911e-01
9.305943162702482452e-01
9.899999999999999911e-01
9.899999999999999911e-01
8.968835097744023432e-01
9.899999999999999911e-01
9.899999999999999911e-01
9.899999999999999911e-01
8.895911789480007714e-01
9.899999999999999911e-01
9.899999999999999911e-01
9.899999999999999911e-01
8.182209082526608057e-01
9.899999999999999911e-01
9.899999999999999911e-01
9.899999999999999911e-01
8.887691148752100423e-01
9.899999999999999911e-01
8.425856832847533617e-01
9.899999999999999911e-01
9.899999999999999911e-01
8.574734194622828376e-01
9.899999999999999911e-01
9.899999999999999911e-01
9.899999999999999911e-01
9.425061728351135093e-01
9.899999999999999911e-01
9.899999999999999911e-01
9.899999999999999911e-01
9.159513636975135098e-01
9.899999999999999911e-01
9.899999999999999911e-01
8.105585252555811415e-01
9.899999999999999911e-01
9.899999999999999911e-01
9.899999999999999911e-01
9.137975675021403621e-01
9.899999999999999911e-01
9.899999999999999911e-01
9.899999999999999911e-01
8.511236066341429929e-01
9.899999999999999911e-01
9.899999999999999911e-01
9.368873634870019673e-01
9.899999999999999911e-01
9.899999999999999911e-01
9.899999999999999911e-01
8.662942548043069957e-01
9.899999999999999911e-01
9.899999999999999911e-01
9.189929327769643663e-01
9.899999999999999911e-01
9.899999999999999911e-01
9.899999999999999911e-01
8.693960858060160168e-01
9.899999999999999911e-01
9.899999999999999911e-01
9.899999999999999911e-01
8.720867439987686209e-01
9.899999999999999911e-01
9.899999999999999911e-01
9.899999999999999911e-01
8.967289720367970229e-01
9.899999999999999911e-01
9.899999999999999911e-01
9.899999999999999911e-01
8.584884550714841911e-01
9.899999999999999911e-01
9.899999999999999911e-01
9.899999999999999911e-01
9.288653494105291175e-01
9.899999999999999911e-01
9.899999999999999911e-01
9.899999999999999911e-01
8.867462302516433414e-01
9.899999999999999911e-01
9.899999999999999911e-01
9.065937482973810413e-01
9.899999999999999911e-01
9.899999999999999911e-01
9.899999999999999911e-01
9.284172892134801014e-01
9.899999999999999911e-01
9.213990976026030788e-01
9.899999999999999911e-01
9.899999999999999911e-01
9.899999999999999911e-01
8.342886952812048618e-01
9.899999999999999911e-01
9.899999999999999911e-01
9.899999999999999911e-01
9.058989144552763717e-01
9.899999999999999911e-01
9.899999999999999911e-01
9.899999999999999911e-01
9.005266307204785603e-01
9.899999999999999911e-01
9.899999999999999911e-01
8.440158693425835468e-01
9.899999999999999911e-01
9.899999999999999911e-01
9.899999999999999911e-01
9.258388750340825757e-01
9.899999999999999911e-01
9.899999999999999911e-01
9.899999999999999911e-01
9.086736253030426314e-01
9.899999999999999911e-01
9.899999999999999911e-01
9.899999999999999911e-01
8.106076075766626143e-01
9.899999999999999911e-01
9.899999999999999911e-01
9.899999999999999911e-01
8.509407520390847024e-01
9.899999999999999911e-01
9.899999999999999911e-01
9.899999999999999911e-01
8.472820558977172123e-01
9.899999999999999911e-01
9.899999999999999911e-01
9.899999999999999911e-01
8.146495767814377897e-01
9.899999999999999911e-01
9.899999999999999911e-01
7.813287605118960366e-01
9.899999999999999911e-01
9.899999999999999911e-01
9.899999999999999911e-01
9.212433529963375278e-01
9.899999999999999911e-01
9.899999999999999911e-01
8.215358392495591966e-01
9.899999999999999911e-01
9.899999999999999911e-01
9.899999999999999911e-01
9.147786007095430882e-01
9.899999999999999911e-01
8.172019197574591498e-01
9.899999999999999911e-01
9.899999999999999911e-01
8.117945075394651377e-01
9.899999999999999911e-01
9.899999999999999911e-01
9.295327928851916388e-01
9.899999999999999911e-01
9.899999999999999911e-01
9.332235506048488505e-01
9.899999999999999911e-01
9.899999999999999911e-01
9.899999999999999911e-01
9.441585402631569313e-01
9.899999999999999911e-01
9.899999999999999911e-01
8.476173271814667620e-01
9.899999999999999911e-01
9.899999999999999911e-01
9.899999999999999911e-01
8.442838638868869205e-01
9.899999999999999911e-01
9.899999999999999911e-01
9.899999999999999911e-01
8.857816435373986330e-01
9.899999999999999911e-01
9.899999999999999911e-01
9.899999999999999911e-01
9.069798272820767115e-01
9.899999999999999911e-01
9.899999999999999911e-01
8.647622397968564023e-01
9.899999999999999911e-01
9.899999999999999911e-01
9.899999999999999911e-01
8.499510195309497584e-01
9.899999999999999911e-01
9.899999999999999911e-01
9.232042055402090996e-01
9.899999999999999911e-01
9.899999999999999911e-01
9.899999999999999911e-01
9.149726043115078422e-01
9.899999999999999911e-01
9.899999999999999911e-01
9.899999999999999911e-01
9.899999999999999911e-01
9.899999999999999911e-01
8.974773454403287554e-01
9.899999999999999911e-01
9.899999999999999911e-01
8.258419281686019131e-01
9.899999999999999911e-01
9.899999999999999911e-01
9.899999999999999911e-01
8.516480458478259408e-01
9.899999999999999911e-01
9.899999999999999911e-01
9.899999999999999911e-01
8.159827552721523602e-01
9.899999999999999911e-01
7.915418199351582640e-01
9.899999999999999911e-01
9.899999999999999911e-01
9.081377810580695265e-01
9.899999999999999911e-01
9.899999999999999911e-01
9.899999999999999911e-01
8.888873820900144995e-01
9.899999999999999911e-01
9.899999999999999911e-01
9.899999999999999911e-01
8.384196912459014328e-01
9.899999999999999911e-01
9.899999999999999911e-01
8.535682756878583133e-01
9.899999999999999911e-01
9.899999999999999911e-01
9.899999999999999911e-01
8.876551921268325263e-01
9.899999999999999911e-01
9.899999999999999911e-01
9.899999999999999911e-01
9.495144310285724698e-01
9.899999999999999911e-01
9.899999999999999911e-01
9.899999999999999911e-01
8.712380671882975491e-01
9.899999999999999911e-01
9.899999999999999911e-01
9.899999999999999911e-01
8.742472975738273533e-01
9.899999999999999911e-01
9.899999999999999911e-01
9.899999999999999911e-01
8.986447405692125079e-01
9.899999999999999911e-01
9.899999999999999911e-01
9.899999999999999911e-01
8.318045176678200425e-01
9.899999999999999911e-01
9.899999999999999911e-01
9.899999999999999911e-01
8.518845836415056549e-01
9.899999999999999911e-01
9.899999999999999911e-01
9.899999999999999911e-01
8.942907122409606835e-01
9.899999999999999911e-01
9.899999999999999911e-01
9.899999999999999911e-01
8.410935618628314625e-01
9.899999999999999911e-01
9.899999999999999911e-01
9.899999999999999911e-01
8.278115253984048572e-01
9.899999999999999911e-01
9.899999999999999911e-01
8.549498994474494795e-01
9.899999999999999911e-01
9.899999999999999911e-01
9.899999999999999911e-01
