7.808297791073932625e-01
8.000000000000000444e-01
8.000000000000000444e-01
8.000000000000000444e-01
7.092504600997918685e-01
8.000000000000000444e-01
8.000000000000000444e-01
8.000000000000000444e-01
7.836133112723240313e-01
7.991534105816471278e-01
8.000000000000000444e-01
8.000000000000000444e-01
7.303549988901519852e-01
8.000000000000000444e-01
8.000000000000000444e-01
8.000000000000000444e-01
7.581662223289596936e-01
8.000000000000000444e-01
8.000000000000000444e-01
8.000000000000000444e-01
7.161279429620378556e-01
8.000000000000000444e-01
8.000000000000000444e-01
8.000000000000000444e-01
7.721360570345837671e-01
8.000000000000000444e-01
8.000000000000000444e-01
8.000000000000000444e-01
7.632375967104235714e-01
8.000000000000000444e-01
8.000000000000000444e-01
8.000000000000000444e-01
7.648103061177632389e-01
8.000000000000000444e-01
8.000000000000000444e-01
8.000000000000000444e-01
7.832926821816718066e-01
8.000000000000000444e-01
8.000000000000000444e-01
8.000000000000000444e-01
7.420193687762681733e-01
8.000000000000000444e-01
8.000000000000000444e-01
8.000000000000000444e-01
7.811566757042448517e-01
8.000000000000000444e-01
8.000000000000000444e-01
8.000000000000000444e-01
7.441328504164510527e-01
8.000000000000000444e-01
7.887602858562156039e-01
8.000000000000000444e-01
7.550624867416719788e-01
8.000000000000000444e-01
8.000000000000000444e-01
8.000000000000000444e-01
7.074938097945189241e-01
8.000000000000000444e-01
8.000000000000000444e-01
8.000000000000000444e-01
7.566025447662763082e-01
8.000000000000000444e-01
8.000000000000000444e-01
8.000000000000000444e-01
7.087291993721882566e-01
7.990725052694324093e-01
8.000000000000000444e-01
8.000000000000000444e-01
6.999228522096633265e-01
8.000000000000000444e-01
8.000000000000000444e-01
8.000000000000000444e-01
7.384519761280350370e-01
8.000000000000000444e-01
8.000000000000000444e-01
8.000000000000000444e-01
7.586897527308520406e-01
8.000000000000000444e-01
8.000000000000000444e-01
8.000000000000000444e-01
7.702439742334961092e-01
8.000000000000000444e-01
8.000000000000000444e-01
8.000000000000000444e-01
7.183581915929040385e-01
8.000000000000000444e-01
7.999112118663576076e-01
8.000000000000000444e-01
7.450401754787641107e-01
8.000000000000000444e-01
8.000000000000000444e-01
8.000000000000000444e-01
7.383088950105118897e-01
8.000000000000000444e-01
8.000000000000000444e-01
8.000000000000000444e-01
7.447241085022670015e-01
8.000000000000000444e-01
7.978109231765689868e-01
8.000000000000000444e-01
7.368006380030868163e-01
8.000000000000000444e-01
8.000000000000000444e-01
8.000000000000000444e-01
7.244798323662299255e-01
8.000000000000000444e-01
8.000000000000000444e-01
8.000000000000000444e-01
7.659644415307391707e-01
8.000000000000000444e-01
7.529956884321327149e-01
8.000000000000000444e-01
8.000000000000000444e-01
8.000000000000000444e-01
7.584676853739530378e-01
8.000000000000000444e-01
7.234010908848156340e-01
8.000000000000000444e-01
8.000000000000000444e-01
8.000000000000000444e-01
7.020375245542218590e-01
8.000000000000000444e-01
8.000000000000000444e-01
8.000000000000000444e-01
7.325160123872574980e-01
8.000000000000000444e-01
8.000000000000000444e-01
8.000000000000000444e-01
7.457386732577355737e-01
8.000000000000000444e-01
8.000000000000000444e-01
8.000000000000000444e-01
7.426943288379194152e-01
8.000000000000000444e-01
8.000000000000000444e-01
8.000000000000000444e-01
7.271495139506344296e-01
8.000000000000000444e-01
8.000000000000000444e-01
8.000000000000000444e-01
7.844302961321145684e-01
8.000000000000000444e-01
8.000000000000000444e-01
7.387158252628930333e-01
8.000000000000000444e-01
8.000000000000000444e-01
8.000000000000000444e-01
7.547840701710180067e-01
8.000000000000000444e-01
8.000000000000000444e-01
7.941263759501656638e-01
8.000000000000000444e-01
8.000000000000000444e-01
8.000000000000000444e-01
7.486825763987317028e-01
7.999931883274408184e-01
8.000000000000000444e-01
8.000000000000000444e-01
8.000000000000000444e-01
8.000000000000000444e-01
7.752129405216188207e-01
8.000000000000000444e-01
8.000000000000000444e-01
8.000000000000000444e-01
7.714950945941615457e-01
8.000000000000000444e-01
8.000000000000000444e-01
8.000000000000000444e-01
8.000000000000000444e-01
7.728531316015878616e-01
8.000000000000000444e-01
8.000000000000000444e-01
8.000000000000000444e-01
8.000000000000000444e-01
7.769138860791147128e-01
8.000000000000000444e-01
7.967768733885165489e-01
8.000000000000000444e-01
7.454770804982115973e-01
8.000000000000000444e-01
8.000000000000000444e-01
7.986622305344454054e-01
7.531124789636796102e-01
8.000000000000000444e-01
8.000000000000000444e-01
8.000000000000000444e-01
8.000000000000000444e-01
8.000000000000000444e-01
7.768248354607658612e-01
8.000000000000000444e-01
8.000000000000000444e-01
8.000000000000000444e-01
7.611452571293670921e-01
8.000000000000000444e-01
8.000000000000000444e-01
8.000000000000000444e-01
7.434392364122885954e-01
8.000000000000000444e-01
8.000000000000000444e-01
8.000000000000000444e-01
7.069407260310016650e-01
8.000000000000000444e-01
8.000000000000000444e-01
8.000000000000000444e-01
8.000000000000000444e-01
8.000000000000000444e-01
8.000000000000000444e-01
7.741560893638701479e-01
8.000000000000000444e-01
8.000000000000000444e-01
8.000000000000000444e-01
7.362367734744270642e-01
8.000000000000000444e-01
8.000000000000000444e-01
8.000000000000000444e-01
7.590579096070276810e-01
8.000000000000000444e-01
8.000000000000000444e-01
7.611290170638710384e-01
8.000000000000000444e-01
8.000000000000000444e-01
7.595853818610041053e-01
8.000000000000000444e-01
8.000000000000000444e-01
7.765188199879519138e-01
7.982204273249028370e-01
8.000000000000000444e-01
8.000000000000000444e-01
7.426567705491450289e-01
7.954843784787519745e-01
8.000000000000000444e-01
8.000000000000000444e-01
7.707695207833207274e-01
8.000000000000000444e-01
8.000000000000000444e-01
8.000000000000000444e-01
7.241109983734452804e-01
7.923634414318847519e-01
8.000000000000000444e-01
8.000000000000000444e-01
7.358116298986250303e-01
8.000000000000000444e-01
8.000000000000000444e-01
8.000000000000000444e-01
7.480091021742774071e-01
8.000000000000000444e-01
8.000000000000000444e-01
8.000000000000000444e-01
7.721732779064333085e-01
7.369717462566285349e-01
8.000000000000000444e-01
8.000000000000000444e-01
8.000000000000000444e-01
7.205748735523546111e-01
8.000000000000000444e-01
8.000000000000000444e-01
7.992785583827317630e-01
7.206587093053509196e-01
8.000000000000000444e-01
7.881846102174162594e-01
8.000000000000000444e-01
7.162391258028089069e-01
8.000000000000000444e-01
7.917690990777951354e-01
8.000000000000000444e-01
7.344774403225309278e-01
8.000000000000000444e-01
8.000000000000000444e-01
8.000000000000000444e-01
7.532082813571530089e-01
8.000000000000000444e-01
8.000000000000000444e-01
8.000000000000000444e-01
7.539832049846791895e-01
8.000000000000000444e-01
8.000000000000000444e-01
8.000000000000000444e-01
7.542192371667525430e-01
8.000000000000000444e-01
8.000000000000000444e-01
8.000000000000000444e-01
7.588738141768063272e-01
8.000000000000000444e-01
7.922107722034462673e-01
8.000000000000000444e-01
7.047361687520864448e-01
8.000000000000000444e-01
7.959832464464011714e-01
8.000000000000000444e-01
7.452135734011637869e-01
8.000000000000000444e-01
8.000000000000000444e-01
8.000000000000000444e-01
7.515014433934416038e-01
8.000000000000000444e-01
8.000000000000000444e-01
8.000000000000000444e-01
7.250751717020190723e-01
8.000000000000000444e-01
8.000000000000000444e-01
8.000000000000000444e-01
7.385420938005897717e-01
8.000000000000000444e-01
8.000000000000000444e-01
8.000000000000000444e-01
7.064666247421218515e-01
8.000000000000000444e-01
8.000000000000000444e-01
8.000000000000000444e-01
7.391283682351713624e-01
8.000000000000000444e-01
8.000000000000000444e-01
8.000000000000000444e-01
7.231064239701181506e-01
8.000000000000000444e-01
8.000000000000000444e-01
8.000000000000000444e-01
7.150162957793328999e-01
8.000000000000000444e-01
8.000000000000000444e-01
8.000000000000000444e-01
6.988787503081143049e-01
8.000000000000000444e-01
8.000000000000000444e-01
7.947323410955973166e-01
7.108159427600891922e-01
8.000000000000000444e-01
8.000000000000000444e-01
8.000000000000000444e-01
7.591139217037838893e-01
8.000000000000000444e-01
8.000000000000000444e-01
8.000000000000000444e-01
7.580764011243944500e-01
8.000000000000000444e-01
7.983493746656219470e-01
8.000000000000000444e-01
8.000000000000000444e-01
7.990689450386965209e-01
8.000000000000000444e-01
8.000000000000000444e-01
7.794934615362049124e-01
8.000000000000000444e-01
8.000000000000000444e-01
8.000000000000000444e-01
7.543489787015140724e-01
8.000000000000000444e-01
8.000000000000000444e-01
8.000000000000000444e-01
7.970345427699302432e-01
8.000000000000000444e-01
8.000000000000000444e-01
8.000000000000000444e-01
7.660445727523004233e-01
8.000000000000000444e-01
8.000000000000000444e-01
8.000000000000000444e-01
7.968567885220029234e-01
7.266106893215138474e-01
8.000000000000000444e-01
7.997356467065486196e-01
8.000000000000000444e-01
7.571370906416243773e-01
8.000000000000000444e-01
8.000000000000000444e-01
7.979776156216571437e-01
7.310990942300709117e-01
8.000000000000000444e-01
8.000000000000000444e-01
8.000000000000000444e-01
7.522479150350065424e-01
8.000000000000000444e-01
8.000000000000000444e-01
7.291019192836714069e-01
7.940136462872542378e-01
7.917351889806043541e-01
8.000000000000000444e-01
7.579739033181660535e-01
8.000000000000000444e-01
8.000000000000000444e-01
8.000000000000000444e-01
7.062005857005008158e-01
7.926534249369966423e-01
8.000000000000000444e-01
8.000000000000000444e-01
7.338064138352758947e-01
8.000000000000000444e-01
8.000000000000000444e-01
7.499402457238596442e-01
8.000000000000000444e-01
8.000000000000000444e-01
8.000000000000000444e-01
7.089931870402651493e-01
8.000000000000000444e-01
8.000000000000000444e-01
8.000000000000000444e-01
7.558987687843217174e-01
7.981825359444968404e-01
7.427379686329284025e-01
8.000000000000000444e-01
8.000000000000000444e-01
8.000000000000000444e-01
7.226247304546906669e-01
8.000000000000000444e-01
8.000000000000000444e-01
7.935890763708355333e-01
7.716029747031235564e-01
7.696820737529708190e-01
8.000000000000000444e-01
8.000000000000000444e-01
7.594591810789669273e-01
8.000000000000000444e-01
8.000000000000000444e-01
8.000000000000000444e-01
6.975560015889753496e-01
8.000000000000000444e-01
8.000000000000000444e-01
8.000000000000000444e-01
7.280196851143067027e-01
8.000000000000000444e-01
8.000000000000000444e-01
8.000000000000000444e-01
7.346166461617817944e-01
8.000000000000000444e-01
8.000000000000000444e-01
8.000000000000000444e-01
7.517143966889662243e-01
8.000000000000000444e-01
8.000000000000000444e-01
8.000000000000000444e-01
7.229547815442974867e-01
8.000000000000000444e-01
8.000000000000000444e-01
7.955219805568477520e-01
7.421569740161805262e-01
8.000000000000000444e-01
8.000000000000000444e-01
8.000000000000000444e-01
7.255456071568614496e-01
8.000000000000000444e-01
8.000000000000000444e-01
8.000000000000000444e-01
7.994300162838368085e-01
8.000000000000000444e-01
7.622635070999742579e-01
8.000000000000000444e-01
8.000000000000000444e-01
8.000000000000000444e-01
7.766684717392398074e-01
8.000000000000000444e-01
8.000000000000000444e-01
7.549390862005315173e-01
8.000000000000000444e-01
8.000000000000000444e-01
8.000000000000000444e-01
7.762303964327427197e-01
8.000000000000000444e-01
7.439726951211457218e-01
7.970266830328993635e-01
8.000000000000000444e-01
8.000000000000000444e-01
7.785671141479517665e-01
8.000000000000000444e-01
8.000000000000000444e-01
8.000000000000000444e-01
7.693290566240170714e-01
8.000000000000000444e-01
8.000000000000000444e-01
8.000000000000000444e-01
7.454378029520688509e-01
8.000000000000000444e-01
8.000000000000000444e-01
8.000000000000000444e-01
7.264449262207488545e-01
8.000000000000000444e-01
8.000000000000000444e-01
8.000000000000000444e-01
7.774351001583983400e-01
8.000000000000000444e-01
8.000000000000000444e-01
8.000000000000000444e-01
7.424651305451707151e-01
8.000000000000000444e-01
8.000000000000000444e-01
8.000000000000000444e-01
7.753011286515854028e-01
8.000000000000000444e-01
8.000000000000000444e-01
8.000000000000000444e-01
7.398593866927445362e-01
8.000000000000000444e-01
8.000000000000000444e-01
8.000000000000000444e-01
7.554891124086478005e-01
8.000000000000000444e-01
8.000000000000000444e-01
7.990901762482239823e-01
7.628034302634416619e-01
8.000000000000000444e-01
8.000000000000000444e-01
8.000000000000000444e-01
7.183148325417848534e-01
8.000000000000000444e-01
8.000000000000000444e-01
8.000000000000000444e-01
7.536942090238605285e-01
8.000000000000000444e-01
8.000000000000000444e-01
8.000000000000000444e-01
7.638903855187313408e-01
8.000000000000000444e-01
8.000000000000000444e-01
8.000000000000000444e-01
7.726268804045329786e-01
8.000000000000000444e-01
8.000000000000000444e-01
8.000000000000000444e-01
7.256553405037174942e-01
8.000000000000000444e-01
8.000000000000000444e-01
8.000000000000000444e-01
7.397757811323841803e-01
8.000000000000000444e-01
8.000000000000000444e-01
8.000000000000000444e-01
7.512050946489063907e-01
7.998561669636847782e-01
8.000000000000000444e-01
8.000000000000000444e-01
7.430389995465650488e-01
8.000000000000000444e-01
8.000000000000000444e-01
8.000000000000000444e-01
7.385066356196245962e-01
8.000000000000000444e-01
8.000000000000000444e-01
8.000000000000000444e-01
6.829408933792968650e-01
8.000000000000000444e-01
8.000000000000000444e-01
8.000000000000000444e-01
7.301274758480541527e-01
8.000000000000000444e-01
8.000000000000000444e-01
8.000000000000000444e-01
7.217343375147896589e-01
7.994479895299608785e-01
8.000000000000000444e-01
8.000000000000000444e-01
7.171964028237256539e-01
8.000000000000000444e-01
7.946747095634367763e-01
8.000000000000000444e-01
7.334525498818640354e-01
8.000000000000000444e-01
8.000000000000000444e-01
7.217721891551827085e-01
8.000000000000000444e-01
8.000000000000000444e-01
7.995349314163332499e-01
7.434947399549690639e-01
7.505269821193337743e-01
8.000000000000000444e-01
8.000000000000000444e-01
8.000000000000000444e-01
7.214058441596986615e-01
8.000000000000000444e-01
8.000000000000000444e-01
8.000000000000000444e-01
7.398840355330953411e-01
8.000000000000000444e-01
8.000000000000000444e-01
7.983265040246027011e-01
6.945427300874192911e-01
8.000000000000000444e-01
8.000000000000000444e-01
8.000000000000000444e-01
6.824301390734747175e-01
8.000000000000000444e-01
8.000000000000000444e-01
8.000000000000000444e-01
7.285352813123078253e-01
8.000000000000000444e-01
8.000000000000000444e-01
8.000000000000000444e-01
7.338195250481438503e-01
8.000000000000000444e-01
8.000000000000000444e-01
8.000000000000000444e-01
7.346596101512467003e-01
8.000000000000000444e-01
8.000000000000000444e-01
8.000000000000000444e-01
7.134965452222845617e-01
8.000000000000000444e-01
7.993715507945055032e-01
8.000000000000000444e-01
7.102227571990248345e-01
7.987706943216578148e-01
8.000000000000000444e-01
8.000000000000000444e-01
7.421666972169852494e-01
8.000000000000000444e-01
8.000000000000000444e-01
8.000000000000000444e-01
7.705993674911250091e-01
8.000000000000000444e-01
7.995418274963268512e-01
7.237132860172769133e-01
7.985695638384608941e-01
8.000000000000000444e-01
8.000000000000000444e-01
7.732382781139497396e-01
8.000000000000000444e-01
8.000000000000000444e-01
7.610768190951716639e-01
8.000000000000000444e-01
8.000000000000000444e-01
8.000000000000000444e-01
7.516679671298858167e-01
8.000000000000000444e-01
8.000000000000000444e-01
8.000000000000000444e-01
7.404381862837755568e-01
8.000000000000000444e-01
8.000000000000000444e-01
8.000000000000000444e-01
7.337538006928843171e-01
8.000000000000000444e-01
7.255133999552147994e-01
8.000000000000000444e-01
8.000000000000000444e-01
8.000000000000000444e-01
7.309492173689251526e-01
8.000000000000000444e-01
8.000000000000000444e-01
7.988292620544312772e-01
6.956530079161461488e-01
8.000000000000000444e-01
8.000000000000000444e-01
8.000000000000000444e-01
7.171283230972240741e-01
8.000000000000000444e-01
8.000000000000000444e-01
8.000000000000000444e-01
6.957842048908802202e-01
8.000000000000000444e-01
8.000000000000000444e-01
7.446346707493652906e-01
8.000000000000000444e-01
8.000000000000000444e-01
7.340407228998453437e-01
8.000000000000000444e-01
8.000000000000000444e-01
8.000000000000000444e-01
7.152336200260379639e-01
8.000000000000000444e-01
8.000000000000000444e-01
8.000000000000000444e-01
7.036322345611939477e-01
8.000000000000000444e-01
8.000000000000000444e-01
8.000000000000000444e-01
7.285794514411846334e-01
8.000000000000000444e-01
7.988024806448442705e-01
8.000000000000000444e-01
7.716057635567488138e-01
8.000000000000000444e-01
8.000000000000000444e-01
7.290784593686620019e-01
8.000000000000000444e-01
8.000000000000000444e-01
8.000000000000000444e-01
7.142479173920823765e-01
8.000000000000000444e-01
8.000000000000000444e-01
8.000000000000000444e-01
7.481568053703971932e-01
8.000000000000000444e-01
8.000000000000000444e-01
8.000000000000000444e-01
7.274899760260811199e-01
7.975644789062077411e-01
8.000000000000000444e-01
8.000000000000000444e-01
7.146097111735884022e-01
8.000000000000000444e-01
8.000000000000000444e-01
7.990317538266729080e-01
7.063160436903149764e-01
8.000000000000000444e-01
8.000000000000000444e-01
7.984645529862448576e-01
7.519672372723114062e-01
8.000000000000000444e-01
7.981425143025406843e-01
8.000000000000000444e-01
7.054393241744639775e-01
8.000000000000000444e-01
8.000000000000000444e-01
8.000000000000000444e-01
7.028509464229928394e-01
8.000000000000000444e-01
8.000000000000000444e-01
8.000000000000000444e-01
6.989938617843390878e-01
8.000000000000000444e-01
8.000000000000000444e-01
7.969438919148088551e-01
7.134241430150863872e-01
8.000000000000000444e-01
8.000000000000000444e-01
8.000000000000000444e-01
7.319787922925633517e-01
8.000000000000000444e-01
7.036950132597806773e-01
8.000000000000000444e-01
8.000000000000000444e-01
7.975432625523251051e-01
7.090952735430769982e-01
8.000000000000000444e-01
8.000000000000000444e-01
8.000000000000000444e-01
7.350150228535458075e-01
8.000000000000000444e-01
8.000000000000000444e-01
6.760204238868251503e-01
8.000000000000000444e-01
8.000000000000000444e-01
8.000000000000000444e-01
6.876017826030922375e-01
8.000000000000000444e-01
8.000000000000000444e-01
8.000000000000000444e-01
7.238169031911941831e-01
8.000000000000000444e-01
8.000000000000000444e-01
7.016450628153350078e-01
8.000000000000000444e-01
8.000000000000000444e-01
8.000000000000000444e-01
6.926124798618928935e-01
8.000000000000000444e-01
8.000000000000000444e-01
6.871969534556122694e-01
8.000000000000000444e-01
8.000000000000000444e-01
8.000000000000000444e-01
7.392935186503466483e-01
8.000000000000000444e-01
8.000000000000000444e-01
8.000000000000000444e-01
6.941590257451131230e-01
7.904352286370510683e-01
8.000000000000000444e-01
8.000000000000000444e-01
6.953600756599581656e-01
8.000000000000000444e-01
7.985025799593969964e-01
8.000000000000000444e-01
7.304235684681027463e-01
8.000000000000000444e-01
7.867371332512987925e-01
7.940116373587927656e-01
7.539883974113621434e-01
8.000000000000000444e-01
8.000000000000000444e-01
6.970145443909548932e-01
8.000000000000000444e-01
8.000000000000000444e-01
7.854172968916132147e-01
7.053889783564945004e-01
7.955514633243137013e-01
8.000000000000000444e-01
8.000000000000000444e-01
7.093073457865420872e-01
8.000000000000000444e-01
8.000000000000000444e-01
8.000000000000000444e-01
7.344903778980536035e-01
8.000000000000000444e-01
7.475447103129769788e-01
8.000000000000000444e-01
8.000000000000000444e-01
7.174379802365939973e-01
8.000000000000000444e-01
8.000000000000000444e-01
8.000000000000000444e-01
7.346905824529043061e-01
8.000000000000000444e-01
8.000000000000000444e-01
8.000000000000000444e-01
7.450441863696741773e-01
8.000000000000000444e-01
8.000000000000000444e-01
7.095280951141835768e-01
8.000000000000000444e-01
8.000000000000000444e-01
8.000000000000000444e-01
7.405683853475407696e-01
8.000000000000000444e-01
7.967574086795673471e-01
7.935697176710543310e-01
7.340970506611824709e-01
8.000000000000000444e-01
8.000000000000000444e-01
7.516310632435007077e-01
8.000000000000000444e-01
8.000000000000000444e-01
8.000000000000000444e-01
7.493807120995155113e-01
7.981926023390204517e-01
7.983622812157260551e-01
7.264025767242826559e-01
7.959812844136407994e-01
7.975393642262967875e-01
7.887609978080233342e-01
6.847437658429382790e-01
8.000000000000000444e-01
8.000000000000000444e-01
8.000000000000000444e-01
7.263192040009029959e-01
8.000000000000000444e-01
8.000000000000000444e-01
8.000000000000000444e-01
7.355417028746351615e-01
8.000000000000000444e-01
8.000000000000000444e-01
8.000000000000000444e-01
6.956433084893806074e-01
7.982489532795713494e-01
8.000000000000000444e-01
8.000000000000000444e-01
7.303477278352041857e-01
7.996270937322339512e-01
8.000000000000000444e-01
7.988684768854434903e-01
7.491413117837621982e-01
8.000000000000000444e-01
8.000000000000000444e-01
7.546681822219202251e-01
8.000000000000000444e-01
8.000000000000000444e-01
8.000000000000000444e-01
7.598173768018098295e-01
8.000000000000000444e-01
7.550210321492240029e-01
8.000000000000000444e-01
7.951725129880936604e-01
8.000000000000000444e-01
7.133027482939970909e-01
8.000000000000000444e-01
8.000000000000000444e-01
8.000000000000000444e-01
7.405918907512971661e-01
8.000000000000000444e-01
8.000000000000000444e-01
8.000000000000000444e-01
7.559971031703791589e-01
8.000000000000000444e-01
8.000000000000000444e-01
7.135147701953603594e-01
8.000000000000000444e-01
8.000000000000000444e-01
8.000000000000000444e-01
7.304679616566843725e-01
8.000000000000000444e-01
8.000000000000000444e-01
8.000000000000000444e-01
7.349243823287536781e-01
8.000000000000000444e-01
8.000000000000000444e-01
8.000000000000000444e-01
7.132765581214930428e-01
8.000000000000000444e-01
8.000000000000000444e-01
8.000000000000000444e-01
7.289383342689285117e-01
8.000000000000000444e-01
8.000000000000000444e-01
8.000000000000000444e-01
7.040369172481573123e-01
8.000000000000000444e-01
8.000000000000000444e-01
8.000000000000000444e-01
6.942344349300004769e-01
8.000000000000000444e-01
8.000000000000000444e-01
6.762739217276322323e-01
8.000000000000000444e-01
8.000000000000000444e-01
8.000000000000000444e-01
7.231931868471019875e-01
8.000000000000000444e-01
8.000000000000000444e-01
6.659217036147592195e-01
8.000000000000000444e-01
8.000000000000000444e-01
8.000000000000000444e-01
7.180179145301659460e-01
8.000000000000000444e-01
6.747382454099810634e-01
8.000000000000000444e-01
7.959191959462769139e-01
7.210198788736561504e-01
7.981507118559437730e-01
8.000000000000000444e-01
7.363041771428209259e-01
8.000000000000000444e-01
7.891309237010114552e-01
7.026990017892336127e-01
8.000000000000000444e-01
7.955093193451636679e-01
8.000000000000000444e-01
7.111859058443336101e-01
7.989605705598288310e-01
8.000000000000000444e-01
6.847902082179936345e-01
8.000000000000000444e-01
8.000000000000000444e-01
7.820822799737131570e-01
6.970803729684131866e-01
8.000000000000000444e-01
8.000000000000000444e-01
8.000000000000000444e-01
6.855346542612954508e-01
7.999081845753478470e-01
8.000000000000000444e-01
8.000000000000000444e-01
7.180549641815874296e-01
8.000000000000000444e-01
8.000000000000000444e-01
7.352146817908138399e-01
8.000000000000000444e-01
8.000000000000000444e-01
8.000000000000000444e-01
6.972582546479381138e-01
8.000000000000000444e-01
8.000000000000000444e-01
7.185808522220064054e-01
8.000000000000000444e-01
8.000000000000000444e-01
7.929127478180216793e-01
7.550950971701736458e-01
8.000000000000000444e-01
8.000000000000000444e-01
8.000000000000000444e-01
8.000000000000000444e-01
8.000000000000000444e-01
7.219255957506055532e-01
8.000000000000000444e-01
8.000000000000000444e-01
6.875599406119778934e-01
8.000000000000000444e-01
8.000000000000000444e-01
8.000000000000000444e-01
6.851092008103372155e-01
8.000000000000000444e-01
8.000000000000000444e-01
8.000000000000000444e-01
6.958726019763173953e-01
7.951465278692599892e-01
7.178886127939911876e-01
8.000000000000000444e-01
8.000000000000000444e-01
7.155769137481031716e-01
8.000000000000000444e-01
7.920080293282394379e-01
7.891010634566225646e-01
6.995993050297347748e-01
8.000000000000000444e-01
8.000000000000000444e-01
8.000000000000000444e-01
7.078135177818875023e-01
8.000000000000000444e-01
8.000000000000000444e-01
6.781065536973307495e-01
7.955202205217891676e-01
8.000000000000000444e-01
8.000000000000000444e-01
7.349804381167102107e-01
8.000000000000000444e-01
8.000000000000000444e-01
8.000000000000000444e-01
7.406729593776955056e-01
8.000000000000000444e-01
8.000000000000000444e-01
8.000000000000000444e-01
7.132540074691976484e-01
7.974384588592454692e-01
8.000000000000000444e-01
8.000000000000000444e-01
7.289441521432437066e-01
8.000000000000000444e-01
7.999267176518418676e-01
8.000000000000000444e-01
7.108964926677699969e-01
7.942959761095799154e-01
8.000000000000000444e-01
8.000000000000000444e-01
6.863952886867701331e-01
8.000000000000000444e-01
7.846568333760178815e-01
8.000000000000000444e-01
6.931823903229934469e-01
8.000000000000000444e-01
8.000000000000000444e-01
8.000000000000000444e-01
7.117050679154925952e-01
8.000000000000000444e-01
8.000000000000000444e-01
8.000000000000000444e-01
7.041072366491278878e-01
8.000000000000000444e-01
8.000000000000000444e-01
8.000000000000000444e-01
7.089930009010350087e-01
8.000000000000000444e-01
7.984023498166727961e-01
6.998731218152585143e-01
8.000000000000000444e-01
8.000000000000000444e-01
8.000000000000000444e-01
