8.882204869532013269e-01
9.899999999999999911e-01
9.899999999999999911e-01
9.899999999999994360e-01
8.417737405763927594e-01
9.899999999999999911e-01
9.899999999999999911e-01
9.899999999999999911e-01
9.030059425269788553e-01
9.899999999999999911e-01
9.899999999999999911e-01
9.899999999999999911e-01
8.745567196838494040e-01
9.899999999999999911e-01
9.899999999999999911e-01
9.899999999999999911e-01
9.224286900773095432e-01
9.899999999999999911e-01
9.899999999999999911e-01
9.899999999999999911e-01
8.746393829227682160e-01
9.899999999999999911e-01
9.899999999999999911e-01
9.899999999999999911e-01
9.288573492607544724e-01
9.899999999999999911e-01
9.899999999999999911e-01
9.899999999999999911e-01
8.884765350756176350e-01
9.899999999999999911e-01
9.899999999999999911e-01
9.899999999999999911e-01
8.941017248641780490e-01
9.899999999999999911e-01
9.899999999999999911e-01
9.899999999999999911e-01
9.225473927612795055e-01
9.899999999999999911e-01
9.899999999999999911e-01
9.899999999999999911e-01
9.026503671686534336e-01
9.899999999999999911e-01
9.899999999999999911e-01
9.899999999999999911e-01
9.208496499655688394e-01
9.899999999999999911e-01
9.899999999999999911e-01
9.899999999999999911e-01
9.020716533653201363e-01
9.899999999999999911e-01
9.899999999999999911e-01
9.899999999999999911e-01
8.947561482794047505e-01
9.899999999999999911e-01
9.899999999999999911e-01
9.899999999999999911e-01
8.456431001326730756e-01
9.899999999999999911e-01
9.899999999999999911e-01
9.899999999999999911e-01
8.863801455294246789e-01
9.899999999999999911e-01
9.899999999999999911e-01
9.899999999999999911e-01
8.480492120303734227e-01
9.899999999999999911e-01
9.899999999999999911e-01
9.899999999999999911e-01
8.541192577640838168e-01
9.899999999999999911e-01
9.899999999999999911e-01
9.899999999999999911e-01
9.187955990336469370e-01
9.899999999999999911e-01
9.899999999999999911e-01
9.899999999999999911e-01
8.852807895452631248e-01
9.899999999999999911e-01
9.899999999999999911e-01
9.899999999999999911e-01
9.002559367350785324e-01
9.899999999999999911e-01
9.899999999999999911e-01
9.899999999999999911e-01
8.912175484203277431e-01
9.899999999999999911e-01
9.899999999999999911e-01
9.899999999999999911e-01
9.119942546617958445e-01
9.899999999999999911e-01
9.899999999999999911e-01
9.899999999999999911e-01
8.977245460545084654e-01
9.899999999999999911e-01
9.899999999999999911e-01
9.899999999999999911e-01
8.788405357671079665e-01
9.899999999999999911e-01
9.899999999999999911e-01
9.899999999999999911e-01
8.725137180737765341e-01
9.899999999999999911e-01
9.899999999999999911e-01
9.899999999999999911e-01
8.886227688931898072e-01
9.899999999999999911e-01
9.899999999999999911e-01
9.899999999999999911e-01
8.880525555751105360e-01
9.899999999999999911e-01
8.886388638751150371e-01
9.899999999999999911e-01
9.899999999999999911e-01
9.899999999999999911e-01
8.978102410368702380e-01
9.899999999999999911e-01
8.614607399375285857e-01
9.899999999999999911e-01
9.899999999999999911e-01
9.899999999999999911e-01
8.446265125362188986e-01
9.899999999999999911e-01
9.899999999999999911e-01
9.899999999999999911e-01
8.599231351115009803e-01
9.899999999999999911e-01
9.899999999999999911e-01
9.899999999999999911e-01
8.574216582986313728e-01
9.899999999999999911e-01
9.899999999999999911e-01
9.899999999999999911e-01
8.945060201601435779e-01
9.899999999999999911e-01
9.899999999999999911e-01
9.899999999999999911e-01
8.996675177123234501e-01
9.899999999999999911e-01
9.899999999999999911e-01
9.899999999999999911e-01
9.012243348438541135e-01
9.899999999999999911e-01
9.899999999999999911e-01
8.805411098292703631e-01
9.899999999999999911e-01
9.899999999999999911e-01
9.899999999999999911e-01
8.888721210834932274e-01
9.899999999999999911e-01
9.899999999999999911e-01
9.276121921838706985e-01
9.899999999999999911e-01
9.899999999999999911e-01
9.899999999999999911e-01
8.894265540024879346e-01
9.899999999999999911e-01
9.899999999999999911e-01
9.899999999999999911e-01
9.899999999999999911e-01
9.899999999999999911e-01
9.250838533261594998e-01
9.899999999999999911e-01
9.899999999999999911e-01
9.899999999999999911e-01
8.884759916544245906e-01
9.899999999999999911e-01
9.899999999999999911e-01
9.899999999999999911e-01
9.899999999999999911e-01
9.171850469561800834e-01
9.899999999999999911e-01
9.899999999999999911e-01
9.899999999999999911e-01
9.899999999999999911e-01
9.032332472359487774e-01
9.899999999999999911e-01
9.899999999999999911e-01
9.899999999999999911e-01
9.022097218734617119e-01
9.899999999999999911e-01
9.899999999999999911e-01
9.899999999999999911e-01
9.044615237837037025e-01
9.899999999999999911e-01
9.899999999999999911e-01
9.899999999999999911e-01
9.899999999999999911e-01
9.899999999999999911e-01
8.996498884092031245e-01
9.899999999999999911e-01
9.899999999999999911e-01
9.899999999999999911e-01
8.993122246305180756e-01
9.899999999999999911e-01
9.899999999999999911e-01
9.899999999999999911e-01
8.817097942960193668e-01
9.899999999999999911e-01
9.899999999999999911e-01
9.899999999999999911e-01
8.421373756474176409e-01
9.899999999999999911e-01
9.899999999999999911e-01
9.899999999999999911e-01
9.899999999999999911e-01
9.899999999999999911e-01
9.899999999999999911e-01
8.955686529904550719e-01
9.899999999999999911e-01
9.899999999999999911e-01
9.899999999999999911e-01
8.930397804243406235e-01
9.899999999999999911e-01
9.899999999999999911e-01
9.899999999999999911e-01
8.856186875337684894e-01
9.899999999999999911e-01
9.899999999999999911e-01
8.875300530737973981e-01
9.899999999999999911e-01
9.899999999999999911e-01
8.829372718848986779e-01
9.899999999999999911e-01
9.899999999999999911e-01
8.949196838518838071e-01
9.899999999999999911e-01
9.899999999999999911e-01
9.899999999999999911e-01
8.517126331789077742e-01
9.899999999999999911e-01
9.899999999999999911e-01
9.899999999999999911e-01
8.997280549448556375e-01
9.899999999999999911e-01
9.899999999999999911e-01
9.899999999999999911e-01
8.556533782774089492e-01
9.899999999999999911e-01
9.899999999999999911e-01
9.899999999999999911e-01
8.473104375728182092e-01
9.899999999999999911e-01
9.899999999999999911e-01
9.899999999999999911e-01
8.709784012118961805e-01
9.899999999999999911e-01
9.899999999999999911e-01
9.899999999999999911e-01
8.816725108658671761e-01
8.645940056570369237e-01
9.899999999999999911e-01
9.899999999999999911e-01
9.899999999999999911e-01
8.651559926110653498e-01
9.899999999999999911e-01
9.899999999999999911e-01
9.899999999999999911e-01
8.593216578036007025e-01
9.899999999999999911e-01
9.899999999999999911e-01
9.899999999999999911e-01
8.855778464367091152e-01
9.899999999999999911e-01
9.899999999999999911e-01
9.899999999999999911e-01
8.969819651548787132e-01
9.899999999999999911e-01
9.899999999999999911e-01
9.899999999999999911e-01
8.629047187636156302e-01
9.899999999999999911e-01
9.899999999999999911e-01
9.899999999999999911e-01
9.015669002827950695e-01
9.899999999999999911e-01
9.899999999999999911e-01
9.899999999999999911e-01
8.785241573870756771e-01
9.899999999999999911e-01
9.899999999999999911e-01
9.899999999999999911e-01
9.041304842252535501e-01
9.899999999999999911e-01
9.899999999999999911e-01
9.899999999999999911e-01
8.356660986054963436e-01
9.899999999999999911e-01
9.899999999999999911e-01
9.899999999999999911e-01
8.924576507452964824e-01
9.899999999999999911e-01
9.899999999999999911e-01
9.899999999999999911e-01
9.081262036817814298e-01
9.899999999999999911e-01
9.899999999999999911e-01
9.899999999999999911e-01
8.605862988622601240e-01
9.899999999999999911e-01
9.899999999999999911e-01
9.899999999999999911e-01
8.971238569633913640e-01
9.899999999999999911e-01
9.899999999999999911e-01
9.899999999999999911e-01
8.589765132402428227e-01
9.899999999999999911e-01
9.899999999999999911e-01
9.899999999999999911e-01
8.972093533337991422e-01
9.899999999999999911e-01
9.899999999999999911e-01
9.899999999999999911e-01
8.682855288795866544e-01
9.899999999999999911e-01
9.899999999999999911e-01
9.899999999999999911e-01
8.525964878616121290e-01
9.899999999999999911e-01
9.899999999999999911e-01
9.899999999999999911e-01
8.957300431568537835e-01
9.899999999999999911e-01
9.899999999999999911e-01
9.899999999999999911e-01
8.821602003003695680e-01
9.899999999999999911e-01
9.899999999999999911e-01
9.899999999999999911e-01
9.172731844440664695e-01
9.899999999999999911e-01
9.899999999999999911e-01
9.899999999999999911e-01
8.876769910893342885e-01
9.899999999999999911e-01
9.899999999999999911e-01
9.899999999999999911e-01
9.899999999999999911e-01
9.899999999999999911e-01
9.899999999999999911e-01
9.899999999999999911e-01
9.044811909214810486e-01
9.899999999999999911e-01
9.899999999999999911e-01
9.899999999999999911e-01
9.026144270784517420e-01
9.899999999999999911e-01
9.899999999999999911e-01
9.899999999999999911e-01
9.313809102467465184e-01
9.899999999999999911e-01
9.899999999999999911e-01
9.899999999999999911e-01
8.945000320698781593e-01
9.899999999999999911e-01
9.899999999999999911e-01
9.899999999999999911e-01
9.899999999999999911e-01
8.594925822283401295e-01
9.899999999999999911e-01
9.899999999999999911e-01
9.899999999999999911e-01
8.753204448176857833e-01
9.899999999999999911e-01
9.899999999999999911e-01
9.899999999999999911e-01
8.892994054516363267e-01
9.899999999999999911e-01
9.899999999999999911e-01
9.899999999999999911e-01
8.900748550706709672e-01
9.899999999999999911e-01
9.899999999999999911e-01
8.568302325700908328e-01
9.899999999999999911e-01
9.899999999999999911e-01
9.899999999999999911e-01
9.106915175546119734e-01
9.899999999999999911e-01
9.899999999999999911e-01
9.899999999999999911e-01
8.470846206751704299e-01
9.899999999999999911e-01
9.899999999999999911e-01
9.899999999999999911e-01
8.878988603696876813e-01
9.899999999999999911e-01
9.899999999999999911e-01
8.916038165559428963e-01
9.899999999999999911e-01
9.899999999999999911e-01
9.899999999999999911e-01
8.737004353356456754e-01
9.899999999999999911e-01
9.899999999999999911e-01
9.899999999999999911e-01
8.745290260298781426e-01
9.899999999999999911e-01
8.710668813501843966e-01
9.899999999999999911e-01
9.899999999999999911e-01
9.899999999999999911e-01
8.420974813380441848e-01
9.899999999999999911e-01
9.899999999999999911e-01
9.899999999999999911e-01
8.990384091533134558e-01
9.197082697209663094e-01
9.899999999999999911e-01
9.899999999999999911e-01
9.118817575453852520e-01
9.899999999999999911e-01
9.899999999999999911e-01
9.899999999999999911e-01
8.635940794898517847e-01
9.899999999999999911e-01
9.899999999999999911e-01
9.899999999999999911e-01
8.890937387466387731e-01
9.899999999999999911e-01
9.899999999999999911e-01
9.899999999999999911e-01
8.532854230150246355e-01
9.899999999999999911e-01
9.899999999999999911e-01
9.899999999999999911e-01
9.092445603630784356e-01
9.899999999999999911e-01
9.899999999999999911e-01
9.899999999999999911e-01
8.967257564844549611e-01
9.899999999999999911e-01
9.899999999999999911e-01
9.899999999999999911e-01
8.845624496143766891e-01
9.899999999999999911e-01
9.899999999999999911e-01
9.899999999999999911e-01
8.665364592150890388e-01
9.899999999999999911e-01
9.899999999999999911e-01
9.899999999999999911e-01
9.899999999999999911e-01
9.899999999999999911e-01
9.017190070813807523e-01
9.899999999999999911e-01
9.899999999999999911e-01
9.899999999999999911e-01
9.130519266060452832e-01
9.899999999999999911e-01
9.899999999999999911e-01
9.080587214579218802e-01
9.899999999999999911e-01
9.899999999999999911e-01
9.899999999999999911e-01
9.251084210482706238e-01
9.899999999999999911e-01
8.633472491639859747e-01
9.899999999999999911e-01
9.899999999999999911e-01
9.899999999999999911e-01
8.867043654823235643e-01
9.899999999999999911e-01
9.899999999999999911e-01
9.899999999999999911e-01
9.034777613291417042e-01
9.899999999999999911e-01
9.899999999999999911e-01
9.899999999999999911e-01
8.683331195861645480e-01
9.899999999999999911e-01
9.899999999999999911e-01
9.899999999999999911e-01
8.618382017800866324e-01
9.899999999999999911e-01
9.899999999999999911e-01
9.899999999999999911e-01
8.997264709412735595e-01
9.899999999999999911e-01
9.899999999999999911e-01
9.899999999999999911e-01
8.836478540996028919e-01
9.899999999999999911e-01
9.899999999999999911e-01
9.899999999999999911e-01
9.152641039941223911e-01
9.899999999999999911e-01
9.899999999999999911e-01
9.899999999999999911e-01
8.618614290631748664e-01
9.899999999999999911e-01
9.899999999999999911e-01
9.899999999999999911e-01
8.336539655374710645e-01
9.899999999999999911e-01
9.899999999999999911e-01
9.899999999999999911e-01
8.861771409017999979e-01
9.899999999999999911e-01
9.899999999999999911e-01
9.899999999999999911e-01
8.334285612633401952e-01
9.899999999999999911e-01
9.899999999999999911e-01
9.899999999999999911e-01
8.940348449052631929e-01
9.899999999999999911e-01
9.899999999999999911e-01
9.899999999999999911e-01
8.698278197935136458e-01
9.899999999999999911e-01
9.899999999999999911e-01
9.899999999999999911e-01
8.881656222727526417e-01
9.899999999999999911e-01
9.899999999999999911e-01
9.899999999999999911e-01
8.451159844924919229e-01
9.899999999999999911e-01
9.899999999999999911e-01
9.899999999999999911e-01
8.894028280949535237e-01
9.899999999999999911e-01
9.899999999999999911e-01
9.899999999999999911e-01
8.466558241961095188e-01
9.899999999999999911e-01
9.899999999999999911e-01
9.899999999999999911e-01
8.632033437011831234e-01
9.899999999999999911e-01
9.899999999999999911e-01
9.899999999999999911e-01
8.724817179947707002e-01
9.899999999999999911e-01
9.899999999999999911e-01
9.899999999999999911e-01
8.276195962290092689e-01
9.899999999999999911e-01
9.899999999999999911e-01
9.899999999999999911e-01
8.668937619801353467e-01
9.899999999999999911e-01
9.899999999999999911e-01
9.899999999999999911e-01
8.488729651593655001e-01
9.899999999999999911e-01
9.899999999999999911e-01
9.899999999999999911e-01
8.483207307396946062e-01
9.899999999999999911e-01
9.899999999999999911e-01
9.899999999999999911e-01
8.601534291491138573e-01
9.899999999999999911e-01
9.899999999999999911e-01
8.364826166217141923e-01
9.899999999999999911e-01
9.899999999999999911e-01
9.899999999999999911e-01
8.530254306444924328e-01
8.707409952854223700e-01
9.899999999999999911e-01
9.899999999999999911e-01
9.899999999999999911e-01
8.613036235930926487e-01
9.899999999999999911e-01
9.899999999999999911e-01
9.899999999999999911e-01
8.592358511487975248e-01
9.899999999999999911e-01
9.899999999999999911e-01
9.899999999999999911e-01
8.495404884044529537e-01
9.899999999999999911e-01
9.899999999999999911e-01
9.899999999999999911e-01
8.379861161576817041e-01
9.899999999999999911e-01
9.899999999999999911e-01
9.899999999999999911e-01
8.704500006335028628e-01
9.899999999999999911e-01
9.899999999999999911e-01
9.899999999999999911e-01
8.429290798817383745e-01
9.899999999999999911e-01
9.899999999999999911e-01
9.899999999999999911e-01
8.565598783854717624e-01
9.899999999999999911e-01
9.899999999999999911e-01
9.899999999999999911e-01
8.468120600032986722e-01
9.899999999999999911e-01
9.899999999999999911e-01
9.899999999999999911e-01
8.774245827177150625e-01
9.899999999999999911e-01
9.899999999999999911e-01
9.899999999999999911e-01
8.697050009690262540e-01
9.899999999999999911e-01
9.899999999999999911e-01
9.899999999999999911e-01
8.922655841600943827e-01
9.899999999999999911e-01
9.899999999999999911e-01
8.666592549189888750e-01
9.899999999999999911e-01
9.899999999999999911e-01
9.899999999999999911e-01
8.868106300825533417e-01
9.899999999999999911e-01
9.899999999999999911e-01
8.902467270426167589e-01
9.899999999999999911e-01
9.899999999999999911e-01
9.899999999999999911e-01
8.649563488698767122e-01
9.899999999999999911e-01
9.899999999999999911e-01
9.899999999999999911e-01
8.541419630868187785e-01
9.899999999999999911e-01
9.899999999999999911e-01
9.899999999999999911e-01
8.548615747721235447e-01
9.899999999999999911e-01
8.800679411006533392e-01
9.899999999999999911e-01
9.899999999999999911e-01
9.899999999999999911e-01
8.475843428849179073e-01
9.899999999999999911e-01
9.899999999999999911e-01
9.899999999999999911e-01
8.338150288727967929e-01
9.899999999999999911e-01
9.899999999999999911e-01
9.899999999999999911e-01
8.386992902270880013e-01
9.899999999999999911e-01
9.899999999999999911e-01
9.899999999999999911e-01
8.697878406998887924e-01
9.899999999999999911e-01
9.899999999999999911e-01
8.805550286528869286e-01
9.899999999999999911e-01
9.899999999999999911e-01
8.821678612224753691e-01
9.899999999999999911e-01
9.899999999999999911e-01
9.899999999999999911e-01
8.718476778684401962e-01
9.899999999999999911e-01
9.899999999999999911e-01
9.899999999999999911e-01
8.506677603479226857e-01
9.899999999999999911e-01
9.899999999999999911e-01
9.899999999999999911e-01
8.745188449701799538e-01
9.899999999999999911e-01
9.899999999999999911e-01
9.899999999999999911e-01
8.916063753507156298e-01
9.899999999999999911e-01
9.899999999999999911e-01
8.524415066174664268e-01
9.899999999999999911e-01
9.899999999999999911e-01
9.899999999999999911e-01
8.615002683144765694e-01
9.899999999999999911e-01
9.899999999999999911e-01
9.899999999999999911e-01
8.770995744165676067e-01
9.899999999999999911e-01
9.899999999999999911e-01
9.899999999999999911e-01
8.433559453733365796e-01
9.899999999999999911e-01
9.899999999999999911e-01
9.899999999999999911e-01
8.785621935258569604e-01
9.899999999999999911e-01
9.899999999999999911e-01
9.899999999999999911e-01
8.324290368165723208e-01
9.899999999999999911e-01
9.899999999999999911e-01
9.899999999999999911e-01
8.809310354180100999e-01
9.899999999999999911e-01
9.899999999999999911e-01
9.899999999999999911e-01
8.435933182786327089e-01
9.899999999999999911e-01
9.899999999999999911e-01
9.899999999999999911e-01
8.758202364538411056e-01
9.899999999999999911e-01
9.899999999999999911e-01
9.899999999999999911e-01
8.917808143620018502e-01
9.899999999999999911e-01
9.899999999999999911e-01
9.899999999999999911e-01
8.402043567620183229e-01
9.899999999999999911e-01
9.899999999999999911e-01
9.899999999999999911e-01
8.583275733223951764e-01
9.899999999999999911e-01
8.451173350459385558e-01
9.899999999999999911e-01
9.899999999999999911e-01
9.899999999999999911e-01
8.943870474913836466e-01
9.899999999999999911e-01
9.899999999999999911e-01
9.899999999999999911e-01
8.527572845320491313e-01
9.899999999999999911e-01
9.899999999999999911e-01
8.267431602592433260e-01
9.899999999999999911e-01
9.899999999999999911e-01
9.899999999999999911e-01
8.356920691907101517e-01
9.899999999999999911e-01
9.899999999999999911e-01
9.899999999999999911e-01
8.625730935056006299e-01
9.899999999999999911e-01
9.899999999999999911e-01
8.917626048798568128e-01
9.899999999999999911e-01
9.899999999999999911e-01
9.899999999999999911e-01
8.965041851150490348e-01
9.899999999999999911e-01
9.899999999999999911e-01
8.509772581500923971e-01
9.899999999999999911e-01
9.899999999999999911e-01
9.899999999999999911e-01
8.625913003714220650e-01
9.899999999999999911e-01
9.899999999999999911e-01
9.899999999999999911e-01
8.365353495306121490e-01
9.899999999999999911e-01
9.899999999999999911e-01
9.899999999999999911e-01
8.487049571996766462e-01
9.899999999999999911e-01
9.899999999999999911e-01
9.899999999999999911e-01
9.141182197910768803e-01
9.899999999999999911e-01
9.899999999999999911e-01
9.899999999999999911e-01
8.688009866546301252e-01
9.899999999999999911e-01
9.899999999999999911e-01
8.903930382318855363e-01
9.899999999999999911e-01
9.899999999999999911e-01
9.899999999999999911e-01
8.861919010715979539e-01
9.899999999999999911e-01
9.899999999999999911e-01
9.899999999999999911e-01
8.506466011949516126e-01
9.899999999999999911e-01
9.899999999999999911e-01
9.899999999999999911e-01
8.644107640447228347e-01
9.899999999999999911e-01
8.439846311183728522e-01
9.899999999999999911e-01
9.899999999999999911e-01
8.761537337612368415e-01
9.899999999999999911e-01
9.899999999999999911e-01
9.899999999999999911e-01
9.057792614147642807e-01
9.899999999999999911e-01
9.899999999999999911e-01
9.899999999999999911e-01
8.913471725367293486e-01
9.899999999999999911e-01
9.899999999999999911e-01
8.327839024035528226e-01
9.899999999999999911e-01
9.899999999999999911e-01
9.899999999999999911e-01
8.832103735011078705e-01
9.899999999999999911e-01
9.899999999999999911e-01
9.899999999999999911e-01
8.727021553431646428e-01
9.899999999999999911e-01
9.899999999999999911e-01
9.110186293005381186e-01
9.899999999999999911e-01
9.899999999999999911e-01
9.899999999999999911e-01
8.576506865428968895e-01
9.899999999999999911e-01
9.899999999999999911e-01
9.017358891103659513e-01
9.899999999999999911e-01
9.899999999999999911e-01
9.899999999999999911e-01
8.727979726471825073e-01
9.899999999999999911e-01
9.899999999999999911e-01
9.899999999999999911e-01
8.590437745199491770e-01
9.899999999999999911e-01
9.899999999999999911e-01
9.899999999999999911e-01
8.716113640115050742e-01
9.899999999999999911e-01
9.899999999999999911e-01
9.899999999999999911e-01
8.764641800640364799e-01
9.899999999999999911e-01
9.899999999999999911e-01
9.899999999999999911e-01
9.106688133928354523e-01
9.899999999999999911e-01
9.899999999999999911e-01
9.899999999999999911e-01
8.770525689058070729e-01
9.899999999999999911e-01
9.899999999999999911e-01
8.847879056781173812e-01
9.899999999999999911e-01
9.899999999999999911e-01
9.899999999999999911e-01
8.823374105765077191e-01
9.899999999999999911e-01
8.992676554318118631e-01
9.899999999999999911e-01
9.899999999999999911e-01
9.899999999999999911e-01
8.344126352321110662e-01
9.899999999999999911e-01
9.899999999999999911e-01
9.899999999999999911e-01
8.794853443010564042e-01
9.899999999999999911e-01
9.899999999999999911e-01
9.899999999999999911e-01
8.924722796041032469e-01
9.899999999999999911e-01
9.899999999999999911e-01
8.685761736630012164e-01
9.899999999999999911e-01
9.899999999999999911e-01
9.899999999999999911e-01
9.008516786901248352e-01
9.899999999999999911e-01
9.899999999999999911e-01
9.899999999999999911e-01
8.829031299775516040e-01
9.899999999999999911e-01
9.899999999999999911e-01
9.899999999999999911e-01
8.497350182740855962e-01
9.899999999999999911e-01
9.899999999999999911e-01
9.899999999999999911e-01
8.686328099122803126e-01
9.899999999999999911e-01
9.899999999999999911e-01
9.899999999999999911e-01
8.602514957425015929e-01
9.899999999999999911e-01
9.899999999999999911e-01
9.899999999999999911e-01
8.498264857541499850e-01
9.899999999999999911e-01
9.899999999999999911e-01
8.306827843306003878e-01
9.899999999999999911e-01
9.899999999999999911e-01
9.899999999999999911e-01
8.968669078092725844e-01
9.899999999999999911e-01
9.899999999999999911e-01
8.461416863081898665e-01
9.899999999999999911e-01
9.899999999999999911e-01
9.899999999999999911e-01
8.944516260837992450e-01
9.899999999999999911e-01
8.519497332066978679e-01
9.899999999999999911e-01
9.899999999999999911e-01
8.301145087146327706e-01
9.899999999999999911e-01
9.899999999999999911e-01
9.083766221640546812e-01
9.899999999999999911e-01
9.899999999999999911e-01
9.023124499340942073e-01
9.899999999999999911e-01
9.899999999999999911e-01
9.899999999999999911e-01
9.072144337940044601e-01
9.899999999999999911e-01
9.899999999999999911e-01
8.643887312733894435e-01
9.899999999999999911e-01
9.899999999999999911e-01
9.899999999999999911e-01
8.480446459166607331e-01
9.899999999999999911e-01
9.899999999999999911e-01
9.899999999999999911e-01
8.770158711863100809e-01
9.899999999999999911e-01
9.899999999999999911e-01
9.899999999999999911e-01
8.917752689479270245e-01
9.899999999999999911e-01
9.899999999999999911e-01
8.613839786508262764e-01
9.899999999999999911e-01
9.899999999999999911e-01
9.899999999999999911e-01
8.470534608253339481e-01
9.899999999999999911e-01
9.899999999999999911e-01
8.929313138709823461e-01
9.899999999999999911e-01
9.899999999999999911e-01
9.899999999999999911e-01
8.833016967909567141e-01
9.899999999999999911e-01
9.899999999999999911e-01
9.899999999999999911e-01
9.899999999999999911e-01
9.899999999999999911e-01
8.671738480700897922e-01
9.899999999999999911e-01
9.899999999999999911e-01
8.429886329866362882e-01
9.899999999999999911e-01
9.899999999999999911e-01
9.899999999999999911e-01
8.550767838803258192e-01
9.899999999999999911e-01
9.899999999999999911e-01
9.899999999999999911e-01
8.543566993529640996e-01
9.899999999999999911e-01
8.249032022737642356e-01
9.898817375032041843e-01
9.899999999999999911e-01
8.903449173880679801e-01
9.899999999999999911e-01
9.899999999999999911e-01
9.899999999999999911e-01
8.760188723012587442e-01
9.899999999999999911e-01
9.899999999999999911e-01
9.899999999999999911e-01
8.605651325656974437e-01
9.899999999999999911e-01
9.899999999999999911e-01
8.542932966857424981e-01
9.899999999999999911e-01
9.899999999999999911e-01
9.899999999999999911e-01
8.650761041904415638e-01
9.899999999999999911e-01
9.899999999999999911e-01
9.899999999999999911e-01
9.109256386869899469e-01
9.899999999999999911e-01
9.899999999999999911e-01
9.899999999999999911e-01
8.758781248675844289e-01
9.899999999999999911e-01
9.899999999999999911e-01
9.899999999999999911e-01
8.740784400653917041e-01
9.899999999999999911e-01
9.899999999999999911e-01
9.899999999999999911e-01
8.906437530417268267e-01
9.899999999999999911e-01
9.899999999999999911e-01
9.899999999999999911e-01
8.502178640070671145e-01
9.899999999999999911e-01
9.899999999999999911e-01
9.899999999999999911e-01
8.542019797923950941e-01
9.899999999999999911e-01
9.899999999999999911e-01
9.899999999999999911e-01
8.899856444786596876e-01
9.899999999999999911e-01
9.899999999999999911e-01
9.899999999999999911e-01
8.597257366016849423e-01
9.899999999999999911e-01
9.899999999999999911e-01
9.899999999999999911e-01
8.523718764254982760e-01
9.899999999999999911e-01
9.899999999999999911e-01
8.649003333988357634e-01
9.899999999999999911e-01
9.899999999999999911e-01
9.899999999999999911e-01
