7.888419750821829002e-01
8.000000000000000444e-01
8.000000000000000444e-01
8.000000000000000444e-01
6.567394809745120687e-01
8.000000000000000444e-01
8.000000000000000444e-01
8.000000000000000444e-01
7.813933873519314233e-01
7.990393395209853811e-01
8.000000000000000444e-01
8.000000000000000444e-01
7.620639444907064686e-01
8.000000000000000444e-01
8.000000000000000444e-01
8.000000000000000444e-01
7.581162248591867270e-01
8.000000000000000444e-01
8.000000000000000444e-01
8.000000000000000444e-01
7.064980173516897111e-01
8.000000000000000444e-01
8.000000000000000444e-01
8.000000000000000444e-01
7.709007042151422295e-01
8.000000000000000444e-01
8.000000000000000444e-01
8.000000000000000444e-01
7.616395176552392954e-01
8.000000000000000444e-01
8.000000000000000444e-01
8.000000000000000444e-01
7.635425407451067459e-01
8.000000000000000444e-01
8.000000000000000444e-01
8.000000000000000444e-01
7.816214785276580646e-01
8.000000000000000444e-01
8.000000000000000444e-01
8.000000000000000444e-01
7.642656602859513315e-01
8.000000000000000444e-01
8.000000000000000444e-01
8.000000000000000444e-01
7.831452207565808843e-01
8.000000000000000444e-01
8.000000000000000444e-01
8.000000000000000444e-01
7.512201343496087702e-01
8.000000000000000444e-01
7.917198691392622889e-01
8.000000000000000444e-01
7.557004561692074462e-01
8.000000000000000444e-01
8.000000000000000444e-01
8.000000000000000444e-01
6.630504938131075443e-01
8.000000000000000444e-01
8.000000000000000444e-01
8.000000000000000444e-01
7.529982510289059405e-01
8.000000000000000444e-01
8.000000000000000444e-01
8.000000000000000444e-01
6.876066361309742803e-01
7.990275805005724319e-01
8.000000000000000444e-01
8.000000000000000444e-01
6.836048630579871777e-01
8.000000000000000444e-01
8.000000000000000444e-01
8.000000000000000444e-01
7.418026987791271898e-01
8.000000000000000444e-01
8.000000000000000444e-01
8.000000000000000444e-01
7.870860952961877821e-01
8.000000000000000444e-01
8.000000000000000444e-01
8.000000000000000444e-01
7.783998705934496165e-01
8.000000000000000444e-01
8.000000000000000444e-01
8.000000000000000444e-01
7.232534619028012646e-01
8.000000000000000444e-01
7.999094169775751162e-01
8.000000000000000444e-01
7.484441330247233459e-01
8.000000000000000444e-01
8.000000000000000444e-01
8.000000000000000444e-01
7.280379018930565049e-01
8.000000000000000444e-01
8.000000000000000444e-01
8.000000000000000444e-01
7.320565821137369200e-01
8.000000000000000444e-01
7.975994518927476129e-01
8.000000000000000444e-01
7.355215971736568381e-01
8.000000000000000444e-01
8.000000000000000444e-01
8.000000000000000444e-01
7.124282418631101566e-01
8.000000000000000444e-01
8.000000000000000444e-01
8.000000000000000444e-01
7.625149453037227687e-01
8.000000000000000444e-01
7.493528567951661667e-01
8.000000000000000444e-01
8.000000000000000444e-01
8.000000000000000444e-01
7.828757335573570675e-01
8.000000000000000444e-01
6.706411892029806587e-01
8.000000000000000444e-01
8.000000000000000444e-01
8.000000000000000444e-01
7.033116351298729363e-01
8.000000000000000444e-01
8.000000000000000444e-01
8.000000000000000444e-01
7.235339943110239425e-01
8.000000000000000444e-01
8.000000000000000444e-01
8.000000000000000444e-01
7.411832557395980903e-01
8.000000000000000444e-01
8.000000000000000444e-01
8.000000000000000444e-01
7.479483739169121570e-01
8.000000000000000444e-01
8.000000000000000444e-01
8.000000000000000444e-01
7.314093691365460836e-01
8.000000000000000444e-01
8.000000000000000444e-01
8.000000000000000444e-01
7.822865025999715671e-01
8.000000000000000444e-01
8.000000000000000444e-01
7.761670785769392289e-01
8.000000000000000444e-01
8.000000000000000444e-01
8.000000000000000444e-01
7.737310678991287105e-01
8.000000000000000444e-01
8.000000000000000444e-01
7.932602770269765458e-01
8.000000000000000444e-01
8.000000000000000444e-01
8.000000000000000444e-01
7.749695262559538333e-01
7.999924457531720767e-01
8.000000000000000444e-01
8.000000000000000444e-01
8.000000000000000444e-01
8.000000000000000444e-01
7.805137372419523878e-01
8.000000000000000444e-01
8.000000000000000444e-01
8.000000000000000444e-01
7.804476389834916761e-01
8.000000000000000444e-01
8.000000000000000444e-01
8.000000000000000444e-01
8.000000000000000444e-01
7.846246764872215618e-01
8.000000000000000444e-01
8.000000000000000444e-01
8.000000000000000444e-01
8.000000000000000444e-01
7.741336262913167676e-01
8.000000000000000444e-01
7.964002305394146664e-01
8.000000000000000444e-01
7.806256489097844753e-01
8.000000000000000444e-01
8.000000000000000444e-01
7.984886257371140994e-01
7.871186038538000584e-01
8.000000000000000444e-01
8.000000000000000444e-01
8.000000000000000444e-01
8.000000000000000444e-01
8.000000000000000444e-01
7.834378695608372745e-01
8.000000000000000444e-01
8.000000000000000444e-01
8.000000000000000444e-01
7.678387373062371957e-01
8.000000000000000444e-01
8.000000000000000444e-01
8.000000000000000444e-01
7.521069185471933594e-01
8.000000000000000444e-01
8.000000000000000444e-01
8.000000000000000444e-01
6.989860132405113502e-01
8.000000000000000444e-01
8.000000000000000444e-01
8.000000000000000444e-01
8.000000000000000444e-01
8.000000000000000444e-01
8.000000000000000444e-01
7.951251235207981161e-01
8.000000000000000444e-01
8.000000000000000444e-01
8.000000000000000444e-01
7.391350791346060767e-01
8.000000000000000444e-01
8.000000000000000444e-01
8.000000000000000444e-01
7.545491535949571116e-01
8.000000000000000444e-01
8.000000000000000444e-01
7.837366906761612517e-01
8.000000000000000444e-01
8.000000000000000444e-01
7.552935661126795042e-01
8.000000000000000444e-01
8.000000000000000444e-01
7.813517171743713519e-01
7.979989138819396643e-01
8.000000000000000444e-01
8.000000000000000444e-01
7.374545436098255413e-01
7.952233945245864577e-01
8.000000000000000444e-01
8.000000000000000444e-01
7.881452137502275024e-01
8.000000000000000444e-01
8.000000000000000444e-01
8.000000000000000444e-01
6.856217199991501143e-01
7.924145692654029904e-01
8.000000000000000444e-01
8.000000000000000444e-01
7.315437378569245030e-01
8.000000000000000444e-01
8.000000000000000444e-01
8.000000000000000444e-01
7.510280360611897299e-01
8.000000000000000444e-01
8.000000000000000444e-01
8.000000000000000444e-01
7.688460034658270992e-01
7.349934392432303509e-01
8.000000000000000444e-01
8.000000000000000444e-01
8.000000000000000444e-01
7.216728407573121951e-01
8.000000000000000444e-01
8.000000000000000444e-01
7.992892078587890969e-01
6.859002314007189849e-01
8.000000000000000444e-01
7.891228227982272081e-01
8.000000000000000444e-01
7.219680612380445783e-01
8.000000000000000444e-01
7.926928472493330879e-01
8.000000000000000444e-01
7.757176800307915565e-01
8.000000000000000444e-01
8.000000000000000444e-01
8.000000000000000444e-01
7.590232216344213745e-01
8.000000000000000444e-01
8.000000000000000444e-01
8.000000000000000444e-01
7.597807177222903885e-01
8.000000000000000444e-01
8.000000000000000444e-01
8.000000000000000444e-01
7.804119362173822516e-01
8.000000000000000444e-01
8.000000000000000444e-01
8.000000000000000444e-01
7.667975638860693444e-01
8.000000000000000444e-01
7.919014308343749198e-01
8.000000000000000444e-01
6.823524397937130725e-01
8.000000000000000444e-01
7.960993174530183181e-01
8.000000000000000444e-01
7.478436916761653785e-01
8.000000000000000444e-01
8.000000000000000444e-01
8.000000000000000444e-01
7.681719578463888087e-01
8.000000000000000444e-01
8.000000000000000444e-01
8.000000000000000444e-01
7.204092898842643367e-01
8.000000000000000444e-01
8.000000000000000444e-01
8.000000000000000444e-01
7.521254729687671947e-01
8.000000000000000444e-01
8.000000000000000444e-01
8.000000000000000444e-01
6.842908923642754271e-01
8.000000000000000444e-01
8.000000000000000444e-01
8.000000000000000444e-01
7.481876738827701878e-01
8.000000000000000444e-01
8.000000000000000444e-01
8.000000000000000444e-01
7.244545045346715284e-01
8.000000000000000444e-01
8.000000000000000444e-01
8.000000000000000444e-01
7.133770295548091944e-01
8.000000000000000444e-01
8.000000000000000444e-01
8.000000000000000444e-01
7.160944681828327329e-01
8.000000000000000444e-01
8.000000000000000444e-01
7.949452707864040901e-01
7.182463311701499098e-01
8.000000000000000444e-01
8.000000000000000444e-01
8.000000000000000444e-01
7.564017148145396607e-01
8.000000000000000444e-01
8.000000000000000444e-01
8.000000000000000444e-01
7.560175038620868815e-01
8.000000000000000444e-01
7.983241100372002741e-01
8.000000000000000444e-01
8.000000000000000444e-01
7.989322833605838614e-01
8.000000000000000444e-01
8.000000000000000444e-01
7.769228925929683172e-01
8.000000000000000444e-01
8.000000000000000444e-01
8.000000000000000444e-01
7.525953610329222387e-01
8.000000000000000444e-01
8.000000000000000444e-01
8.000000000000000444e-01
7.965815715819805076e-01
8.000000000000000444e-01
8.000000000000000444e-01
8.000000000000000444e-01
7.620522947756530607e-01
8.000000000000000444e-01
8.000000000000000444e-01
8.000000000000000444e-01
7.964988894771984906e-01
6.961207453216412544e-01
8.000000000000000444e-01
7.997359229401544978e-01
8.000000000000000444e-01
7.526473942309623855e-01
8.000000000000000444e-01
8.000000000000000444e-01
7.977443712813696575e-01
7.836425602804839574e-01
8.000000000000000444e-01
8.000000000000000444e-01
8.000000000000000444e-01
7.758327780567472187e-01
8.000000000000000444e-01
8.000000000000000444e-01
7.258411340021392322e-01
7.940195200310621315e-01
7.919738724262120888e-01
8.000000000000000444e-01
7.579511359248557456e-01
8.000000000000000444e-01
8.000000000000000444e-01
8.000000000000000444e-01
6.665499965278299799e-01
7.922578585578446964e-01
8.000000000000000444e-01
8.000000000000000444e-01
7.826665132352821352e-01
8.000000000000000444e-01
8.000000000000000444e-01
7.468153427013159984e-01
8.000000000000000444e-01
8.000000000000000444e-01
8.000000000000000444e-01
7.126204309826951189e-01
8.000000000000000444e-01
8.000000000000000444e-01
8.000000000000000444e-01
7.512873414626186630e-01
7.979636429640419859e-01
7.903226488218669799e-01
8.000000000000000444e-01
8.000000000000000444e-01
8.000000000000000444e-01
6.788407768228272854e-01
8.000000000000000444e-01
8.000000000000000444e-01
7.935437459936109938e-01
7.688761650207690534e-01
7.793314642702838801e-01
8.000000000000000444e-01
8.000000000000000444e-01
7.616308007906126276e-01
8.000000000000000444e-01
8.000000000000000444e-01
8.000000000000000444e-01
6.951754071964995063e-01
8.000000000000000444e-01
8.000000000000000444e-01
8.000000000000000444e-01
7.335364721504108454e-01
8.000000000000000444e-01
8.000000000000000444e-01
8.000000000000000444e-01
7.304353100494549444e-01
8.000000000000000444e-01
8.000000000000000444e-01
8.000000000000000444e-01
7.528584295395821524e-01
8.000000000000000444e-01
8.000000000000000444e-01
8.000000000000000444e-01
7.314083795795813803e-01
8.000000000000000444e-01
8.000000000000000444e-01
7.955076624299785015e-01
7.377534178891452799e-01
8.000000000000000444e-01
8.000000000000000444e-01
8.000000000000000444e-01
7.059432486132170004e-01
8.000000000000000444e-01
8.000000000000000444e-01
8.000000000000000444e-01
7.993510485309235358e-01
8.000000000000000444e-01
7.823406475050254105e-01
8.000000000000000444e-01
8.000000000000000444e-01
8.000000000000000444e-01
7.740275308666954013e-01
8.000000000000000444e-01
8.000000000000000444e-01
7.555045450730712986e-01
8.000000000000000444e-01
8.000000000000000444e-01
8.000000000000000444e-01
7.734506462446769648e-01
8.000000000000000444e-01
7.398681459739210320e-01
7.967954573028418475e-01
8.000000000000000444e-01
8.000000000000000444e-01
7.974104274319504526e-01
8.000000000000000444e-01
8.000000000000000444e-01
8.000000000000000444e-01
7.668480367440903001e-01
8.000000000000000444e-01
8.000000000000000444e-01
8.000000000000000444e-01
7.414897348928153331e-01
8.000000000000000444e-01
8.000000000000000444e-01
8.000000000000000444e-01
7.225154333928289763e-01
8.000000000000000444e-01
8.000000000000000444e-01
8.000000000000000444e-01
7.789194214626342649e-01
8.000000000000000444e-01
8.000000000000000444e-01
8.000000000000000444e-01
7.388950471991123647e-01
8.000000000000000444e-01
8.000000000000000444e-01
8.000000000000000444e-01
7.733497297755543842e-01
8.000000000000000444e-01
8.000000000000000444e-01
8.000000000000000444e-01
7.507171913484184111e-01
8.000000000000000444e-01
8.000000000000000444e-01
8.000000000000000444e-01
7.508952274449958164e-01
8.000000000000000444e-01
8.000000000000000444e-01
7.989789534833970919e-01
7.828613067023640903e-01
8.000000000000000444e-01
8.000000000000000444e-01
8.000000000000000444e-01
7.152627009408386582e-01
8.000000000000000444e-01
8.000000000000000444e-01
8.000000000000000444e-01
7.977454243059666217e-01
8.000000000000000444e-01
8.000000000000000444e-01
8.000000000000000444e-01
7.630807182264136568e-01
8.000000000000000444e-01
8.000000000000000444e-01
8.000000000000000444e-01
7.794150145151900189e-01
8.000000000000000444e-01
8.000000000000000444e-01
8.000000000000000444e-01
6.857658214503421501e-01
8.000000000000000444e-01
8.000000000000000444e-01
8.000000000000000444e-01
7.773546971517474313e-01
8.000000000000000444e-01
8.000000000000000444e-01
8.000000000000000444e-01
7.590873880363304682e-01
7.998395933196554841e-01
8.000000000000000444e-01
8.000000000000000444e-01
7.533986651567713411e-01
8.000000000000000444e-01
8.000000000000000444e-01
8.000000000000000444e-01
7.359804024109681819e-01
8.000000000000000444e-01
8.000000000000000444e-01
8.000000000000000444e-01
6.821803624962687884e-01
8.000000000000000444e-01
8.000000000000000444e-01
8.000000000000000444e-01
7.462465695495241746e-01
8.000000000000000444e-01
8.000000000000000444e-01
8.000000000000000444e-01
7.178997225923606784e-01
7.993792275078026588e-01
8.000000000000000444e-01
8.000000000000000444e-01
7.173529436884122923e-01
8.000000000000000444e-01
7.946634486833030753e-01
8.000000000000000444e-01
7.792041431626790526e-01
8.000000000000000444e-01
8.000000000000000444e-01
7.287694349345420486e-01
8.000000000000000444e-01
8.000000000000000444e-01
7.994816855975874770e-01
7.383051105774728340e-01
7.479412975244495998e-01
8.000000000000000444e-01
8.000000000000000444e-01
8.000000000000000444e-01
7.847305193094429310e-01
8.000000000000000444e-01
8.000000000000000444e-01
8.000000000000000444e-01
7.445235165150955181e-01
8.000000000000000444e-01
8.000000000000000444e-01
7.981613298574917748e-01
6.682496279743593837e-01
8.000000000000000444e-01
8.000000000000000444e-01
8.000000000000000444e-01
6.755756222655540100e-01
8.000000000000000444e-01
8.000000000000000444e-01
8.000000000000000444e-01
7.509143675877711921e-01
8.000000000000000444e-01
8.000000000000000444e-01
8.000000000000000444e-01
7.289173362956538060e-01
8.000000000000000444e-01
8.000000000000000444e-01
8.000000000000000444e-01
7.318886051974151652e-01
8.000000000000000444e-01
8.000000000000000444e-01
8.000000000000000444e-01
7.279844934879526885e-01
8.000000000000000444e-01
7.993815490904537802e-01
8.000000000000000444e-01
7.808990029017407464e-01
7.986013265180594844e-01
8.000000000000000444e-01
8.000000000000000444e-01
7.666469581016678303e-01
8.000000000000000444e-01
8.000000000000000444e-01
8.000000000000000444e-01
7.876963270655185090e-01
8.000000000000000444e-01
7.994795929663957024e-01
7.675650071746408232e-01
7.984202923104025684e-01
8.000000000000000444e-01
8.000000000000000444e-01
7.698862823824886847e-01
8.000000000000000444e-01
8.000000000000000444e-01
7.734990288896428368e-01
8.000000000000000444e-01
8.000000000000000444e-01
8.000000000000000444e-01
7.596987431799487878e-01
8.000000000000000444e-01
8.000000000000000444e-01
8.000000000000000444e-01
7.353744811101174950e-01
8.000000000000000444e-01
8.000000000000000444e-01
8.000000000000000444e-01
7.678491237711646544e-01
8.000000000000000444e-01
7.730999579249184794e-01
8.000000000000000444e-01
8.000000000000000444e-01
8.000000000000000444e-01
7.331285655269998980e-01
8.000000000000000444e-01
8.000000000000000444e-01
7.987395116411077911e-01
6.608147381612706761e-01
8.000000000000000444e-01
8.000000000000000444e-01
8.000000000000000444e-01
6.815285217013765662e-01
8.000000000000000444e-01
8.000000000000000444e-01
8.000000000000000444e-01
7.481072647779116735e-01
8.000000000000000444e-01
8.000000000000000444e-01
7.658997247450112233e-01
8.000000000000000444e-01
8.000000000000000444e-01
7.422558322269663389e-01
8.000000000000000444e-01
8.000000000000000444e-01
8.000000000000000444e-01
7.012417780874236062e-01
8.000000000000000444e-01
8.000000000000000444e-01
8.000000000000000444e-01
6.811944136913835601e-01
8.000000000000000444e-01
8.000000000000000444e-01
8.000000000000000444e-01
7.315306874100645507e-01
8.000000000000000444e-01
7.987628083042466187e-01
8.000000000000000444e-01
7.702559028021438436e-01
8.000000000000000444e-01
8.000000000000000444e-01
6.857556862201723558e-01
8.000000000000000444e-01
8.000000000000000444e-01
8.000000000000000444e-01
7.130725788012397537e-01
8.000000000000000444e-01
8.000000000000000444e-01
8.000000000000000444e-01
7.451144759781607174e-01
8.000000000000000444e-01
8.000000000000000444e-01
8.000000000000000444e-01
7.238557447510313159e-01
7.972548951219813329e-01
8.000000000000000444e-01
8.000000000000000444e-01
7.253801842093303698e-01
8.000000000000000444e-01
8.000000000000000444e-01
7.992787064268176422e-01
6.609775359046200505e-01
8.000000000000000444e-01
8.000000000000000444e-01
7.985419943969417345e-01
7.574944182367246981e-01
8.000000000000000444e-01
7.980434797650838297e-01
8.000000000000000444e-01
6.734616019165206025e-01
8.000000000000000444e-01
8.000000000000000444e-01
8.000000000000000444e-01
7.119038357413818296e-01
8.000000000000000444e-01
8.000000000000000444e-01
8.000000000000000444e-01
7.221605152147295703e-01
8.000000000000000444e-01
8.000000000000000444e-01
7.970322625432071373e-01
6.661675828477318095e-01
8.000000000000000444e-01
8.000000000000000444e-01
8.000000000000000444e-01
7.754098678777616716e-01
8.000000000000000444e-01
7.131383454409133682e-01
8.000000000000000444e-01
8.000000000000000444e-01
7.974848659388923400e-01
7.352417204732201172e-01
8.000000000000000444e-01
8.000000000000000444e-01
8.000000000000000444e-01
7.316695518612301719e-01
8.000000000000000444e-01
8.000000000000000444e-01
6.546780989103725412e-01
8.000000000000000444e-01
8.000000000000000444e-01
8.000000000000000444e-01
6.812901082787053975e-01
8.000000000000000444e-01
8.000000000000000444e-01
8.000000000000000444e-01
7.236645275674450373e-01
8.000000000000000444e-01
8.000000000000000444e-01
7.382306856171843013e-01
8.000000000000000444e-01
8.000000000000000444e-01
8.000000000000000444e-01
7.685892303964582117e-01
8.000000000000000444e-01
8.000000000000000444e-01
7.059777801340058057e-01
8.000000000000000444e-01
8.000000000000000444e-01
8.000000000000000444e-01
7.977438894502980604e-01
8.000000000000000444e-01
8.000000000000000444e-01
8.000000000000000444e-01
6.639104366532558865e-01
7.906351426097512070e-01
8.000000000000000444e-01
8.000000000000000444e-01
6.881353188904639762e-01
8.000000000000000444e-01
7.986409908810154779e-01
8.000000000000000444e-01
7.480156293673014822e-01
8.000000000000000444e-01
7.989936330593703229e-01
7.963248300956705661e-01
7.761180082333677399e-01
8.000000000000000444e-01
8.000000000000000444e-01
7.372182053729455786e-01
8.000000000000000444e-01
8.000000000000000444e-01
7.911676544725083637e-01
7.066011126299059919e-01
7.951591076413665471e-01
8.000000000000000444e-01
8.000000000000000444e-01
6.837487487054947355e-01
8.000000000000000444e-01
8.000000000000000444e-01
8.000000000000000444e-01
7.732182202259686443e-01
8.000000000000000444e-01
7.425224785455463161e-01
8.000000000000000444e-01
8.000000000000000444e-01
7.187518121825454687e-01
8.000000000000000444e-01
8.000000000000000444e-01
8.000000000000000444e-01
7.462482780044255026e-01
8.000000000000000444e-01
8.000000000000000444e-01
8.000000000000000444e-01
7.449807419760253735e-01
8.000000000000000444e-01
8.000000000000000444e-01
6.740320409375423205e-01
8.000000000000000444e-01
8.000000000000000444e-01
8.000000000000000444e-01
7.510315748838617411e-01
8.000000000000000444e-01
7.966300109825289466e-01
7.935620790870283603e-01
7.309950668216219638e-01
8.000000000000000444e-01
8.000000000000000444e-01
7.680760826488587378e-01
8.000000000000000444e-01
8.000000000000000444e-01
8.000000000000000444e-01
7.529094427274991563e-01
7.979949145851319425e-01
7.981795283313198874e-01
7.455253295243680078e-01
7.957844915280734011e-01
7.979834142601551772e-01
7.916561138070987713e-01
7.007415582966556311e-01
8.000000000000000444e-01
8.000000000000000444e-01
8.000000000000000444e-01
7.869368479531377858e-01
8.000000000000000444e-01
8.000000000000000444e-01
8.000000000000000444e-01
7.482632881202462283e-01
8.000000000000000444e-01
8.000000000000000444e-01
8.000000000000000444e-01
6.954708946869729846e-01
7.984425245459618736e-01
8.000000000000000444e-01
8.000000000000000444e-01
7.445467854129573793e-01
7.996910130384826676e-01
8.000000000000000444e-01
7.990204140011852862e-01
7.460684546790851135e-01
8.000000000000000444e-01
8.000000000000000444e-01
7.738119306869102321e-01
8.000000000000000444e-01
8.000000000000000444e-01
8.000000000000000444e-01
7.738591240728922571e-01
8.000000000000000444e-01
7.560564178982076555e-01
8.000000000000000444e-01
7.951026730203266668e-01
8.000000000000000444e-01
7.241937150645334498e-01
8.000000000000000444e-01
8.000000000000000444e-01
8.000000000000000444e-01
7.750139841745025127e-01
8.000000000000000444e-01
8.000000000000000444e-01
8.000000000000000444e-01
7.704716969263885051e-01
8.000000000000000444e-01
8.000000000000000444e-01
7.111574058821384936e-01
8.000000000000000444e-01
8.000000000000000444e-01
8.000000000000000444e-01
7.507052489726135924e-01
8.000000000000000444e-01
8.000000000000000444e-01
8.000000000000000444e-01
7.723218622439169678e-01
8.000000000000000444e-01
8.000000000000000444e-01
8.000000000000000444e-01
7.797256220876345179e-01
8.000000000000000444e-01
8.000000000000000444e-01
8.000000000000000444e-01
7.249798067781380029e-01
8.000000000000000444e-01
8.000000000000000444e-01
8.000000000000000444e-01
6.933459983912436675e-01
8.000000000000000444e-01
8.000000000000000444e-01
8.000000000000000444e-01
6.714739915581415808e-01
8.000000000000000444e-01
8.000000000000000444e-01
6.663144605418382938e-01
8.000000000000000444e-01
8.000000000000000444e-01
8.000000000000000444e-01
7.398195816110457734e-01
8.000000000000000444e-01
8.000000000000000444e-01
6.537353049187323295e-01
8.000000000000000444e-01
8.000000000000000444e-01
8.000000000000000444e-01
7.668612586164424982e-01
8.000000000000000444e-01
6.620903786202331220e-01
8.000000000000000444e-01
7.961471509965054594e-01
7.169934836953676394e-01
7.979293978799403275e-01
8.000000000000000444e-01
7.448506289477301312e-01
8.000000000000000444e-01
7.895567508855596550e-01
7.552678882378687231e-01
8.000000000000000444e-01
7.952237881906253358e-01
8.000000000000000444e-01
7.716439964857980671e-01
7.988478034472801248e-01
8.000000000000000444e-01
7.371829099768492100e-01
8.000000000000000444e-01
8.000000000000000444e-01
7.989500378603200392e-01
7.072408600326893779e-01
8.000000000000000444e-01
8.000000000000000444e-01
8.000000000000000444e-01
7.072862060046831711e-01
7.998966109651107770e-01
8.000000000000000444e-01
8.000000000000000444e-01
7.540533019197012132e-01
8.000000000000000444e-01
8.000000000000000444e-01
7.836069687979033693e-01
8.000000000000000444e-01
8.000000000000000444e-01
8.000000000000000444e-01
7.782038086471195770e-01
8.000000000000000444e-01
8.000000000000000444e-01
7.359080674322157067e-01
8.000000000000000444e-01
8.000000000000000444e-01
7.938539820872849706e-01
7.909100106348905257e-01
8.000000000000000444e-01
8.000000000000000444e-01
8.000000000000000444e-01
8.000000000000000444e-01
8.000000000000000444e-01
7.853415337096392168e-01
8.000000000000000444e-01
8.000000000000000444e-01
6.801303071769044806e-01
8.000000000000000444e-01
8.000000000000000444e-01
8.000000000000000444e-01
6.934601281482754009e-01
8.000000000000000444e-01
8.000000000000000444e-01
8.000000000000000444e-01
7.637584247806301629e-01
7.947145981051565444e-01
7.135123312614366498e-01
8.000000000000000444e-01
8.000000000000000444e-01
7.257708124453992049e-01
8.000000000000000444e-01
7.920884359932177654e-01
7.909358875962271274e-01
7.145909762567094203e-01
8.000000000000000444e-01
8.000000000000000444e-01
8.000000000000000444e-01
7.095784579730147756e-01
8.000000000000000444e-01
8.000000000000000444e-01
6.859517558092901313e-01
7.952523598659493320e-01
8.000000000000000444e-01
8.000000000000000444e-01
7.353682511209610473e-01
8.000000000000000444e-01
8.000000000000000444e-01
8.000000000000000444e-01
7.561685674116769285e-01
8.000000000000000444e-01
8.000000000000000444e-01
8.000000000000000444e-01
7.290588598239222673e-01
7.972514071918469503e-01
8.000000000000000444e-01
8.000000000000000444e-01
7.288462127097823373e-01
8.000000000000000444e-01
7.999220376516391617e-01
8.000000000000000444e-01
7.556833290970776940e-01
7.948149276764056026e-01
8.000000000000000444e-01
8.000000000000000444e-01
6.900179261097932892e-01
8.000000000000000444e-01
7.992827067637542360e-01
8.000000000000000444e-01
6.845780222482795718e-01
8.000000000000000444e-01
8.000000000000000444e-01
8.000000000000000444e-01
7.244255475726639748e-01
8.000000000000000444e-01
8.000000000000000444e-01
8.000000000000000444e-01
6.868554944755473901e-01
8.000000000000000444e-01
8.000000000000000444e-01
8.000000000000000444e-01
7.693747037717811876e-01
8.000000000000000444e-01
7.982025608949564477e-01
7.801785309229708476e-01
8.000000000000000444e-01
8.000000000000000444e-01
8.000000000000000444e-01
