7.028049405603823407e-01
7.295215405558524990e-01
7.139799848057444276e-01
7.294789179086808018e-01
6.497544040665724774e-01
6.604099556193545606e-01
6.620035389979593843e-01
6.578897290868003234e-01
7.309078383017609815e-01
7.296381699585352543e-01
7.049787987938488376e-01
7.286338459661209077e-01
6.610310304650975910e-01
6.546105061445059992e-01
6.496548599403699775e-01
6.517933684961523255e-01
6.556524575275227695e-01
6.626916367647640582e-01
6.512844355670545093e-01
6.572068297074133980e-01
6.570298854599403438e-01
6.533438147487713454e-01
6.487747695712849927e-01
6.579205500874670820e-01
6.738930761494866806e-01
6.804061191905427242e-01
6.746749998421035510e-01
6.718356095772034520e-01
6.498378604904492262e-01
6.737724401063100998e-01
6.516828494735962263e-01
6.502022414392353289e-01
6.496179595985895894e-01
6.558168543480002999e-01
6.525725542499095644e-01
6.499980399695889366e-01
6.742981776104063352e-01
6.892302119405774308e-01
6.749170606368677383e-01
6.689763332168633392e-01
6.496219690797642166e-01
6.505452762267286415e-01
6.499720498746188735e-01
6.544582408648804694e-01
6.801033017265915026e-01
6.767138553162682646e-01
6.735192916136449881e-01
6.668771404698344840e-01
6.553213271708135945e-01
6.571923908658015012e-01
6.562112225415087652e-01
6.562277780876535349e-01
6.550881442958028655e-01
6.612673614473632000e-01
6.559114533244470024e-01
6.543121586509234033e-01
6.647574312674456865e-01
6.677430060154116997e-01
6.573599870911097653e-01
6.593510049333800582e-01
6.606606020733223339e-01
6.646139484546471632e-01
6.443722191405176769e-01
6.654567855808324328e-01
6.593524250444835477e-01
6.460291751162712259e-01
6.702634509901762572e-01
6.510065649096110629e-01
6.714766144990815810e-01
6.627818147731505682e-01
6.603377421036414896e-01
6.649996741308453752e-01
6.529575788054559071e-01
6.598252387993497337e-01
6.564450491152631351e-01
6.490519070159508352e-01
6.709892347746680974e-01
6.613234295087293546e-01
7.042278223366842393e-01
6.792252298539563915e-01
6.733352737207776162e-01
7.174220572533123175e-01
6.530915984129190832e-01
6.888290712679142613e-01
6.528987229889197108e-01
6.741185701197329738e-01
6.500678879050817427e-01
6.523355564116237737e-01
6.636893636358361936e-01
6.626808739653636815e-01
6.499073186844248617e-01
6.527082746345319597e-01
6.593198852005441868e-01
6.572447935623961790e-01
6.623932528229632410e-01
6.543095848242408419e-01
6.496409020101885368e-01
7.106563663776497286e-01
6.715696161961136612e-01
6.615622914911613028e-01
6.556885114107470214e-01
6.795294876946698093e-01
6.501163255345243641e-01
6.585998542835610481e-01
6.604158965408182258e-01
6.500955042319888078e-01
6.528785334134359353e-01
6.714189687125365902e-01
6.750535345097372630e-01
6.909942489713878366e-01
6.577158171727295333e-01
7.235689115981847053e-01
6.552316374099528273e-01
6.689710925653672424e-01
6.863741178673379295e-01
6.789777731116234394e-01
6.608517899747089475e-01
6.541198375772817597e-01
6.604128070944744744e-01
6.575207757534010655e-01
6.558517063049859042e-01
6.557454346372808551e-01
6.597545693167232717e-01
6.515645615077515496e-01
6.507599465253478543e-01
6.940295923800753330e-01
6.500581566416685497e-01
6.668379498407049910e-01
6.609144941737975509e-01
6.988768857741982643e-01
6.578723340387159224e-01
6.753591862253511824e-01
6.496458546647317922e-01
6.651674774373058652e-01
6.621019325628192398e-01
6.633118728337297210e-01
6.615961127663696484e-01
6.633329980128459535e-01
6.616651793277672500e-01
6.565549633371819960e-01
7.193626304477243050e-01
7.389523472632485435e-01
7.087178697210833045e-01
6.690154254752572749e-01
6.733403245716934604e-01
6.708195917044064149e-01
7.102513493100554021e-01
6.781245696402238288e-01
6.699745760074472534e-01
6.846015680660036962e-01
7.258039949376657862e-01
7.627028753657623117e-01
7.411580311249140740e-01
7.221160157914451316e-01
6.667287151264394973e-01
6.643810776427648834e-01
6.567058797804286030e-01
6.566233374969935310e-01
6.719555294475303420e-01
6.287934299308691743e-01
6.783509006236787542e-01
6.983720322634712208e-01
6.608366408813716175e-01
6.717009769214421500e-01
6.976079759902602540e-01
6.532475598807818695e-01
6.748659943153136886e-01
7.142503660802447252e-01
7.271054566475105840e-01
6.585452999204225444e-01
6.812287867572698330e-01
6.576728153283821765e-01
6.947904155858999342e-01
7.053997736398811558e-01
6.868700735773399790e-01
6.838833768242049693e-01
6.954619791424864195e-01
6.807169420066014887e-01
6.442893001419974786e-01
7.082370619805954393e-01
6.678187034113807208e-01
6.957429942259473199e-01
6.756141419402712511e-01
6.830902306561517090e-01
6.759682002156344183e-01
6.727432647975697400e-01
7.063553369977376706e-01
6.755007156018592029e-01
6.895961283146432308e-01
6.750295515869104701e-01
6.787841805453731503e-01
6.992287340460554557e-01
6.699481595325631478e-01
6.807322564175219970e-01
6.519286808873140382e-01
6.839986836065227171e-01
6.509600144058255156e-01
6.741142541837448210e-01
6.567297484902020477e-01
6.527534817495121988e-01
6.506271069347905334e-01
6.571836269071513748e-01
6.544671064364977475e-01
6.507446362684201624e-01
6.986317827221005805e-01
6.979097028894137855e-01
7.210336646431757535e-01
6.894584598429719380e-01
7.621168736734950100e-01
7.200508719473348584e-01
7.225749932767701056e-01
6.610677386775584141e-01
6.497777357501727247e-01
6.591387183359770363e-01
6.496189348211007797e-01
6.847772816638001414e-01
7.004631690154561330e-01
7.002502090378062150e-01
6.734907876038995767e-01
6.790952499846454327e-01
6.803146102813373286e-01
6.800444998204641101e-01
6.972325638295968631e-01
7.174430436685266255e-01
6.950625591974104456e-01
7.082561096434781822e-01
6.880905105332084659e-01
6.783956452343828936e-01
6.652349662602686786e-01
6.434409896571599008e-01
6.455806176777656447e-01
6.589814074399447108e-01
6.941855168102150087e-01
7.072237247763264456e-01
7.194754352349891358e-01
6.752352822301305180e-01
6.577833067211164009e-01
6.592619361020578550e-01
6.488930733554623131e-01
6.529474739947691564e-01
6.501612329292402181e-01
6.531158159062764312e-01
6.561487655343958281e-01
6.651400817735944049e-01
6.521115051026343812e-01
6.503160366344510335e-01
6.519132867346112414e-01
6.529299013684282116e-01
6.988806444545824226e-01
6.497334412264211823e-01
6.568388981272612615e-01
6.729740212176004155e-01
6.625669990786091645e-01
6.556523580901690851e-01
6.613189410820037306e-01
6.693279061663265361e-01
6.544100365253597840e-01
6.537996272641083406e-01
6.788254911767870325e-01
6.610923344124347567e-01
6.590827282910943774e-01
6.617406347437880809e-01
6.520741836263000968e-01
6.503324763227924521e-01
6.593755738457610649e-01
6.473860025550938202e-01
7.118556324698664950e-01
6.594632004024093552e-01
6.727681011720412219e-01
6.508264547566593450e-01
7.229148524985892221e-01
6.754693789208358057e-01
6.638267179537590268e-01
6.617911212585543268e-01
6.603092545613931108e-01
6.553444479819260371e-01
6.508507948094990336e-01
6.464869940859997444e-01
6.678800596664076217e-01
6.418977411901857222e-01
6.804933584428477511e-01
6.539395245134728141e-01
6.947057703470667089e-01
6.497482303920424362e-01
6.497751838998357954e-01
6.557430260991609083e-01
6.869503428529757372e-01
6.568506885239265847e-01
6.496167916077003612e-01
6.613163763751820357e-01
6.763647520430527971e-01
6.525002457301909420e-01
6.513198438340127572e-01
6.502931622076356666e-01
7.085910436893663178e-01
6.496618914242755505e-01
6.520862773090307929e-01
6.520749172512081415e-01
6.521032564827916600e-01
6.519414917629201556e-01
6.521236382124561137e-01
6.449668567693809251e-01
7.299741960909216232e-01
6.402312754128710592e-01
6.635885743308902462e-01
6.674586891963391055e-01
6.496326782705742486e-01
6.540563769303413544e-01
6.502580097699751649e-01
6.726428412301780346e-01
6.615983659051880572e-01
6.571645717485515847e-01
6.693918162118341897e-01
6.562698798497770269e-01
6.609153694224054743e-01
6.697972310270117191e-01
6.525630504101495033e-01
6.507519627048492517e-01
6.443842600721407798e-01
6.515385505411238620e-01
6.594663030921327218e-01
6.729350258719992706e-01
6.713076805832070004e-01
6.437974324912335566e-01
6.588879415432070674e-01
6.676366235336419486e-01
6.513796532370705883e-01
6.492259450184516556e-01
6.657153337898310541e-01
6.626846579703888906e-01
6.792294420356896900e-01
6.783362554978490389e-01
6.748771427355166885e-01
6.502620329558951306e-01
6.540242222513635850e-01
6.525292703063442223e-01
6.563368677528452766e-01
7.577537397772202699e-01
7.499382792389547303e-01
7.018682207620156044e-01
7.021318892555487023e-01
7.065538427554568512e-01
7.275012997582646079e-01
6.969118601797132939e-01
6.989583405811740091e-01
6.496337464257370131e-01
6.521416242712577693e-01
6.531379401670365237e-01
6.534289454659208962e-01
7.574606533898404770e-01
7.849932813610789317e-01
7.774435088511635339e-01
6.876673339054756307e-01
6.954988910778407973e-01
6.924331133825171181e-01
7.204008423638535996e-01
6.676629911690722397e-01
6.851380416638639392e-01
6.503951590037375663e-01
6.502576391978717174e-01
6.523350714228922653e-01
6.496502579594144455e-01
6.783372551558607411e-01
6.539668321967470055e-01
6.464626232690329211e-01
6.895490864075847215e-01
6.600330719149120062e-01
6.550066336816942059e-01
6.496442242115499921e-01
6.779120187135182496e-01
6.582920048738237773e-01
6.708624745753265506e-01
6.503560499654944538e-01
6.498540526768803449e-01
6.566561395269164825e-01
6.583011253918251704e-01
6.615173073640504553e-01
6.526759616614659087e-01
7.191169175271584502e-01
6.527895603131008695e-01
6.540590626257712925e-01
6.611921531658492279e-01
6.511871725714922787e-01
6.602561729526325029e-01
6.586374774558574341e-01
6.554078654768124013e-01
6.827854298574050906e-01
6.653712426246730649e-01
6.524292929014842146e-01
7.106240916112968042e-01
7.091136511622831984e-01
6.744300918935557387e-01
6.627199819606703901e-01
6.673839911368829592e-01
6.604324478257742603e-01
6.497605744920231796e-01
6.780983899919571511e-01
6.943583578380906340e-01
6.803066520678600071e-01
7.233225706115550269e-01
6.773246568717550264e-01
6.792459844919566114e-01
6.554825239946856508e-01
6.912050663688982244e-01
6.505100601724751463e-01
6.513649986331030428e-01
6.702679684047855302e-01
6.593100855561394580e-01
6.587688979185890581e-01
6.600194672467637469e-01
6.619580410476150201e-01
6.645612921989733080e-01
6.514212668518579719e-01
6.526550585096096979e-01
6.729860157463430914e-01
6.584218464341315968e-01
6.461238384912232346e-01
6.686855237728389634e-01
6.599514158138776176e-01
6.614974483999422894e-01
6.541543981811508424e-01
6.543340441719330824e-01
6.526006761818450297e-01
6.595379982152086429e-01
6.596675981242977604e-01
6.633323665313907158e-01
6.568164784597482209e-01
6.499014658223108976e-01
6.590112577859993381e-01
6.504095985255360368e-01
6.703961893314911435e-01
6.567940280274860987e-01
6.688128035496224699e-01
6.518224565113804880e-01
6.568732411958334572e-01
6.614204697455289272e-01
6.497914243305089599e-01
6.523509503331298420e-01
6.569601134531596331e-01
6.671350685386672197e-01
6.566998000723724971e-01
6.509195477945712849e-01
7.389671669696586953e-01
6.803540957652564058e-01
6.677377161002137074e-01
6.917057311348089321e-01
6.530222647263846936e-01
6.864891628436752269e-01
6.894509695300642393e-01
7.135644595694183856e-01
7.028249179502268351e-01
6.548097995410169236e-01
6.496834011011742849e-01
6.565833189752331434e-01
6.541176220870936753e-01
6.948862014346838256e-01
6.978101304137640515e-01
6.557239456384010845e-01
6.588075342375970811e-01
6.577909031806219442e-01
6.497570644093255687e-01
7.239159522011175962e-01
7.268513713715389901e-01
7.434319187208111579e-01
6.704853115716431500e-01
6.597725112066612496e-01
6.684983492033667041e-01
6.503621555411398525e-01
6.538823901225139235e-01
6.554056934783133448e-01
6.515778361117694484e-01
6.580905646572594581e-01
6.661286438044773384e-01
6.505344234327946618e-01
6.545048406738697144e-01
6.578949305191259533e-01
6.511292570419249248e-01
6.917829286856328475e-01
6.631300601721219490e-01
6.827527027067925580e-01
6.803764542615939881e-01
6.522433088199826035e-01
6.704678616115057332e-01
6.528230949465081423e-01
6.879234893517264249e-01
6.589341954585267169e-01
6.547196877544119165e-01
6.520374611446132507e-01
6.509720208038175526e-01
6.571745343113271076e-01
6.913490170406401125e-01
6.869913262673925658e-01
6.629954089655490934e-01
6.766286326226026437e-01
6.993827921582624896e-01
6.884424096077342847e-01
7.043069381188150624e-01
6.730230681920332803e-01
7.177895514540374444e-01
6.991769434948825745e-01
7.077835534401131223e-01
6.496230025822977705e-01
6.734278067192928097e-01
6.496195921957140795e-01
6.607446710073616725e-01
7.094423655722876809e-01
7.589735548755658368e-01
7.078563158295200219e-01
7.147454389698462141e-01
6.590373132015678870e-01
6.827168811166706153e-01
6.656760276197660753e-01
6.748629561918763065e-01
6.933737095530142502e-01
7.502808627783483786e-01
6.982699517114224763e-01
7.142733062323040061e-01
6.579312716675953521e-01
6.631280001462357410e-01
6.556994506892114272e-01
6.567193816147468555e-01
6.506087854817972360e-01
6.388329029903764278e-01
6.531639718802685346e-01
6.662772483471207652e-01
6.745368198080676780e-01
6.700603209448912079e-01
6.725707403160667841e-01
6.898066516978454965e-01
6.573201152577958783e-01
6.537707916856220214e-01
6.585909266778836590e-01
6.552068193867722767e-01
6.496668762759976179e-01
6.566487930854274513e-01
6.588321184341764392e-01
6.552488616990698178e-01
6.583122165208803445e-01
6.841930411822635394e-01
6.506942490369083121e-01
6.503291684283354357e-01
6.544764721259894724e-01
6.884712883925647731e-01
6.524543915226802548e-01
6.650634390321499279e-01
6.500367393359468560e-01
7.084645105927954711e-01
6.663704521212944210e-01
6.471739844846806644e-01
6.536595849053977725e-01
6.756741083458158714e-01
6.519738442895894881e-01
6.523217986407140456e-01
6.594817264599475148e-01
6.946499233240913673e-01
6.668277606471763042e-01
6.519870770223676892e-01
7.050042614642775263e-01
6.625879250831749889e-01
6.648017304220418255e-01
6.660846994857210213e-01
6.554023128097848927e-01
7.409303089426010347e-01
6.725286005892613383e-01
6.558056633381739164e-01
6.331234574455796293e-01
6.862567503506468158e-01
6.209929242909936198e-01
6.666631612033502297e-01
6.597850955535603523e-01
7.447696691919053480e-01
6.868157718426093350e-01
6.735016415067166529e-01
6.676697394738728697e-01
6.768837523770514508e-01
6.575949459663629204e-01
6.613183380500933239e-01
6.619778589545223246e-01
6.610698121640307123e-01
6.687607853653541046e-01
6.522292417781198060e-01
6.505660463095186419e-01
6.612605036619709775e-01
6.470391380942408510e-01
6.551855697438092596e-01
6.551767068568842278e-01
6.905989020635655562e-01
6.624041228628761990e-01
6.777236893622596847e-01
6.496999274382979639e-01
6.655105570376591562e-01
6.642030852188923751e-01
6.516873194456360707e-01
6.497253256041584102e-01
6.517710422565998751e-01
6.545945642692484467e-01
6.428538081802772641e-01
6.349288364001525187e-01
7.369968780959578192e-01
6.710985248258651836e-01
6.522468554695004528e-01
6.549311255194524284e-01
7.075982469058460511e-01
6.840434613477597292e-01
6.808050129194291866e-01
6.851057805178807358e-01
7.085819687348435814e-01
6.856981332603274693e-01
6.503450415658066364e-01
6.792674157140666802e-01
6.438868604564795817e-01
6.485320639974232471e-01
7.088543498989904323e-01
7.228365342538928262e-01
6.920877938566536436e-01
6.804144896252065644e-01
6.385020787341435522e-01
6.831130016505677638e-01
6.872143111457086340e-01
6.681054820507497105e-01
6.882209230097016128e-01
6.617403617467091381e-01
6.680238699806274605e-01
6.464089551454669236e-01
6.642915111011233886e-01
6.600573718230696718e-01
6.612494059361732068e-01
6.702435386756310232e-01
6.644812637029627878e-01
6.515655706927735435e-01
6.667750239282322910e-01
6.542158314792001494e-01
6.471443769841618288e-01
6.461907719751286416e-01
6.515633889785935606e-01
6.517673027638770655e-01
6.547669959023488806e-01
6.642993187079163642e-01
6.533233772717470522e-01
6.598176569309718298e-01
6.612019373180683113e-01
6.555051835913315861e-01
6.506952848709475212e-01
6.572185986254138745e-01
6.604380925506834199e-01
6.490043750740301931e-01
7.319445921116146669e-01
6.631211362885932603e-01
6.705032252951986793e-01
6.651943406726656960e-01
6.877065476196032590e-01
6.493057326246425287e-01
6.714368138081362458e-01
6.564555991145888392e-01
6.454285852563627079e-01
6.583040808768543251e-01
6.503113000757670958e-01
6.621974626934776786e-01
6.581939365982640844e-01
6.554971127698113742e-01
6.886325349302624410e-01
6.515946702913639754e-01
6.588329878617531499e-01
6.615472888511076954e-01
6.817730184796046977e-01
6.496168638545645191e-01
6.513715591561151097e-01
6.505841456070809992e-01
6.655192035592377708e-01
6.498283776046540616e-01
6.506676886301188123e-01
6.718152358432195603e-01
6.496312365363950958e-01
6.582035506755752330e-01
6.568099883102362924e-01
6.508652263116116998e-01
6.550108107215961706e-01
6.583387763254344716e-01
6.515902079620849996e-01
7.246262253842129519e-01
6.672974426123120528e-01
6.576566272274323444e-01
6.501707760700596861e-01
6.737794006070713104e-01
6.190681875319172800e-01
7.002180394698579446e-01
6.553918589123205463e-01
6.598198390839284944e-01
6.626040992767331383e-01
6.569689133326471753e-01
6.546991834342305028e-01
6.606905523996337015e-01
6.591549981866767771e-01
6.605669479907774200e-01
6.506198293625031770e-01
6.562315519826142918e-01
6.477762544176828285e-01
6.506128938894135683e-01
6.602518429862922478e-01
6.534496536438803016e-01
6.673958577710359386e-01
6.514876898530420624e-01
6.516981499367667796e-01
6.729497653816234326e-01
6.723666369023997280e-01
6.549729880377299640e-01
6.541474483321297884e-01
6.652448940187873916e-01
6.637926439734681550e-01
6.568348894215759737e-01
6.604758476490470986e-01
6.507629025715675475e-01
6.536546574856758607e-01
6.514382715455174777e-01
6.468241666714096283e-01
6.791538056199487583e-01
6.550357436421723190e-01
6.943504565737528278e-01
6.500394334506738314e-01
6.498667241856024290e-01
6.579869609824233745e-01
6.509605730139117474e-01
6.663890580761123728e-01
6.709606827685030694e-01
6.481865342284438558e-01
6.489689761378241162e-01
6.649624544982976060e-01
6.465642935366655575e-01
6.496754257307300051e-01
6.621317211119660540e-01
6.506569128564678728e-01
6.554229056376390528e-01
6.871329248056514682e-01
6.497641756013755598e-01
6.543094130064081027e-01
6.529404920012558122e-01
6.501026201077398925e-01
6.496551428889122404e-01
6.687131698105344135e-01
6.506765014890186771e-01
6.654723365751386011e-01
6.561951687650665610e-01
6.416267663849204439e-01
6.402159328072369870e-01
6.355249969827768686e-01
6.568134831625154213e-01
6.587662423290640001e-01
6.571207288497914467e-01
6.577152114353490564e-01
6.635111722548903135e-01
6.561703782394067153e-01
6.758289997916967495e-01
6.503487402110934568e-01
6.721780365164159443e-01
6.555851387322466639e-01
6.723829398238362343e-01
6.648535840051341683e-01
6.668863151111504850e-01
6.521171362961394324e-01
6.670086066617401110e-01
6.658087120680153959e-01
6.487211468364116884e-01
6.511817466935806431e-01
6.650941545760015172e-01
6.597612581846905577e-01
7.034116033947512836e-01
6.591855271256013005e-01
6.719681185780063126e-01
6.570589802281259217e-01
6.567750690404152714e-01
6.573888932646860805e-01
6.485304502874487120e-01
6.638786345906890762e-01
6.648989963714394547e-01
6.602458290603419044e-01
6.706700569174252058e-01
6.585903929170326965e-01
6.634287388387147821e-01
6.522438711306964843e-01
6.508453403701114359e-01
6.673574062730160961e-01
6.668005664038687552e-01
6.693105796208533853e-01
6.539351944371232239e-01
6.693105796208534963e-01
6.560863631803148799e-01
6.657637949494390472e-01
6.496478873804212295e-01
6.545280755153424224e-01
6.692029712987694889e-01
6.570676585167986028e-01
6.656449150186209973e-01
6.573165762646323573e-01
6.527662175297934688e-01
6.598639485807742400e-01
6.533804511095427925e-01
6.629781842676194525e-01
6.812158696364967181e-01
6.649537580158273453e-01
6.516811527486061628e-01
6.637287874921624642e-01
6.700832592193973758e-01
6.497435768164485648e-01
6.521110590384351369e-01
6.499478041609467738e-01
6.717059059996275394e-01
6.582144578980309024e-01
6.496752642241117037e-01
6.590175524025867482e-01
6.480064609050042446e-01
6.527117739958779863e-01
6.459894706284289301e-01
6.525690465855877864e-01
6.461863155887891397e-01
6.568389563028260714e-01
6.505159139079637054e-01
6.570798691138166614e-01
6.553277542347851758e-01
6.648975533727741194e-01
6.614885618927082156e-01
6.608336038760703746e-01
6.645544154953587634e-01
6.486689582131025533e-01
6.583186513813084062e-01
6.418204851769999664e-01
6.600275136092852435e-01
6.502506379026853356e-01
6.735055843118118446e-01
6.513625041452946185e-01
6.500287475764646716e-01
6.650894660904809186e-01
6.672032451628421290e-01
6.463333583779733438e-01
6.570308222702060386e-01
6.721184992347331022e-01
6.602903943374421880e-01
6.514496487542001946e-01
6.712522635378698199e-01
6.500479006433220741e-01
6.652614380410133421e-01
6.579699243611545345e-01
6.508089796905773827e-01
6.684361613523420731e-01
6.501890740669657998e-01
6.547612133621285579e-01
6.634762476888427241e-01
7.012665439733478667e-01
6.470362429833165230e-01
6.663786340744186631e-01
6.505636708644110255e-01
6.558785100234137966e-01
6.501961357365343419e-01
7.091349675058448154e-01
6.594695556910458167e-01
6.529665979181168423e-01
6.585812273589215504e-01
7.322055588603095799e-01
6.781119870107678027e-01
6.703899286850951711e-01
6.641165927267075331e-01
6.590602879757436749e-01
6.776638319588366155e-01
6.607855658361375673e-01
6.888816141355310618e-01
6.498144099107572291e-01
6.509986366018637449e-01
6.595802655216087551e-01
6.523296271935884461e-01
6.640873208569505470e-01
6.506825789489411038e-01
6.547346767534832912e-01
6.629238404005426410e-01
6.525012550997826288e-01
6.633692085004111449e-01
6.412976908080415539e-01
7.004343747429138123e-01
6.809992648800816673e-01
6.582282996946914322e-01
6.508762299681288832e-01
6.526744100981555219e-01
6.675272127145663870e-01
6.496659798554315079e-01
6.568671386217607155e-01
6.507211068073850413e-01
6.691373464599543741e-01
6.534061070000436455e-01
6.729816206396080913e-01
6.546886274365933955e-01
6.537624455162174275e-01
6.659526576624120731e-01
6.751755595207820093e-01
6.602735317553167782e-01
6.535884984026325562e-01
6.639646761577617795e-01
6.509698458300292589e-01
6.594577949307616205e-01
6.619021897077970173e-01
6.968426510639071925e-01
6.724387149419455145e-01
6.720068212929749540e-01
6.499075233465437806e-01
6.751118718783116757e-01
6.673101442248993154e-01
6.535279150607876675e-01
6.615209740431612362e-01
6.502161270965091111e-01
6.711950522537060149e-01
6.583599447489437706e-01
6.622132882701725620e-01
6.475140765387316089e-01
6.587905074817242967e-01
6.608129153873083528e-01
7.189938540460172334e-01
6.413473950451089589e-01
6.608898217769544337e-01
6.513974461180975783e-01
6.461416563980635352e-01
6.487536518522130091e-01
6.529482476808414759e-01
6.624303786531244853e-01
6.551594773935460747e-01
6.537381314719825642e-01
6.555307465273007006e-01
6.564775676646485980e-01
6.630587459015144791e-01
6.553658538281631474e-01
6.722442508919246329e-01
6.785775974062782101e-01
6.721697415009256771e-01
6.715444500704822461e-01
6.707501755833253920e-01
6.496288524145316101e-01
6.620774274870350196e-01
6.428371308832544484e-01
6.837265134308018188e-01
6.658001041948155008e-01
6.493075481023611317e-01
6.425593897253796261e-01
6.665414605727536523e-01
6.498124499435486978e-01
6.623970837215532592e-01
6.603279141382745188e-01
6.678513349085642981e-01
6.638739813616114649e-01
6.683595828321384769e-01
6.690988832836389788e-01
6.471688906743399139e-01
7.024392806343453532e-01
6.741655715008657568e-01
6.611197893762830180e-01
6.432988499410323691e-01
6.706928489566303941e-01
6.351753608202301837e-01
6.603013325708652070e-01
6.510843423650291006e-01
6.612818994012299445e-01
6.703081036913708379e-01
6.728107149760711447e-01
6.541502755854330386e-01
6.492484531340418918e-01
6.638595654186778550e-01
6.315334633160581967e-01
6.485057539685339378e-01
6.504539299623922632e-01
6.396284416770897652e-01
6.738941065426589105e-01
6.714151950188984586e-01
6.717901519497798679e-01
6.537815694235783459e-01
6.698244118370665356e-01
6.548509267663350508e-01
6.498001912329549601e-01
6.729606147815552220e-01
6.692281154982930857e-01
6.568636535412751831e-01
6.496522336249619389e-01
6.496282943633360230e-01
6.714644088242064379e-01
6.524089499957713700e-01
6.580600572871013743e-01
6.623337830929663106e-01
6.540449446132962086e-01
6.965074115315005310e-01
6.565125752058593722e-01
6.496438399957040755e-01
6.616830534734234881e-01
7.102796768941243011e-01
6.602492900143998034e-01
6.611769884179817813e-01
6.560713098662762643e-01
6.566714305635712456e-01
6.531459131134188523e-01
6.616534550920278868e-01
6.548138676363691735e-01
6.877999376273258303e-01
6.495520414650605145e-01
6.544271420605071166e-01
6.598512781445782238e-01
6.514481296926581955e-01
6.709482314985246720e-01
6.635623482249384253e-01
6.630745022376930420e-01
6.575402787700207474e-01
6.623938932330502016e-01
6.622354804704664311e-01
6.528408378061441031e-01
6.533232812836567982e-01
6.582555287416380629e-01
6.636945973114642960e-01
6.718282666723103258e-01
6.512184184003314558e-01
6.670353214212608739e-01
6.627999220661143776e-01
6.587858834547701825e-01
6.655520955249719650e-01
6.688095331028895973e-01
6.635886300145142913e-01
6.603960154779823233e-01
6.741968298446527896e-01
6.605983572722622377e-01
6.491729517974889063e-01
6.532612948548076615e-01
6.302787277119484832e-01
6.450184801326860340e-01
