6.627824874707197722e-01
6.805566951082234750e-01
6.702593601684282421e-01
6.777232522731715392e-01
6.605949979182107468e-01
6.583887312718621487e-01
6.622215831233341232e-01
6.616222728875942316e-01
6.621846272258319344e-01
6.882633649280140986e-01
6.708778933295419522e-01
6.757588191484141804e-01
6.590939046009216540e-01
6.651856797600061988e-01
6.573892987185078196e-01
6.538852618738099087e-01
6.581756857993963372e-01
6.622650228517512616e-01
6.599018320984215702e-01
6.571267595528909045e-01
6.608739282912279300e-01
6.551269589034002250e-01
6.612418124379084716e-01
6.574621616991800366e-01
6.588571668031839579e-01
6.724240859891665867e-01
6.635043860642172442e-01
6.637633415470630682e-01
6.548986588441250145e-01
6.619468053361591275e-01
6.542489766656062189e-01
6.553143355428922012e-01
6.543348558368554668e-01
6.596345878818676844e-01
6.554046979280693241e-01
6.571643940895580682e-01
6.539375447572901567e-01
6.685016155305854024e-01
6.539318876095763233e-01
6.578132111948681304e-01
6.555225040535199721e-01
6.556021402414640153e-01
6.577237877755384154e-01
6.560579619643660543e-01
6.574908472611818988e-01
6.701166900663703130e-01
6.618365311306629861e-01
6.604103811138272162e-01
6.615048863815367053e-01
6.593494890086505356e-01
6.636314089760099177e-01
6.605657890922258524e-01
6.578919445182983550e-01
6.577072683522620089e-01
6.587901567495380029e-01
6.565861527321378288e-01
6.590355944911645558e-01
6.587691139877763780e-01
6.600923489545093004e-01
6.574337231716019803e-01
6.519636536787078995e-01
6.585993063383658308e-01
6.549124461932132046e-01
6.565250206176573844e-01
6.596092097589306702e-01
6.571734620969346130e-01
6.590192234810237082e-01
6.547529015364181859e-01
6.593976436150256193e-01
6.589984791600506098e-01
6.581126403152166571e-01
6.579086670459339814e-01
6.608320068264413871e-01
6.596621121504054885e-01
6.610159940923865385e-01
6.578215412204783119e-01
6.544415999995147892e-01
6.585486471904735684e-01
6.533841686938356430e-01
6.592278832431812674e-01
6.595779045407046404e-01
6.753270448383293934e-01
6.566637205097723973e-01
6.675678901344540561e-01
6.580577005610034336e-01
6.677562534919940784e-01
6.566058737693278857e-01
6.600818539149060360e-01
6.603084426681913310e-01
6.634844366824818040e-01
6.552891363587787232e-01
6.562531307059839003e-01
6.584512361877299380e-01
6.589533719080133967e-01
6.590364917427413705e-01
6.558940255963203736e-01
6.555977648031905414e-01
6.766602392535034927e-01
6.598415714286360867e-01
6.572055725972245632e-01
6.564193699604947696e-01
6.661102487404219064e-01
6.560276935770287254e-01
6.577043275784983933e-01
6.620539030166694427e-01
6.587123736353805992e-01
6.572098069892867711e-01
6.611682176297031255e-01
6.537069570919585848e-01
6.588064373908223414e-01
6.539566881191535286e-01
6.643864040688250983e-01
6.484422114660154390e-01
6.564007855390778801e-01
6.529544150199901864e-01
6.560087993020252695e-01
6.581658718660104990e-01
6.572940512824700932e-01
6.605515740675235170e-01
6.569213341123502081e-01
6.588964587134900075e-01
6.568266425500209893e-01
6.604370718407172047e-01
6.550199312544582320e-01
6.544070510016690712e-01
6.669750504767203436e-01
6.556832309104095868e-01
6.558328520891114621e-01
6.509438975926878923e-01
6.650722035331788629e-01
6.535522200214005650e-01
6.572743732103547565e-01
6.559908514830067316e-01
6.578669429424516268e-01
6.605669905235317385e-01
6.534482317076403257e-01
6.601414446846295414e-01
6.588576107534519499e-01
6.606547263447704044e-01
6.560001133943373919e-01
6.690968916597547222e-01
6.691260414294107894e-01
6.729712601345281264e-01
6.646790084189827530e-01
6.627524364453031280e-01
6.532808720166598526e-01
6.716582525358819611e-01
6.630890045724546766e-01
6.561722990161411584e-01
6.642602096369292219e-01
6.731790770526224765e-01
6.834644265505560590e-01
6.833453777402812568e-01
6.709474529634729123e-01
6.582214889071934527e-01
6.536160247356683772e-01
6.626337757212662494e-01
6.587788093580927429e-01
6.663511790788432254e-01
6.567146657279859800e-01
6.617171534950357925e-01
6.737790925426881961e-01
6.592899739483523147e-01
6.645652969702301460e-01
6.596201869469704437e-01
6.634968731469405023e-01
6.545018865459565349e-01
6.658668287410453024e-01
6.694070887845036122e-01
6.575075054854115919e-01
6.666198128621112495e-01
6.521154707959544439e-01
6.649675867737423474e-01
6.690937761480881818e-01
6.577873590621766686e-01
6.700784865137630053e-01
6.571162036799440553e-01
6.625685007756590972e-01
6.581528577403348290e-01
6.741579714636440901e-01
6.661082751749283215e-01
6.596114220470880030e-01
6.573960023259586283e-01
6.644032631709007042e-01
6.528948086012602570e-01
6.586757670427179079e-01
6.667947407607314192e-01
6.512308466808589547e-01
6.546724281342890528e-01
6.615253669003574588e-01
6.518318271074859949e-01
6.650320708021281169e-01
6.534132398463611269e-01
6.583149502612337667e-01
6.481150688356038803e-01
6.607723464046706408e-01
6.555409757236969615e-01
6.649651974687397216e-01
6.557017769958732867e-01
6.563094977751959824e-01
6.564250301845019342e-01
6.543714637803841327e-01
6.565761459446939341e-01
6.553337530290419544e-01
6.826403635237743295e-01
6.674914484329438347e-01
6.729732304915859720e-01
6.604065771464266987e-01
6.835749820705181445e-01
6.704029197509020488e-01
6.671417298564873422e-01
6.581432639285414998e-01
6.552877471950357968e-01
6.572561659992025573e-01
6.559989318382442036e-01
6.594086948725861319e-01
6.647437891895086048e-01
6.674661792951006589e-01
6.523421592287759196e-01
6.540313985001463548e-01
6.613300179192626027e-01
6.579750630560923241e-01
6.596429795873607338e-01
6.721922376989120096e-01
6.526890072984327107e-01
6.737397219843568319e-01
6.496460743880619892e-01
6.601459709144780197e-01
6.514849180412120022e-01
6.574262162514732388e-01
6.571367954835469760e-01
6.549932041479334943e-01
6.540015323946448689e-01
6.770360254032196101e-01
6.635093808966108231e-01
6.677577943825130369e-01
6.572883856146605197e-01
6.572539190255799468e-01
6.593436849020541946e-01
6.608600992264476170e-01
6.547379682223621877e-01
6.572838348238837503e-01
6.600951290396007698e-01
6.559852550480183009e-01
6.538404309703712558e-01
6.553392422046132593e-01
6.575028772568386470e-01
6.555771249826529701e-01
6.502588399318096624e-01
6.565501273554852357e-01
6.564775767744478463e-01
6.548379106935073857e-01
6.533025281183527655e-01
6.589915354513050660e-01
6.625392710350737069e-01
6.577956102745271538e-01
6.570250422222759790e-01
6.612943958163071123e-01
6.693547517740234820e-01
6.583375745565991366e-01
6.586303800211930071e-01
6.587401805924062437e-01
6.571482210795820400e-01
6.598966413579031576e-01
6.567316467675514691e-01
6.550956174154880518e-01
6.849378876719979248e-01
6.592418914191213730e-01
6.611907940960837227e-01
6.529770466154248831e-01
6.779701070581476419e-01
6.566455567095605961e-01
6.611725092700100337e-01
6.588620056612731757e-01
6.594696596677567246e-01
6.561855806047083295e-01
6.554393135672237358e-01
6.488202079180797055e-01
6.690030512511673244e-01
6.552370034703389745e-01
6.671884437768395015e-01
6.583022185994958919e-01
6.817345514378549964e-01
6.555019114408966452e-01
6.550759759233264479e-01
6.589027065056596300e-01
6.674314948620594379e-01
6.582082751782611929e-01
6.555413665419997926e-01
6.588527000510356890e-01
6.626429914406312127e-01
6.567242302714910718e-01
6.547669190903658842e-01
6.567069736647989098e-01
6.718099922779871003e-01
6.560228981505673573e-01
6.558652890612657327e-01
6.554002320151640637e-01
6.565644339476117697e-01
6.590307063210993910e-01
6.561418397883687081e-01
6.546331917598628980e-01
6.787448153285422503e-01
6.548153166302294048e-01
6.572788284909053536e-01
6.622151129396283142e-01
6.574232973475259145e-01
6.613860585901847333e-01
6.603439706598972503e-01
6.597749882010448541e-01
6.622593616827311402e-01
6.597868597680306424e-01
6.593184755316326973e-01
6.596879699185191903e-01
6.596169933084796710e-01
6.599881667658876738e-01
6.569049046282080528e-01
6.582019084190491309e-01
6.609937300078206901e-01
6.587179324299777816e-01
6.544959560464583825e-01
6.577854168959621495e-01
6.595483779379425204e-01
6.586204267935686918e-01
6.584067327811965464e-01
6.587369729490518688e-01
6.591341522305489420e-01
6.547218966127953399e-01
6.582331598758445201e-01
6.565715968034917527e-01
6.745791701481613778e-01
6.618907343126666509e-01
6.660489156416109502e-01
6.553266736275740190e-01
6.573405634771732897e-01
6.559845316888254230e-01
6.571282254860335570e-01
6.935917272495369934e-01
6.809874492165628457e-01
6.700601244987210992e-01
6.619342572539018699e-01
6.613564353269424378e-01
6.789581040416191593e-01
6.633001803434721566e-01
6.685209290894523759e-01
6.572097150548792399e-01
6.547289740554054216e-01
6.566362700885298720e-01
6.568657413615118790e-01
6.752870568936882867e-01
6.968272437415139464e-01
6.893644706651432807e-01
6.565184698891562975e-01
6.649499750744565230e-01
6.719849197747963521e-01
6.723353927436070965e-01
6.574534416998996100e-01
6.532264304257310306e-01
6.555825082648301105e-01
6.552040574973047038e-01
6.563906533492581685e-01
6.552541798147617502e-01
6.543640802082160146e-01
6.554093738581369122e-01
6.551396879779471938e-01
6.618882078611785236e-01
6.574393167141271421e-01
6.567083347791328185e-01
6.557093308678039190e-01
6.622529056151197357e-01
6.532812345384533259e-01
6.562370679960212172e-01
6.572334887329178699e-01
6.551995108186037253e-01
6.568667193029321671e-01
6.588653363792522644e-01
6.559899878096506765e-01
6.574576456241350009e-01
6.709331230801719448e-01
6.542999891252808675e-01
6.551434447178369203e-01
6.586821326734663140e-01
6.558062084418621041e-01
6.592674466748382756e-01
6.579438445870902097e-01
6.535581460884763993e-01
6.552895137101699685e-01
6.594346788751394017e-01
6.555161329358260014e-01
6.780575444731939960e-01
6.500623114221734111e-01
6.570103040362418323e-01
6.586605356867650807e-01
6.611365633867765101e-01
6.595876615088915873e-01
6.559605788448445995e-01
6.537117898033629748e-01
6.668429173277337085e-01
6.484116010038128985e-01
6.736929417099324358e-01
6.472243263379402478e-01
6.670723306738152170e-01
6.591975343948376365e-01
6.749813641748181325e-01
6.542429790508860199e-01
6.564866901398375143e-01
6.507795022282495401e-01
6.510300355789010451e-01
6.562025141148648544e-01
6.528498622077805180e-01
6.603415538552692698e-01
6.588033138154658630e-01
6.578205294590913077e-01
6.560193410666963487e-01
6.623838287597650920e-01
6.598789293007922829e-01
6.594279508125586720e-01
6.595861603827876118e-01
6.599777827166771749e-01
6.592558979185215717e-01
6.601656289476053319e-01
6.568914102757076323e-01
6.541222214019026815e-01
6.635745087449822499e-01
6.481875013167173183e-01
6.548121970593820951e-01
6.590876537034470184e-01
6.552773116311408907e-01
6.579046399717601856e-01
6.560564195686582334e-01
6.608055757806943209e-01
6.560054717630611210e-01
6.588301888275743812e-01
6.565215601389572386e-01
6.551001175127714182e-01
6.619670063456806197e-01
6.542377039756078760e-01
6.570427825705023039e-01
6.560540922801826325e-01
6.587774112167122942e-01
6.629650067171847239e-01
6.567385628260448138e-01
6.754563488672018501e-01
6.601513230394041587e-01
6.611199946893865365e-01
6.705386527181678158e-01
6.501766701791292791e-01
6.643954150059283581e-01
6.535249779034854045e-01
6.550417375953042631e-01
6.695972184066470989e-01
6.576574997537770750e-01
6.552584024654571904e-01
6.585555649557367497e-01
6.570793407839597977e-01
6.615478645539027980e-01
6.725077901884078946e-01
6.540610291656274722e-01
6.590878205423437164e-01
6.558490323968235725e-01
6.571891571801709020e-01
6.719738392889733625e-01
6.784782096926266215e-01
6.714865979829977016e-01
6.770564560970221413e-01
6.553352120723693330e-01
6.638839581601267970e-01
6.539180857427807636e-01
6.571448165629022453e-01
6.545645787523289849e-01
6.560677142124344829e-01
6.600480014288575559e-01
6.559752021141860290e-01
6.551033303799195240e-01
6.544272613037165343e-01
6.587160126010328520e-01
6.556292548727729042e-01
6.568522583108808988e-01
6.581239247757563193e-01
6.481800908971595554e-01
6.618401872219363824e-01
6.533104801288821539e-01
6.609267135514419467e-01
6.589903755468153879e-01
6.601336960126545916e-01
6.527553272274829732e-01
6.560585241988344807e-01
6.583691079701202709e-01
6.555626378219117090e-01
6.542132809678604666e-01
6.740820724012362986e-01
6.556342689046682493e-01
6.610009518138247886e-01
6.493377221623493067e-01
6.670801212834494009e-01
6.523376456963605463e-01
6.568366150550984939e-01
6.502538814995110217e-01
6.808934906554757749e-01
6.550025251986215657e-01
6.607512136798736613e-01
6.565972823882453291e-01
6.655509075911441030e-01
6.554634510322482344e-01
6.548326901592040894e-01
6.523722193237795342e-01
6.812469922171443537e-01
6.527859560241046077e-01
6.660339216792618977e-01
6.511333859302520510e-01
6.634084449235012615e-01
6.508712843209442100e-01
6.534396507564816936e-01
6.496767023142595576e-01
6.849937317962272454e-01
6.563369306516088075e-01
6.567323169797095739e-01
6.575094984716751689e-01
6.634965408663383579e-01
6.594999965388749219e-01
6.563386786087596070e-01
6.531136607540598549e-01
6.555994377332480250e-01
6.594956383414749546e-01
6.567153410446142647e-01
6.470505012446760018e-01
6.635658011202374418e-01
6.499045706215081930e-01
6.563695798678516047e-01
6.542260764138725371e-01
6.564078560593914480e-01
6.601392228480020830e-01
6.552571028450020485e-01
6.548101892846925898e-01
6.559975785373610702e-01
6.598906144577598720e-01
6.560684515916576087e-01
6.590407284238493091e-01
6.689329136863084724e-01
6.566928106018758982e-01
6.551005390999543598e-01
6.536280852746465531e-01
6.635242943690204953e-01
6.544857846331493256e-01
6.545393676526130022e-01
6.561156046577988343e-01
6.782244645737245392e-01
6.518491847321746802e-01
6.567831951074162289e-01
6.603491730555784978e-01
6.645054088325961228e-01
6.581836921099183391e-01
6.565816889877855722e-01
6.499610271554856489e-01
6.524432159798133624e-01
6.529094023233044108e-01
6.528411395170186093e-01
6.670583129344340723e-01
6.418662398068305519e-01
6.498455890609415864e-01
6.496571580831276282e-01
6.527679954295959597e-01
6.785648705566234007e-01
6.506442495805940807e-01
6.548775101144358457e-01
6.487306305668842921e-01
6.770152299706071464e-01
6.458638682207157311e-01
6.534654166313875745e-01
6.533991191175452240e-01
6.809141341077366016e-01
6.546033792594152523e-01
6.528681946907348710e-01
6.619585662758732392e-01
6.639642777565994969e-01
6.597303428601624109e-01
6.594237892495149467e-01
6.605023029807892687e-01
6.578719229357037346e-01
6.574715259161563186e-01
6.585258681091412658e-01
6.657164964132676888e-01
6.586889333091041632e-01
6.580017841818455171e-01
6.561464304569751826e-01
6.549170714127118265e-01
6.636437087900464160e-01
6.550518184329405802e-01
6.487808191373068967e-01
6.555302127527018463e-01
6.580442347140802450e-01
6.591510679144306772e-01
6.529486577727349195e-01
6.574204658425689685e-01
6.566359428594970016e-01
6.603101569220456435e-01
6.531845531777998870e-01
6.542847526481252451e-01
6.846949744508098457e-01
6.616518570210103700e-01
6.600958471378696180e-01
6.550159333063265699e-01
6.641825371724697780e-01
6.497774208404911711e-01
6.653844107284179188e-01
6.557185730001580115e-01
6.634755624137890218e-01
6.678014239926934881e-01
6.527582875742810042e-01
6.664532680262967856e-01
6.561174074627211805e-01
6.583171194057231279e-01
6.560538796272347151e-01
6.512052501039510277e-01
6.639129651570613300e-01
6.559437986526976960e-01
6.628559383995515919e-01
6.490600747853189079e-01
6.605344490268703073e-01
6.541833059234783976e-01
6.646822321433990544e-01
6.520428054640842186e-01
6.574537204643138288e-01
6.534024690607127539e-01
6.622012404538658581e-01
6.604124343374840889e-01
6.578781129680548734e-01
6.544521805122016644e-01
6.466168628049525635e-01
6.541118099801739305e-01
6.621207573081584474e-01
6.605946859246452085e-01
6.584589196505997721e-01
6.547049351144014206e-01
6.578157841549663321e-01
6.593350433635909447e-01
6.556115809485428825e-01
6.595223866242282407e-01
6.654628721007396219e-01
6.599507850481552973e-01
6.631390314988351298e-01
6.605239276703825935e-01
6.565785540599523573e-01
6.602731796318360713e-01
6.574083863166002573e-01
6.547026892333497328e-01
6.880928399631488501e-01
6.568784516373834537e-01
6.526983940962758357e-01
6.553788696867370867e-01
6.604231691809852034e-01
6.619405589282518765e-01
6.651608890244595784e-01
6.564454354451245699e-01
6.602691170651387997e-01
6.611004681252697912e-01
6.562088847528939617e-01
6.626473597082414013e-01
6.607064926780090719e-01
6.622540608976651422e-01
6.806900131188602376e-01
6.548016746035786317e-01
6.567615288211962055e-01
6.601430646091160925e-01
6.651534014514258741e-01
6.554319977149331011e-01
6.556146410840995031e-01
6.539957344056784860e-01
6.516443728560091797e-01
6.555290590967951525e-01
6.598906114367517617e-01
6.651982887318624860e-01
6.546923933239240379e-01
6.578272640978296559e-01
6.587797162939138529e-01
6.580964954496913988e-01
6.591559642623689985e-01
6.577488503370103601e-01
6.547025218423825343e-01
6.829750771888331018e-01
6.534453733850305035e-01
6.536033609302023262e-01
6.561333000131940318e-01
6.675373192016376134e-01
6.600187525474632277e-01
6.672758578956087261e-01
6.593224311758896228e-01
6.623996185171452389e-01
6.602180886412120087e-01
6.609266930641690685e-01
6.603052178206948453e-01
6.592837528768868971e-01
6.623795302962391940e-01
6.580568920156103507e-01
6.576017346308883349e-01
6.582133466435157176e-01
6.553478985448824012e-01
6.544577234008117639e-01
6.594669203823095849e-01
6.598054878503699650e-01
6.564683140755455115e-01
6.607767832434666699e-01
6.614742371233732765e-01
6.589331351159920525e-01
6.562961971761622770e-01
6.625667687707829101e-01
6.567118239997278284e-01
6.633606909993515766e-01
6.590584455883409243e-01
6.580687251484703681e-01
6.604079976895061987e-01
6.559418055526766711e-01
6.601876096871457378e-01
6.569131176584077636e-01
6.457177454571089159e-01
6.494610719697069268e-01
6.607980314381132203e-01
6.679882424395934271e-01
6.558832543868116094e-01
6.573853028943056342e-01
6.534732944262465759e-01
6.550497192775650568e-01
6.587093655477396226e-01
6.594016710401884307e-01
6.607174850872608030e-01
6.522524690558961780e-01
6.536308506731702828e-01
6.581717672282503262e-01
6.549728423756820961e-01
6.616553638831557116e-01
6.608546672136104139e-01
6.600294537160095176e-01
6.700660634851354214e-01
6.559811213741723046e-01
6.559169325078729740e-01
6.591373524788732841e-01
6.540811717692286420e-01
6.565913429397849388e-01
6.592795973749249194e-01
6.549935131472125471e-01
6.598275916819236198e-01
6.598704746469918891e-01
6.574701812952922220e-01
6.543669389688737681e-01
6.549523488571052932e-01
6.611236610308681705e-01
6.566685711684868698e-01
6.580368780453634825e-01
6.584904575721272080e-01
6.512466304294651787e-01
6.580700951376219354e-01
6.595038203803882393e-01
6.552017006449135650e-01
6.591057595617724196e-01
6.550724508372681720e-01
6.577119839891559794e-01
6.601945871445107361e-01
6.575909700661485280e-01
6.558139110555688545e-01
6.587892782768226541e-01
6.597637362958891361e-01
6.584422374706669912e-01
6.593912921147305761e-01
6.576322951749860035e-01
6.594400008115257616e-01
6.543166639359627723e-01
6.658679590458974618e-01
6.389506541304631471e-01
6.586335473185305212e-01
6.573407273129635575e-01
6.549245251108033461e-01
6.593615306555762334e-01
6.597989936352013363e-01
6.634591475909482616e-01
6.591319758767190118e-01
6.600699583116959035e-01
6.601432127417043993e-01
6.588564507805743098e-01
6.575185496310352873e-01
6.565383307395123991e-01
6.484723674717332020e-01
6.554208768905611660e-01
6.476435848449011434e-01
6.541421830167558626e-01
6.550282945186925998e-01
6.580514080116048881e-01
6.629974389813981794e-01
6.552674191089246092e-01
6.558660653662169437e-01
6.580382713959834762e-01
6.579536993370954656e-01
6.582093165880991137e-01
6.566330646417457562e-01
6.580148136608955367e-01
6.552288916925539386e-01
6.567803266240017646e-01
6.592046570645521131e-01
6.650183635162998375e-01
6.590503089350686627e-01
6.586411704816209634e-01
6.602999495166541610e-01
6.693395628390877983e-01
6.552679198507004310e-01
6.571720770038975701e-01
6.549371290724311789e-01
6.464005127480528801e-01
6.543816477500093987e-01
6.572540488959122129e-01
6.564587621577775423e-01
6.614253332135923147e-01
6.544216316470057304e-01
6.496962990510412039e-01
6.509940403640857021e-01
6.535222230001472843e-01
6.618949613931528475e-01
6.559029720739810720e-01
6.627104927301342707e-01
6.630360219266836497e-01
6.617654282043903269e-01
6.584183808860636367e-01
6.570974164274706597e-01
6.596689561772662858e-01
6.650131989218015516e-01
6.702183933830295759e-01
6.485895554319075496e-01
6.534667713766566521e-01
6.554975026388422110e-01
6.601233024419128625e-01
6.587123976747403242e-01
6.550830609227740187e-01
6.606502395176726550e-01
6.585090947953760043e-01
6.601133624437020009e-01
6.587604117582523955e-01
6.577161740417881708e-01
6.615508748671655725e-01
6.558546501104811632e-01
6.610486186488029325e-01
6.546747150978403651e-01
6.509301033734885555e-01
6.554685718683455065e-01
6.550071213285731941e-01
6.609896292460232248e-01
6.568908160015465292e-01
6.540380543953926429e-01
6.451555319022581614e-01
6.574538506567146889e-01
6.616207971260752441e-01
6.579609452165608996e-01
6.586814499161813830e-01
6.543918766854162072e-01
6.566023329993985191e-01
6.724773093760206821e-01
6.476772438669470278e-01
6.552525337730735755e-01
6.514651575428658248e-01
6.856522931905003615e-01
6.530431669994778421e-01
6.553364075185877935e-01
6.545574972777835621e-01
6.634842679284732592e-01
6.507103164620197111e-01
6.586150589153479951e-01
6.657968163082905733e-01
6.554778570848646124e-01
6.557287133251706868e-01
6.600041671582251857e-01
6.606156162535671283e-01
6.584587973117855819e-01
6.571313366626425623e-01
6.535678865524491288e-01
6.588855330906773222e-01
6.556841409359500661e-01
6.519560937232101727e-01
6.536936588316808461e-01
6.739250853350072790e-01
6.495626749275562606e-01
6.509290517599966019e-01
6.608166006936511128e-01
6.570062594063285077e-01
6.591338167288852690e-01
6.571116469706620444e-01
6.612190781384637006e-01
6.561339360246758456e-01
6.573762090162442728e-01
6.583052413653185386e-01
6.559094834815327735e-01
6.589315252718571658e-01
6.588231214355559917e-01
6.605436318949831076e-01
6.644734206689685285e-01
6.599846015676874567e-01
6.584856061808688210e-01
6.587869169422848614e-01
6.561980354825350803e-01
6.592405495336812749e-01
6.531798793416264681e-01
6.657286719223872717e-01
6.562621179104592972e-01
6.588627976931337171e-01
6.592180935997099533e-01
6.524962517770025450e-01
6.614849082228930754e-01
6.598962574560052197e-01
6.600867611197593909e-01
6.547816099328626072e-01
6.487212160252611159e-01
6.545294179255125577e-01
6.605807774595455761e-01
6.538387320269778424e-01
6.597980281366325750e-01
6.614634363659872562e-01
6.674273727366836217e-01
6.561979170099774272e-01
6.609030954161884130e-01
6.614888640756050320e-01
6.523072202858498647e-01
6.597813077160521456e-01
6.587334533762848610e-01
6.635708977505233586e-01
6.595668212853594836e-01
6.601410889291844386e-01
6.533694067481615741e-01
6.568055509731464126e-01
6.567722864131763094e-01
6.571382146610738051e-01
6.524440773983176678e-01
6.654187421861943452e-01
6.584240432547929789e-01
6.598532825235682298e-01
6.594377478170894147e-01
6.600521574245274969e-01
6.605679626424056927e-01
6.568750118426978091e-01
6.668330937706908879e-01
6.585985868082907535e-01
6.582655897047093863e-01
6.653977098640853072e-01
6.563469182120973411e-01
6.557073881385092617e-01
6.581653705224526085e-01
6.579918697168037900e-01
6.584910341468347417e-01
6.584470778452822248e-01
6.457441295759903666e-01
6.622421038227519485e-01
6.634139367039582069e-01
6.449337141135100815e-01
6.604802659293884659e-01
6.652022484011950176e-01
6.674545968430212195e-01
6.546965570192837536e-01
6.700496910662163685e-01
6.554161183453945938e-01
6.573782552380298405e-01
6.592340112254944096e-01
6.601708113377484644e-01
6.586075635471225764e-01
6.580879006901763084e-01
6.580579447069372367e-01
6.592183513877487577e-01
6.577822814045954924e-01
6.554598801559518018e-01
6.552377664423069126e-01
6.492871030775583252e-01
6.549956014402131821e-01
6.590537559518786503e-01
6.642630258584308889e-01
6.579494540491892529e-01
6.580125545035886425e-01
6.564194454084107955e-01
6.558073305189664470e-01
6.573034617622297571e-01
6.567360220075418864e-01
6.610889719979715640e-01
6.550716149065600735e-01
6.554056035721222973e-01
6.590234554072904594e-01
6.563442111863276862e-01
6.597685070744423452e-01
6.591820727332856622e-01
6.592203297732953660e-01
6.719490334411781784e-01
6.574671725530089050e-01
6.557080517659729102e-01
6.601090771169262350e-01
6.745518672171558761e-01
6.602343493119340323e-01
6.592210398944815530e-01
6.605296650624211674e-01
6.569836466380524209e-01
6.604056547387923137e-01
6.596165149985876441e-01
6.590308056205406162e-01
6.634103078736084402e-01
6.579086632913199173e-01
6.588245943625314904e-01
6.568881146812751703e-01
6.599770357374467045e-01
6.562862454182736283e-01
6.552803998701539623e-01
6.574615146019348044e-01
6.603214730647138930e-01
6.496056881859455512e-01
6.564429284625642458e-01
6.582697307911875573e-01
6.563445519056756439e-01
6.569895336610571679e-01
6.580682726788297243e-01
6.568842086983824879e-01
6.558474968883558631e-01
6.608340746337664218e-01
6.592548126817917575e-01
6.609511351774534083e-01
6.582502132791756555e-01
6.514030151318326300e-01
6.607814877742900217e-01
6.547631037341802296e-01
6.574303541056579769e-01
6.531391656802696399e-01
6.632393246239763895e-01
6.567886208898370271e-01
6.575657517446096278e-01
6.530614047118791232e-01
