9.463714868644039768e-01
9.899999999999999911e-01
9.899999999999999911e-01
9.899999999999993250e-01
7.940459523411954601e-01
9.899999999999999911e-01
9.899999999999999911e-01
9.899999999999999911e-01
9.066581940334911272e-01
9.899999999999999911e-01
9.899999999999999911e-01
9.899999999999999911e-01
8.739428302923167857e-01
9.899999999999999911e-01
9.899999999999999911e-01
9.899999999999999911e-01
9.511042976686236994e-01
9.899999999999999911e-01
9.899999999999999911e-01
9.899999999999999911e-01
8.810372378351902789e-01
9.899999999999999911e-01
9.899999999999999911e-01
9.899999999999999911e-01
9.651499088522252912e-01
9.899999999999999911e-01
9.899999999999999911e-01
9.899999999999999911e-01
9.373679008867343843e-01
9.899999999999999911e-01
9.899999999999999911e-01
9.899999999999999911e-01
9.479794248944256596e-01
9.899999999999999911e-01
9.899999999999999911e-01
9.899999999999999911e-01
9.633685889584213680e-01
9.899999999999999911e-01
9.899999999999999911e-01
9.899999999999999911e-01
9.497290656161569977e-01
9.899999999999999911e-01
9.899999999999999911e-01
9.899999999999999911e-01
9.559977634916425604e-01
9.899999999999999911e-01
9.899999999999999911e-01
9.899999999999999911e-01
9.618217519667358051e-01
9.899999999999999911e-01
9.899999999999999911e-01
9.899999999999999911e-01
9.513492982748195104e-01
9.899999999999999911e-01
9.899999999999999911e-01
9.899999999999999911e-01
7.842824380942835516e-01
9.899999999999999911e-01
9.899999999999999911e-01
9.899999999999999911e-01
8.607215441306023118e-01
9.899999999999999911e-01
9.899999999999999911e-01
9.899999999999999911e-01
8.117701811620926522e-01
9.899999999999999911e-01
9.899999999999999911e-01
9.899999999999999911e-01
8.417365859638589187e-01
9.899999999999999911e-01
9.899999999999999911e-01
9.899999999999999911e-01
9.464851626750953040e-01
9.899999999999999911e-01
9.899999999999999911e-01
9.899999999999999911e-01
9.522078198661999560e-01
9.899999999999999911e-01
9.899999999999997691e-01
9.899999999999999911e-01
9.146153861555115228e-01
9.899999999999999911e-01
9.899999999999999911e-01
9.899999999999999911e-01
9.007186366650112852e-01
9.899999999999999911e-01
9.899999999999999911e-01
9.899999999999999911e-01
9.493460653825142037e-01
9.899999999999999911e-01
9.899999999999999911e-01
9.899999999999999911e-01
9.012015106176749502e-01
9.899999999999999911e-01
9.899999999999999911e-01
9.899999999999999911e-01
8.559979521225546950e-01
9.899999999999999911e-01
9.899999999999999911e-01
9.899999999999999911e-01
8.814006423293868631e-01
9.899999999999999911e-01
9.899999999999999911e-01
9.899999999999999911e-01
8.943988146289714170e-01
9.899999999999999911e-01
9.899999999999999911e-01
9.899999999999999911e-01
8.710856697144576666e-01
9.899999999999999911e-01
8.550265903646662169e-01
9.899999999999999911e-01
9.899999999999999911e-01
9.899999999999999911e-01
9.542020709251051169e-01
9.899999999999999911e-01
7.820354786510403944e-01
9.899999999999999911e-01
9.899999999999999911e-01
9.899999999999999911e-01
8.320071569407444523e-01
9.899999999999999911e-01
9.899999999999999911e-01
9.899999999999999911e-01
7.975622365815218107e-01
9.899999999999999911e-01
9.899999999999999911e-01
9.899999999999999911e-01
8.077386174828228294e-01
9.899999999999999911e-01
9.899999999999999911e-01
9.899999999999999911e-01
8.990111733201272548e-01
9.899999999999999911e-01
9.899999999999999911e-01
9.899999999999999911e-01
9.159487952160740853e-01
9.899999999999999911e-01
9.899999999999999911e-01
9.899999999999999911e-01
9.072333144677293681e-01
9.899999999999999911e-01
9.899999999999999911e-01
8.868926887955492777e-01
9.899999999999999911e-01
9.899999999999999911e-01
9.899999999999999911e-01
8.701821228393933350e-01
9.899999999999999911e-01
9.899999999999999911e-01
9.613398349074036009e-01
9.899999999999999911e-01
9.899999999999999911e-01
9.899999999999999911e-01
8.991637906715876927e-01
9.899999999999999911e-01
9.899999999999999911e-01
9.899999999999999911e-01
9.899999999999999911e-01
9.899999999999999911e-01
9.206870129712233508e-01
9.899999999999999911e-01
9.899999999999999911e-01
9.899999999999999911e-01
9.337338345590812105e-01
9.899999999999999911e-01
9.899999999999999911e-01
9.899999999999999911e-01
9.899999999999999911e-01
9.708278727906041183e-01
9.899999999999999911e-01
9.899999999999999911e-01
9.899999999999999911e-01
9.899999999999999911e-01
8.950781950115799246e-01
9.899999999999999911e-01
9.899999999999999911e-01
9.899999999999999911e-01
9.175339276259504295e-01
9.899999999999999911e-01
9.899999999999999911e-01
9.899999999999999911e-01
9.736637263269045661e-01
9.899999999999999911e-01
9.899999999999999911e-01
9.899999999999999911e-01
9.899999999999999911e-01
9.899999999999999911e-01
9.571987020050706230e-01
9.899999999999999911e-01
9.899999999999999911e-01
9.899999999999999911e-01
8.646260278462853943e-01
9.899999999999999911e-01
9.899999999999999911e-01
9.899999999999999911e-01
8.965689541943659968e-01
9.899999999999999911e-01
9.899999999999999911e-01
9.899999999999999911e-01
7.785636225140561972e-01
9.899999999999999911e-01
9.899999999999999911e-01
9.899999999999999911e-01
9.899999999999999911e-01
9.899999999999999911e-01
9.899999999999999911e-01
9.701961329654260613e-01
9.899999999999999911e-01
9.899999999999999911e-01
9.899999999999999911e-01
9.270708565868286399e-01
9.899999999999999911e-01
9.899999999999999911e-01
9.899999999999999911e-01
8.089443255270465372e-01
9.899999999999999911e-01
9.899999999999999911e-01
9.502167476959906267e-01
9.899999999999999911e-01
9.899999999999999911e-01
8.234613305177611586e-01
9.899999999999999911e-01
9.899999999999999911e-01
9.411342467345447105e-01
9.899999999999999911e-01
9.899999999999999911e-01
9.899999999999999911e-01
7.739250232047023559e-01
9.899999999999999911e-01
9.899999999999999911e-01
9.899999999999999911e-01
9.639457171210910058e-01
9.899999999999999911e-01
9.899999999999999911e-01
9.899999999999999911e-01
7.818438546700861025e-01
9.899999999999999911e-01
9.899999999999999911e-01
9.899999999999999911e-01
8.048096886301721042e-01
9.899999999999999911e-01
9.899999999999999911e-01
9.899999999999999911e-01
8.856668275954960867e-01
9.899999999999999911e-01
9.899999999999999911e-01
9.899999999999999911e-01
8.663268626126898742e-01
8.687226116034896251e-01
9.899999999999999911e-01
9.899999999999999911e-01
9.899999999999999911e-01
8.746453083938916517e-01
9.899999999999999911e-01
9.899999999999999911e-01
9.899999999999999911e-01
8.438259688587411711e-01
9.899999999999999911e-01
9.899999999999999911e-01
9.899999999999999911e-01
9.008666013249352345e-01
9.899999999999999911e-01
9.899999999999999911e-01
9.899999999999999911e-01
9.432469075978869855e-01
9.899999999999999911e-01
9.899999999999999911e-01
9.899999999999999911e-01
8.616509688452423932e-01
9.899999999999999911e-01
9.899999999999999911e-01
9.899999999999999911e-01
9.728040712715669835e-01
9.899999999999999911e-01
9.899999999999999911e-01
9.899999999999999911e-01
9.087526744839642401e-01
9.899999999999999911e-01
9.899999999999999911e-01
9.899999999999999911e-01
9.745640456782180827e-01
9.899999999999999911e-01
9.899999999999999911e-01
9.899999999999999911e-01
7.802323646169800897e-01
9.899999999999999911e-01
9.899999999999999911e-01
9.899999999999999911e-01
9.450506570363448322e-01
9.899999999999999911e-01
9.899999999999999911e-01
9.899999999999999911e-01
9.687993664787702963e-01
9.899999999999999911e-01
9.899999999999999911e-01
9.899999999999999911e-01
7.712243477921272294e-01
9.899999999999999911e-01
9.899999999999999911e-01
9.899999999999999911e-01
8.694321796047009832e-01
9.899999999999999911e-01
9.899999999999999911e-01
9.899999999999999911e-01
8.434167189932441078e-01
9.899999999999999911e-01
9.899999999999999911e-01
9.899999999999999911e-01
9.574457422870018553e-01
9.899999999999999911e-01
9.899999999999999911e-01
9.899999999999999911e-01
8.833708217573991162e-01
9.899999999999999911e-01
9.899999999999999911e-01
9.899999999999999911e-01
8.220388861367566857e-01
9.899999999999999911e-01
9.899999999999999911e-01
9.899999999999999911e-01
9.013899769254600791e-01
9.899999999999999911e-01
9.899999999999999911e-01
9.899999999999999911e-01
8.977926486356609947e-01
9.899999999999999911e-01
9.899999999999999911e-01
9.899999999999999911e-01
8.982795549969222471e-01
9.899999999999999911e-01
9.899999999999999911e-01
9.899999999999999911e-01
9.151025521687871089e-01
9.899999999999999911e-01
9.899999999999999911e-01
9.899999999999999911e-01
9.899999999999999911e-01
9.899999999999999911e-01
9.899999999999999911e-01
9.899999999999999911e-01
9.011804275229605699e-01
9.899999999999999911e-01
9.899999999999999911e-01
9.899999999999999911e-01
9.139126952731426723e-01
9.899999999999999911e-01
9.899999999999999911e-01
9.899999999999999911e-01
9.742967487914897529e-01
9.899999999999999911e-01
9.899999999999999911e-01
9.899999999999999911e-01
8.314413414233678967e-01
9.899999999999999911e-01
9.899999999999999911e-01
9.899999999999999911e-01
9.899999999999999911e-01
7.660382937494717437e-01
9.899999999999999911e-01
9.899999999999999911e-01
9.899999999999999911e-01
8.131200367130264617e-01
9.899999999999999911e-01
9.899999999999999911e-01
9.899999999999999911e-01
9.736111181171723805e-01
9.899999999999999911e-01
9.899999999999999911e-01
9.899999999999999911e-01
9.597856279588202755e-01
9.899999999999999911e-01
9.899999999999999911e-01
8.210648703388753189e-01
9.899999999999999911e-01
9.899999999999999911e-01
9.899999999999999911e-01
9.509773360328460656e-01
9.899999999999999911e-01
9.899999999999999911e-01
9.899999999999999911e-01
7.849167692196615809e-01
9.899999999999999911e-01
9.899999999999999911e-01
9.899999999999999911e-01
9.593817730163942681e-01
9.899999999999999911e-01
9.899999999999999911e-01
8.685245547461953874e-01
9.899999999999999911e-01
9.899999999999999911e-01
9.899999999999999911e-01
8.766307891232960614e-01
9.899999999999999911e-01
9.899999999999999911e-01
9.899999999999999911e-01
8.063812913459184051e-01
9.899999999999999911e-01
9.580172848801956631e-01
9.899999999999999911e-01
9.899999999999999911e-01
9.899999999999999911e-01
8.158317636015902652e-01
9.899999999999999911e-01
9.899999999999999911e-01
9.899999999999999911e-01
9.101530686808383397e-01
9.717984754277803061e-01
9.899999999999999911e-01
9.899999999999999911e-01
9.730622861453191996e-01
9.899999999999999911e-01
9.899999999999999911e-01
9.899999999999999911e-01
8.642811391115646780e-01
9.899999999999999911e-01
9.899999999999999911e-01
9.899999999999999911e-01
9.244888755062330432e-01
9.899999999999999911e-01
9.899999999999999911e-01
9.899999999999999911e-01
8.055851082007987607e-01
9.899999999999999911e-01
9.899999999999999911e-01
9.899999999999999911e-01
9.483345692268996263e-01
9.899999999999999911e-01
9.899999999999999911e-01
9.899999999999999911e-01
9.257754686115371445e-01
9.899999999999999911e-01
9.899999999999999911e-01
9.899999999999999911e-01
8.099504438085873836e-01
9.899999999999999911e-01
9.899999999999999911e-01
9.899999999999999911e-01
8.401420129106598189e-01
9.899999999999999911e-01
9.899999999999999911e-01
9.899999999999999911e-01
9.899999999999999911e-01
9.899999999999999911e-01
9.423090460092200527e-01
9.899999999999999911e-01
9.899999999999999911e-01
9.899999999999999911e-01
9.082072343867292341e-01
9.899999999999999911e-01
9.899999999999999911e-01
9.503299116261400004e-01
9.899999999999999911e-01
9.899999999999999911e-01
9.899999999999999911e-01
8.981739666444635839e-01
9.899999999999999911e-01
8.242982478650988654e-01
9.899999999999999911e-01
9.899999999999999911e-01
9.899999999999999911e-01
9.787286965047647946e-01
9.899999999999999911e-01
9.899999999999999911e-01
9.899999999999999911e-01
9.211438987714666293e-01
9.899999999999999911e-01
9.899999999999999911e-01
9.899999999999999911e-01
8.324505972769145057e-01
9.899999999999999911e-01
9.899999999999999911e-01
9.899999999999999911e-01
7.969720171545273679e-01
9.899999999999999911e-01
9.899999999999999911e-01
9.899999999999999911e-01
9.315250163856531040e-01
9.899999999999999911e-01
9.899999999999999911e-01
9.899999999999999911e-01
8.403413951263044579e-01
9.899999999999999911e-01
9.899999999999999911e-01
9.899999999999999911e-01
9.489237032547188644e-01
9.899999999999999911e-01
9.899999999999999911e-01
9.899999999999999911e-01
8.626147315140414440e-01
9.899999999999999911e-01
9.899999999999999911e-01
9.899999999999999911e-01
8.079089027100591069e-01
9.899999999999999911e-01
9.899999999999999911e-01
9.899999999999999911e-01
9.703287770833665116e-01
9.899999999999999911e-01
9.899999999999999911e-01
9.899999999999999911e-01
8.012377323815801367e-01
9.899999999999999911e-01
9.899999999999999911e-01
9.899999999999999911e-01
9.795411643019901193e-01
9.899999999999999911e-01
9.899999999999999911e-01
9.899999999999999911e-01
8.532796615912444649e-01
9.899999999999999911e-01
9.899999999999999911e-01
9.899999999999999911e-01
9.189672693877748433e-01
9.899999999999999911e-01
9.899999999999999911e-01
9.899999999999999911e-01
7.795696974146977265e-01
9.899999999999999911e-01
9.899999999999999911e-01
9.899999999999999911e-01
9.697649876625022980e-01
9.899999999999999911e-01
9.899999999999999911e-01
9.899999999999999911e-01
8.305146697900414043e-01
9.899999999999999911e-01
9.899999999999999911e-01
9.899999999999999911e-01
8.730484979418411395e-01
9.899999999999999911e-01
9.899999999999999911e-01
9.899999999999999911e-01
8.603828169371221524e-01
9.899999999999999911e-01
9.899999999999999911e-01
9.899999999999999911e-01
7.944526065277530691e-01
9.899999999999999911e-01
9.899999999999999911e-01
9.899999999999999911e-01
8.557991462622593914e-01
9.899999999999999911e-01
9.899999999999999911e-01
9.899999999999999911e-01
7.893903651144228428e-01
9.899999999999999911e-01
9.899999999999999911e-01
9.899999999999999911e-01
8.550878807378479163e-01
9.899999999999999911e-01
9.899999999999999911e-01
9.899999999999999911e-01
9.372691645667515781e-01
9.899999999999999911e-01
9.899999999999999911e-01
7.827234741187232281e-01
9.899999999999999911e-01
9.899999999999999911e-01
9.899999999999999911e-01
7.749670998996949223e-01
8.583499856567540220e-01
9.899999999999999911e-01
9.899999999999999911e-01
9.899999999999999911e-01
9.170691601243579072e-01
9.899999999999999911e-01
9.899999999999999911e-01
9.899999999999999911e-01
8.268371681041283283e-01
9.899999999999999911e-01
9.899999999999999911e-01
9.899999999999999911e-01
8.017124973257672149e-01
9.899999999999999911e-01
9.899999999999999911e-01
9.899999999999999911e-01
7.963628001319759120e-01
9.899999999999999911e-01
9.899999999999999911e-01
9.899999999999999911e-01
8.955366596290256220e-01
9.899999999999999911e-01
9.899999999999999911e-01
9.899999999999999911e-01
7.651708111864794493e-01
9.899999999999999911e-01
9.899999999999999911e-01
9.899999999999999911e-01
8.458112345313848479e-01
9.899999999999999911e-01
9.899999999999999911e-01
9.899999999999999911e-01
8.417032013162573101e-01
9.899999999999999911e-01
9.899999999999999911e-01
9.899999999999999911e-01
9.533875561089436568e-01
9.899999999999999911e-01
9.899999999999999911e-01
9.899999999999999911e-01
8.660080176805068364e-01
9.899999999999999911e-01
9.899999999999999911e-01
9.899999999999999911e-01
9.486862110357097144e-01
9.899999999999999911e-01
9.899999999999999911e-01
8.971738599735813446e-01
9.899999999999999911e-01
9.899999999999999911e-01
9.899999999999999911e-01
8.582930098984951073e-01
9.899999999999999911e-01
9.899999999999999911e-01
9.014835488385557483e-01
9.899999999999999911e-01
9.899999999999999911e-01
9.899999999999999911e-01
8.717160572050837164e-01
9.899999999999999911e-01
9.899999999999999911e-01
9.899999999999999911e-01
7.791868019974836912e-01
9.899999999999999911e-01
9.899999999999999911e-01
9.899999999999999911e-01
8.540412601539690840e-01
9.899999999999999911e-01
9.239936603581363483e-01
9.899999999999999911e-01
9.899999999999999911e-01
9.899999999999999911e-01
8.054809420370806494e-01
9.899999999999999911e-01
9.899999999999999911e-01
9.899999999999999911e-01
7.754744948464352694e-01
9.899999999999999911e-01
9.899999999999999911e-01
9.899999999999999911e-01
8.343334653197058692e-01
9.899999999999999911e-01
9.899999999999999911e-01
9.899999999999999911e-01
8.321057207110450493e-01
9.899999999999999911e-01
9.899999999999999911e-01
8.898568209447367261e-01
9.899999999999999911e-01
9.899999999999999911e-01
9.460821525741023308e-01
9.899999999999999911e-01
9.899999999999999911e-01
9.899999999999999911e-01
8.656335635611458468e-01
9.899999999999999911e-01
9.899999999999999911e-01
9.899999999999999911e-01
8.118831409013640421e-01
9.899999999999999911e-01
9.899999999999999911e-01
9.899999999999999911e-01
9.103396000643496633e-01
9.899999999999999911e-01
9.899999999999999911e-01
9.899999999999999911e-01
9.592469915472661146e-01
9.899999999999999911e-01
9.899999999999999911e-01
8.104710360879054942e-01
9.899999999999999911e-01
9.899999999999999911e-01
9.899999999999999911e-01
8.591859694772518985e-01
9.899999999999999911e-01
9.899999999999999911e-01
9.899999999999999911e-01
8.676383831408078784e-01
9.899999999999999911e-01
9.899999999999999911e-01
9.899999999999999911e-01
8.075644101581909151e-01
9.899999999999999911e-01
9.899999999999997691e-01
9.899999999999999911e-01
9.037833055963776507e-01
9.899999999999999911e-01
9.899999999999999911e-01
9.899999999999999911e-01
8.019033412992795373e-01
9.899999999999999911e-01
9.899999999999999911e-01
9.899999999999999911e-01
9.421266911220125273e-01
9.899999999999999911e-01
9.899999999999999911e-01
9.899999999999999911e-01
8.250378898722137144e-01
9.899999999999999911e-01
9.899999999999999911e-01
9.899999999999999911e-01
8.791136272966648679e-01
9.899999999999999911e-01
9.899999999999999911e-01
9.899999999999999911e-01
9.092580017370197609e-01
9.899999999999999911e-01
9.899999999999999911e-01
9.899999999999999911e-01
8.044370343498908893e-01
9.899999999999999911e-01
9.899999999999999911e-01
9.899999999999999911e-01
9.034095680104650139e-01
9.899999999999999911e-01
8.444664355751690943e-01
9.899999999999999911e-01
9.899999999999999911e-01
9.899999999999999911e-01
9.288027790862084521e-01
9.899999999999999911e-01
9.899999999999999911e-01
9.899999999999999911e-01
8.318164126324834040e-01
9.899999999999999911e-01
9.899999999999999911e-01
7.789341127187412450e-01
9.899999999999999911e-01
9.899999999999999911e-01
9.899999999999999911e-01
7.754632069190915411e-01
9.899999999999999911e-01
9.899999999999999911e-01
9.899999999999999911e-01
8.670637629084149145e-01
9.899999999999999911e-01
9.899999999999999911e-01
9.370723694170528528e-01
9.899999999999999911e-01
9.899999999999999911e-01
9.899999999999999911e-01
9.356872669961509015e-01
9.899999999999999911e-01
9.899999999999999911e-01
8.083675790884951029e-01
9.899999999999999911e-01
9.899999999999999911e-01
9.899999999999999911e-01
9.774952354430085366e-01
9.899999999999999911e-01
9.899999999999999911e-01
9.899999999999999911e-01
8.058730596012825265e-01
9.899999999999999911e-01
9.899999999999999911e-01
9.899999999999999911e-01
8.516685436907258655e-01
9.899999999999999911e-01
9.899999999999999911e-01
9.899999999999999911e-01
9.551780471940493067e-01
9.899999999999999911e-01
9.899999999999999911e-01
9.899999999999999911e-01
8.921166685570012245e-01
9.899999999999999911e-01
9.899999999999999911e-01
8.973325827206167782e-01
9.899999999999999911e-01
9.899999999999999911e-01
9.899999999999999911e-01
8.835230071634813109e-01
9.899999999999999911e-01
9.899999999999999911e-01
9.899999999999999911e-01
7.994634208799049624e-01
9.899999999999999911e-01
9.899999999999999911e-01
9.899999999999999911e-01
8.692026829475064664e-01
9.899999999999999911e-01
7.850602820982783836e-01
9.899999999999999911e-01
9.899999999999999911e-01
8.695099241480722663e-01
9.899999999999999911e-01
9.899999999999999911e-01
9.899999999999999911e-01
9.543880420062601511e-01
9.899999999999999911e-01
9.899999999999999911e-01
9.899999999999999911e-01
9.195636824679449539e-01
9.899999999999999911e-01
9.899999999999999911e-01
8.214577155559941168e-01
9.899999999999999911e-01
9.899999999999999911e-01
9.899999999999999911e-01
9.543661391768192281e-01
9.899999999999999911e-01
9.899999999999999911e-01
9.899999999999999911e-01
8.363027915679922542e-01
9.899999999999999911e-01
9.899999999999999911e-01
9.637508748543440751e-01
9.899999999999999911e-01
9.899999999999999911e-01
9.899999999999999911e-01
8.068553892664098726e-01
9.899999999999999911e-01
9.899999999999999911e-01
9.501805045406703787e-01
9.899999999999999911e-01
9.899999999999999911e-01
9.899999999999999911e-01
8.742204369897892402e-01
9.899999999999999911e-01
9.899999999999999911e-01
9.899999999999999911e-01
9.475360912028786275e-01
9.899999999999999911e-01
9.899999999999999911e-01
9.899999999999999911e-01
8.896485544364304276e-01
9.899999999999999911e-01
9.899999999999999911e-01
9.899999999999999911e-01
8.482211049884239573e-01
9.899999999999999911e-01
9.899999999999999911e-01
9.899999999999999911e-01
9.509578982420058280e-01
9.899999999999999911e-01
9.899999999999999911e-01
9.899999999999999911e-01
8.686296979821759301e-01
9.899999999999999911e-01
9.899999999999999911e-01
9.697850704741636241e-01
9.899999999999999911e-01
9.899999999999999911e-01
9.899999999999999911e-01
9.130278881896702892e-01
9.899999999999999911e-01
9.274665236711452376e-01
9.899999999999999911e-01
9.899999999999999911e-01
9.899999999999999911e-01
8.082976429937019924e-01
9.899999999999999911e-01
9.899999999999999911e-01
9.899999999999999911e-01
9.560950160165785361e-01
9.899999999999999911e-01
9.899999999999999911e-01
9.899999999999999911e-01
9.163083928607448359e-01
9.899999999999999911e-01
9.899999999999999911e-01
8.047121522478501987e-01
9.899999999999999911e-01
9.899999999999999911e-01
9.899999999999999911e-01
9.483207914691468288e-01
9.899999999999999911e-01
9.899999999999999911e-01
9.899999999999999911e-01
9.535758713954125554e-01
9.899999999999999911e-01
9.899999999999999911e-01
9.899999999999999911e-01
8.932249685319890720e-01
9.899999999999999911e-01
9.899999999999999911e-01
9.899999999999999911e-01
8.013717293244657647e-01
9.899999999999999911e-01
9.899999999999999911e-01
9.899999999999999911e-01
8.133467359220801773e-01
9.899999999999999911e-01
9.899999999999999911e-01
9.899999999999999911e-01
8.215867571791911628e-01
9.899999999999999911e-01
9.899999999999999911e-01
7.921200624448163641e-01
9.899999999999999911e-01
9.899999999999999911e-01
9.899999999999999911e-01
9.330621701380130695e-01
9.899999999999999911e-01
9.899999999999999911e-01
7.766307801428844471e-01
9.899999999999999911e-01
9.899999999999999911e-01
9.899999999999999911e-01
9.528466703515747760e-01
9.899999999999999911e-01
7.883012067610696283e-01
9.899999999999999911e-01
9.899999999999999911e-01
7.824765209915421904e-01
9.899999999999999911e-01
9.899999999999999911e-01
9.403776176249794005e-01
9.899999999999999911e-01
9.899999999999999911e-01
9.523267196697637882e-01
9.899999999999999911e-01
9.899999999999999911e-01
9.899999999999999911e-01
9.704968239206426261e-01
9.899999999999999911e-01
9.899999999999999911e-01
8.255690986628757555e-01
9.899999999999999911e-01
9.899999999999999911e-01
9.899999999999999911e-01
8.475470065502137551e-01
9.899999999999999911e-01
9.899999999999999911e-01
9.899999999999999911e-01
8.849329088416916234e-01
9.899999999999999911e-01
9.899999999999999911e-01
9.899999999999999911e-01
9.662424428310035784e-01
9.899999999999999911e-01
9.899999999999999911e-01
9.099710551152117022e-01
9.899999999999999911e-01
9.899999999999999911e-01
9.899999999999999911e-01
9.140712648409116126e-01
9.899999999999999911e-01
9.899999999999999911e-01
9.352021086339094014e-01
9.899999999999999911e-01
9.899999999999999911e-01
9.899999999999999911e-01
9.695746860925081867e-01
9.899999999999999911e-01
9.899999999999999911e-01
9.899999999999999911e-01
9.899999999999999911e-01
9.899999999999999911e-01
9.289217449634745716e-01
9.899999999999999911e-01
9.899999999999999911e-01
8.146034847029574033e-01
9.899999999999999911e-01
9.899999999999999911e-01
9.899999999999999911e-01
8.609673579936016896e-01
9.899999999999999911e-01
9.899999999999999911e-01
9.899999999999999911e-01
8.548799891820831887e-01
9.899999999999999911e-01
7.655549757810274913e-01
9.899999999999999911e-01
9.899999999999999911e-01
9.168859003098066562e-01
9.899999999999999911e-01
9.899999999999999911e-01
9.899999999999999911e-01
8.969118275241417804e-01
9.899999999999999911e-01
9.899999999999999911e-01
9.899999999999999911e-01
8.513346697914865313e-01
9.899999999999999911e-01
9.899999999999999911e-01
8.475831209734859817e-01
9.899999999999999911e-01
9.899999999999999911e-01
9.899999999999999911e-01
9.009947020313701094e-01
9.899999999999999911e-01
9.899999999999999911e-01
9.899999999999999911e-01
9.620673447796568301e-01
9.899999999999999911e-01
9.899999999999999911e-01
9.899999999999999911e-01
8.753448841087237975e-01
9.899999999999999911e-01
9.899999999999999911e-01
9.899999999999999911e-01
8.802633116310487615e-01
9.899999999999999911e-01
9.899999999999999911e-01
9.899999999999999911e-01
9.023472585138420099e-01
9.899999999999999911e-01
9.899999999999999911e-01
9.899999999999999911e-01
8.272974384186235763e-01
9.899999999999999911e-01
9.899999999999999911e-01
9.899999999999999911e-01
8.410728452455098481e-01
9.899999999999999911e-01
9.899999999999999911e-01
9.899999999999999911e-01
9.158797512348576531e-01
9.899999999999999911e-01
9.899999999999999911e-01
9.899999999999999911e-01
8.491886146998864904e-01
9.899999999999999911e-01
9.899999999999999911e-01
9.899999999999999911e-01
8.562920870786623340e-01
9.899999999999999911e-01
9.899999999999999911e-01
9.089815667866510962e-01
9.899999999999999911e-01
9.899999999999999911e-01
9.899999999999999911e-01
