9.262682091048831667e-01
9.899999999999999911e-01
9.899999999999999911e-01
9.899999999999997691e-01
7.502793602656006033e-01
9.899999999999999911e-01
9.899999999999999911e-01
9.899999999999999911e-01
8.825847469694309000e-01
9.899999999999999911e-01
9.899999999999999911e-01
9.899999999999999911e-01
8.306402380972724986e-01
9.899999999999999911e-01
9.899999999999999911e-01
9.899999999999999911e-01
9.045972085857629796e-01
9.899999999999999911e-01
9.899999999999999911e-01
9.899999999999999911e-01
8.379136473479267266e-01
9.899999999999999911e-01
9.899999999999999911e-01
9.899999999999999911e-01
9.166519440483168468e-01
9.899999999999999911e-01
9.899999999999999911e-01
9.899999999999999911e-01
8.888922070685555399e-01
9.899999999999999911e-01
9.899999999999999911e-01
9.899999999999999911e-01
8.996956631025526674e-01
9.899999999999999911e-01
9.899999999999999911e-01
9.899999999999999911e-01
9.206875750288646687e-01
9.899999999999999911e-01
9.899999999999999911e-01
9.899999999999999911e-01
9.014243965557439120e-01
9.899999999999999911e-01
9.899999999999999911e-01
9.899999999999999911e-01
9.180103853719653317e-01
9.899999999999999911e-01
9.899999999999999911e-01
9.899999999999999911e-01
9.184807020424244905e-01
9.899999999999999911e-01
9.881862527914038186e-01
9.899999999999999911e-01
9.057441512669697214e-01
9.899999999999999911e-01
9.899999999999999911e-01
9.899999999999999911e-01
7.411443061315092784e-01
9.899999999999999911e-01
9.899999999999999911e-01
9.899999999999999911e-01
8.141109141250739700e-01
9.899999999999999911e-01
9.899999999999999911e-01
9.899999999999999911e-01
7.674614800271146731e-01
9.899999999999999911e-01
9.899999999999999911e-01
9.899999999999999911e-01
7.983517959918712270e-01
9.899999999999999911e-01
9.899999999999999911e-01
9.899999999999999911e-01
9.025173413929832300e-01
9.899999999999999911e-01
9.899999999999999911e-01
9.899999999999999911e-01
9.244137904250424587e-01
9.899999999999999911e-01
9.899999999999997691e-01
9.899999999999999911e-01
8.817471513104047087e-01
9.899999999999999911e-01
9.899999999999999911e-01
9.899999999999999911e-01
8.572591715060676743e-01
9.899999999999999911e-01
9.899999999999999911e-01
9.899999999999999911e-01
9.058025169854353464e-01
9.899999999999999911e-01
9.899999999999999911e-01
9.899999999999999911e-01
8.569126113216642970e-01
9.899999999999999911e-01
9.899999999999999911e-01
9.899999999999999911e-01
8.078355310511123877e-01
9.899999999999999911e-01
9.899999999999999911e-01
9.899999999999999911e-01
8.339296888577008016e-01
9.899999999999999911e-01
9.899999999999999911e-01
9.899999999999999911e-01
8.492488609402374378e-01
9.899999999999999911e-01
9.899999999999999911e-01
9.899999999999999911e-01
8.285677325195989207e-01
9.899999999999999911e-01
8.076876456885502265e-01
9.899999999999999911e-01
9.899999999999999911e-01
9.899999999999999911e-01
9.163581493255323895e-01
9.899999999999999911e-01
7.381648343246201005e-01
9.899999999999999911e-01
9.899999999999999911e-01
9.899999999999999911e-01
7.867104868166078235e-01
9.899999999999999911e-01
9.899999999999999911e-01
9.899999999999999911e-01
7.489894761966267023e-01
9.899999999999999911e-01
9.899999999999999911e-01
9.899999999999999911e-01
7.611653489126735117e-01
9.899999999999999911e-01
9.899999999999999911e-01
9.899999999999999911e-01
8.506541576992053821e-01
9.899999999999999911e-01
9.899999999999999911e-01
9.899999999999999911e-01
8.724071589376237723e-01
9.899999999999999911e-01
9.899999999999999911e-01
9.899999999999999911e-01
8.850443727912220560e-01
9.899999999999999911e-01
9.899999999999999911e-01
8.582571427611029868e-01
9.899999999999999911e-01
9.899999999999999911e-01
9.899999999999999911e-01
8.417787295215320986e-01
9.899999999999999911e-01
9.899999999999999911e-01
9.488621998699655613e-01
9.899999999999999911e-01
9.899999999999999911e-01
9.899999999999999911e-01
8.649868876109859661e-01
9.899999999999999911e-01
9.899999999999999911e-01
9.899999999999999911e-01
9.899999999999999911e-01
9.899999999999999911e-01
8.898982705458521325e-01
9.899999999999999911e-01
9.899999999999999911e-01
9.899999999999999911e-01
8.984446682632502013e-01
9.899999999999999911e-01
9.899999999999999911e-01
9.899999999999999911e-01
9.899999999999999911e-01
9.302348131443025636e-01
9.899999999999999911e-01
9.899999999999999911e-01
9.899999999999999911e-01
9.899999999999999911e-01
8.606954452112796083e-01
9.899999999999999911e-01
9.824960195371164051e-01
9.899999999999999911e-01
8.880493068643589005e-01
9.899999999999999911e-01
9.899999999999999911e-01
9.898185918235062886e-01
9.366851914523723899e-01
9.899999999999999911e-01
9.899999999999999911e-01
9.899999999999999911e-01
9.899999999999999911e-01
9.899999999999999911e-01
9.193151172231895929e-01
9.899999999999999911e-01
9.899999999999999911e-01
9.899999999999999911e-01
8.287654124960261992e-01
9.899999999999999911e-01
9.899999999999999911e-01
9.899999999999999911e-01
8.480242200230363459e-01
9.899999999999999911e-01
9.899999999999999911e-01
9.899999999999999911e-01
7.311981966366288832e-01
9.899999999999999911e-01
9.899999999999999911e-01
9.899999999999999911e-01
9.899999999999999911e-01
9.899999999999999911e-01
9.899999999999999911e-01
9.601550780353598213e-01
9.899999999999999911e-01
9.899999999999999911e-01
9.899999999999999911e-01
8.830661164562875198e-01
9.899999999999999911e-01
9.899999999999999911e-01
9.899999999999999911e-01
7.693977637354144639e-01
9.899999999999999911e-01
9.899999999999999911e-01
9.154400078530712248e-01
9.899999999999999911e-01
9.899999999999999911e-01
7.824404784929276380e-01
9.899999999999999911e-01
9.899999999999999911e-01
9.050154623386075237e-01
9.885928613375810636e-01
9.899999999999999911e-01
9.899999999999999911e-01
7.284863407380035571e-01
9.884327810086767085e-01
9.899999999999999911e-01
9.899999999999999911e-01
9.336498456236758114e-01
9.899999999999999911e-01
9.899999999999999911e-01
9.899999999999999911e-01
7.362154247543134522e-01
9.861212957909730736e-01
9.899999999999999911e-01
9.899999999999999911e-01
7.565341414273146770e-01
9.899999999999999911e-01
9.899999999999999911e-01
9.899999999999999911e-01
8.372346173749927178e-01
9.899999999999999911e-01
9.899999999999999911e-01
9.899999999999999911e-01
8.313975055376470191e-01
8.206981982157304234e-01
9.899999999999999911e-01
9.899999999999999911e-01
9.899999999999999911e-01
8.292621684489450695e-01
9.899999999999999911e-01
9.899999999999999911e-01
9.899999999999999911e-01
8.006910497049761766e-01
9.899999999999999911e-01
9.828203016930070479e-01
9.899999999999999911e-01
8.575948376845226040e-01
9.899999999999999911e-01
9.897225954596980957e-01
9.899999999999999911e-01
8.989524574428663373e-01
9.899999999999999911e-01
9.899999999999999911e-01
9.899999999999999911e-01
8.179876068194916749e-01
9.899999999999999911e-01
9.899999999999999911e-01
9.899999999999999911e-01
9.295186571300385614e-01
9.899999999999999911e-01
9.899999999999999911e-01
9.899999999999999911e-01
8.817918429931671520e-01
9.899999999999999911e-01
9.899999999999999911e-01
9.899999999999999911e-01
9.285584842763805469e-01
9.899999999999999911e-01
9.805162013867454451e-01
9.899999999999999911e-01
7.349302433372174592e-01
9.899999999999999911e-01
9.899999999999999911e-01
9.899999999999999911e-01
9.010832826079396840e-01
9.899999999999999911e-01
9.899999999999999911e-01
9.899999999999999911e-01
9.211997950310681915e-01
9.899999999999999911e-01
9.899999999999999911e-01
9.899999999999999911e-01
7.227560466016664797e-01
9.899999999999999911e-01
9.899999999999999911e-01
9.899999999999999911e-01
8.219046478657926480e-01
9.899999999999999911e-01
9.899999999999999911e-01
9.899999999999999911e-01
7.999419645898129261e-01
9.899999999999999911e-01
9.899999999999999911e-01
9.899999999999999911e-01
9.136435212940591244e-01
9.899999999999999911e-01
9.899999999999999911e-01
9.899999999999999911e-01
8.381735854984949663e-01
9.899999999999999911e-01
9.899999999999999911e-01
9.899999999999999911e-01
7.747334273029741203e-01
9.899999999999999911e-01
9.899999999999999911e-01
9.899999999999999911e-01
8.567723537800921996e-01
9.899999999999999911e-01
9.899999999999999911e-01
9.899999999999999911e-01
8.547166531632646169e-01
9.899999999999999911e-01
9.899999999999999911e-01
9.899999999999999911e-01
8.500895502789075353e-01
9.899999999999999911e-01
9.899999999999999911e-01
9.899999999999999911e-01
8.665559315999836754e-01
9.899999999999999911e-01
9.899999999999999911e-01
9.899999999999999911e-01
9.899999999999999911e-01
9.870787530860309911e-01
9.899999999999999911e-01
9.899999999999999911e-01
8.697378814982984485e-01
9.899999999999999911e-01
9.899999999999999911e-01
9.899999999999999911e-01
8.655765010901130818e-01
9.899999999999999911e-01
9.899999999999999911e-01
9.899999999999999911e-01
9.680328254480943251e-01
9.899999999999999911e-01
9.899999999999999911e-01
9.899999999999999911e-01
7.953701630039784476e-01
9.899999999999999911e-01
9.899999999999999911e-01
9.899999999999999911e-01
9.837938637263564656e-01
7.185380887324117616e-01
9.899999999999999911e-01
9.899999999999999911e-01
9.899999999999999911e-01
7.715631617017675303e-01
9.899999999999999911e-01
9.899999999999999911e-01
9.894944917384630445e-01
9.306246628702717905e-01
9.899999999999999911e-01
9.899999999999999911e-01
9.899999999999999911e-01
9.126330838016024627e-01
9.899999999999999911e-01
9.899999999999999911e-01
7.725737481501697701e-01
9.894752667416546466e-01
9.863380445407819996e-01
9.899999999999999911e-01
9.045094743637115409e-01
9.899999999999999911e-01
9.899999999999999911e-01
9.899999999999999911e-01
7.415466891373265756e-01
9.795018907989645474e-01
9.899999999999999911e-01
9.899999999999999911e-01
9.194430476844389633e-01
9.899999999999999911e-01
9.899999999999999911e-01
8.201315219817337798e-01
9.899999999999999911e-01
9.899999999999999911e-01
9.899999999999999911e-01
8.329860264251377489e-01
9.899999999999999911e-01
9.899999999999999911e-01
9.899999999999999911e-01
7.647458745590786089e-01
9.894129320268775230e-01
9.369585163556212182e-01
9.899999999999999911e-01
9.899999999999999911e-01
9.899999999999999911e-01
7.726438281544248943e-01
9.899999999999999911e-01
9.899999999999999911e-01
9.879146735898433063e-01
8.662349378369696984e-01
9.249023980478759954e-01
9.899999999999999911e-01
9.899999999999999911e-01
9.291992426572187602e-01
9.899999999999999911e-01
9.899999999999999911e-01
9.899999999999999911e-01
8.200586346837303031e-01
9.899999999999999911e-01
9.899999999999999911e-01
9.899999999999999911e-01
8.812977634182201925e-01
9.899999999999999911e-01
9.899999999999999911e-01
9.899999999999999911e-01
7.571985634287307088e-01
9.899999999999999911e-01
9.899999999999999911e-01
9.899999999999999911e-01
9.032600838233306728e-01
9.899999999999999911e-01
9.899999999999999911e-01
9.899999999999999911e-01
8.826332662227492909e-01
9.899999999999999911e-01
9.899999999999999911e-01
9.899999999999999911e-01
7.623969058606886451e-01
9.899999999999999911e-01
9.899999999999999911e-01
9.899999999999999911e-01
7.949619400797012236e-01
9.899999999999999911e-01
9.899999999999999911e-01
9.899999999999999911e-01
9.899999999999999911e-01
9.899999999999999911e-01
9.076361858798591697e-01
9.899999999999999911e-01
9.899999999999999911e-01
9.899999999999999911e-01
8.702360530549880790e-01
9.899999999999999911e-01
9.899999999999999911e-01
9.046338946549569160e-01
9.899999999999999911e-01
9.899999999999999911e-01
9.899999999999999911e-01
8.619602312531146060e-01
9.899999999999999911e-01
7.764981986623228361e-01
9.899999999999999911e-01
9.899999999999999911e-01
9.899999999999999911e-01
9.734928451462872001e-01
9.899999999999999911e-01
9.899999999999999911e-01
9.899999999999999911e-01
8.743385733363175927e-01
9.899999999999999911e-01
9.899999999999999911e-01
9.899999999999999911e-01
7.845866549423634595e-01
9.899999999999999911e-01
9.899999999999999911e-01
9.899999999999999911e-01
7.483972528023933313e-01
9.899999999999999911e-01
9.899999999999999911e-01
9.899999999999999911e-01
8.943281906286152383e-01
9.899999999999999911e-01
9.899999999999999911e-01
9.899999999999999911e-01
7.919142412619937232e-01
9.899999999999999911e-01
9.899999999999999911e-01
9.899999999999999911e-01
9.019230261746711275e-01
9.899999999999999911e-01
9.899999999999999911e-01
9.899999999999999911e-01
8.151532549211109036e-01
9.899999999999999911e-01
9.899999999999999911e-01
9.899999999999999911e-01
7.658242843723516158e-01
9.899999999999999911e-01
9.899999999999999911e-01
9.899999999999999911e-01
9.272685783434582163e-01
9.899999999999999911e-01
9.899999999999999911e-01
9.899999999999999911e-01
7.530249704515339371e-01
9.899999999999999911e-01
9.899999999999999911e-01
9.899999999999999911e-01
9.753325393301200963e-01
9.899999999999999911e-01
9.899999999999999911e-01
9.899999999999999911e-01
8.143069551065539313e-01
9.899999999999999911e-01
9.899999999999999911e-01
9.899999999999999911e-01
8.865967389800388787e-01
9.899999999999999911e-01
9.899999999999999911e-01
9.899999999999999911e-01
7.338141343348960621e-01
9.899999999999999911e-01
9.899999999999999911e-01
9.899999999999999911e-01
9.220605578311089623e-01
9.899999999999999911e-01
9.899999999999999911e-01
9.899999999999999911e-01
7.916113935901817333e-01
9.899999999999999911e-01
9.899999999999999911e-01
9.899999999999999911e-01
8.256253446694872267e-01
9.899999999999999911e-01
9.899999999999999911e-01
9.899999999999999911e-01
8.119986099716153261e-01
9.899999999999999911e-01
9.899999999999999911e-01
9.899999999999999911e-01
7.498903025971382919e-01
9.899999999999999911e-01
9.899999999999999911e-01
9.899999999999999911e-01
8.077560574356039691e-01
9.899999999999999911e-01
9.899999999999999911e-01
9.899999999999999911e-01
7.408523309601863227e-01
9.899999999999999911e-01
9.899999999999999911e-01
9.899999999999999911e-01
8.090353414105578844e-01
9.899999999999999911e-01
9.899999999999999911e-01
9.899999999999999911e-01
8.987922058105297651e-01
9.899999999999999911e-01
9.899999999999999911e-01
7.347482888805478840e-01
9.899999999999999911e-01
9.899999999999999911e-01
9.899999999999999911e-01
7.297648586996989817e-01
8.104956697112417618e-01
9.899999999999999911e-01
9.899999999999999911e-01
9.899999999999999911e-01
8.974563505368028382e-01
9.899999999999999911e-01
9.899999999999999911e-01
9.899999999999999911e-01
7.799874524791253760e-01
9.899999999999999911e-01
9.899999999999999911e-01
9.899999999999999911e-01
7.587260859552656944e-01
9.899999999999999911e-01
9.899999999999999911e-01
9.899999999999999911e-01
7.526444556976360500e-01
9.899999999999999911e-01
9.899999999999999911e-01
9.899999999999999911e-01
8.469789230743602904e-01
9.899999999999999911e-01
9.899999999999999911e-01
9.899999999999999911e-01
7.178917801237510998e-01
9.899999999999999911e-01
9.899999999999999911e-01
9.899999999999999911e-01
7.973970109789871863e-01
9.899999999999999911e-01
9.899999999999999911e-01
9.899999999999999911e-01
7.934908686428534530e-01
9.899999999999999911e-01
9.899999999999999911e-01
9.899999999999999911e-01
9.126265971840957780e-01
9.881299432108300307e-01
9.899999999999999911e-01
9.899999999999999911e-01
8.284167593658859907e-01
9.899999999999999911e-01
9.899999999999999911e-01
9.899999999999999911e-01
9.241376141670116784e-01
9.899999999999999911e-01
9.899999999999999911e-01
8.544519475351314286e-01
9.899999999999999911e-01
9.899999999999999911e-01
9.899999999999999911e-01
8.266762138484755607e-01
9.899999999999999911e-01
9.899999999999999911e-01
8.644927847757134520e-01
9.899999999999999911e-01
9.899999999999999911e-01
9.899999999999999911e-01
8.271459206783488005e-01
9.899999999999999911e-01
9.899999999999999911e-01
9.899999999999999911e-01
7.327264967564500742e-01
9.899999999999999911e-01
9.899999999999999911e-01
9.899999999999999911e-01
8.205050327550008626e-01
9.899999999999999911e-01
8.812203885595927266e-01
9.899999999999999911e-01
9.899999999999999911e-01
9.899999999999999911e-01
7.573599645448172435e-01
9.899999999999999911e-01
9.899999999999999911e-01
9.899999999999999911e-01
7.303612756113070370e-01
9.899999999999999911e-01
9.899999999999999911e-01
9.899999999999999911e-01
7.912832366554861663e-01
9.899999999999999911e-01
9.899999999999999911e-01
9.899999999999999911e-01
7.860684221077446354e-01
9.899999999999999911e-01
9.899999999999999911e-01
8.469979177259020497e-01
9.899999999999999911e-01
9.899999999999999911e-01
9.027616791437834687e-01
9.899999999999999911e-01
9.899999999999999911e-01
9.899999999999999911e-01
8.179692902350892414e-01
9.899999999999999911e-01
9.899999999999999911e-01
9.899999999999999911e-01
7.683188241681279118e-01
9.899999999999999911e-01
9.899999999999999911e-01
9.899999999999999911e-01
8.662256932871005288e-01
9.899999999999999911e-01
9.899999999999999911e-01
9.899999999999999911e-01
9.107006172096070440e-01
9.899999999999999911e-01
9.899999999999999911e-01
7.663207926694668437e-01
9.899999999999999911e-01
9.899999999999999911e-01
9.899999999999999911e-01
8.141636025658726128e-01
9.899999999999999911e-01
9.899999999999999911e-01
9.899999999999999911e-01
8.191392709076149581e-01
9.899999999999999911e-01
9.899999999999999911e-01
9.899999999999999911e-01
7.590103356232947851e-01
9.838975094471695826e-01
9.899999999999999911e-01
9.899999999999999911e-01
8.560618012541200139e-01
9.899999999999999911e-01
9.899999999999999911e-01
9.899999999999999911e-01
7.581100937205900170e-01
9.899999999999999911e-01
9.899999999999999911e-01
9.899999999999999911e-01
8.947225106454332888e-01
9.899999999999999911e-01
9.899999999999999911e-01
9.899999999999999911e-01
7.803505557450206576e-01
9.899999999999999911e-01
9.899999999999999911e-01
9.899999999999999911e-01
8.313207144198454523e-01
9.899999999999999911e-01
9.899999999999999911e-01
9.899999999999999911e-01
8.627675706083669516e-01
9.899999999999999911e-01
9.899999999999999911e-01
9.899999999999999911e-01
7.614413670924300437e-01
9.899999999999999911e-01
9.899999999999999911e-01
9.899999999999999911e-01
8.687593705430393110e-01
9.899999999999999911e-01
7.984158723742701413e-01
9.899999999999999911e-01
9.899999999999999911e-01
9.899999999999999911e-01
8.811465980311664614e-01
9.899999999999999911e-01
9.899999999999999911e-01
9.899999999999999911e-01
7.832518897439121330e-01
9.899999999999999911e-01
9.899999999999999911e-01
7.312107642463451240e-01
9.899999999999999911e-01
9.899999999999999911e-01
9.899999999999999911e-01
7.300605082635565068e-01
9.899999999999999911e-01
9.899999999999999911e-01
9.899999999999999911e-01
8.207330054188641810e-01
9.899999999999999911e-01
9.899999999999999911e-01
8.939767523880403077e-01
9.899999999999999911e-01
9.899999999999999911e-01
9.899999999999999911e-01
8.880809125339647059e-01
9.899999999999999911e-01
9.899999999999999911e-01
7.656412617071510773e-01
9.899999999999999911e-01
9.899999999999999911e-01
9.899999999999999911e-01
9.744269895442485563e-01
9.899999999999999911e-01
9.899999999999999911e-01
9.899999999999999911e-01
7.624538558032827318e-01
9.831057379976791966e-01
9.899999999999999911e-01
9.899999999999999911e-01
8.073524794099361523e-01
9.899999999999999911e-01
9.899999999999999911e-01
9.899999999999999911e-01
9.082932193374673169e-01
9.899999999999999911e-01
9.847089109321165434e-01
9.899999999999999911e-01
8.618845826932191034e-01
9.899999999999999911e-01
9.899999999999999911e-01
8.556589586453521301e-01
9.899999999999999911e-01
9.899999999999999911e-01
9.852079952186595380e-01
8.380544548969660612e-01
9.837038266320528024e-01
9.899999999999999911e-01
9.899999999999999911e-01
7.549708269978420150e-01
9.899999999999999911e-01
9.899999999999999911e-01
9.899999999999999911e-01
8.401777819327912455e-01
9.899999999999999911e-01
7.407813296550868065e-01
9.899999999999999911e-01
9.899999999999999911e-01
8.242647978775767825e-01
9.899999999999999911e-01
9.899999999999999911e-01
9.899999999999999911e-01
9.097778018005189260e-01
9.899999999999999911e-01
9.899999999999999911e-01
9.899999999999999911e-01
8.731436551012351499e-01
9.899999999999999911e-01
9.899999999999999911e-01
7.783619525852458754e-01
9.899999999999999911e-01
9.899999999999999911e-01
9.899999999999999911e-01
9.108244630807725839e-01
9.899999999999999911e-01
9.899999999999999911e-01
9.882998130612224985e-01
7.877875629400040713e-01
9.899999999999999911e-01
9.899999999999999911e-01
9.156450478985774799e-01
9.899999999999999911e-01
9.899999999999999911e-01
9.899999999999999911e-01
7.663155803534318355e-01
9.899999999999999911e-01
9.899999999999999911e-01
9.031069836960458064e-01
9.899999999999999911e-01
9.899999999999999911e-01
9.881144449861606338e-01
8.298641233244598014e-01
9.899999999999999911e-01
9.899999999999999911e-01
9.899999999999999911e-01
9.214022535946581050e-01
9.899999999999999911e-01
9.899999999999999911e-01
9.899999999999999911e-01
8.410989983537303649e-01
9.899999999999999911e-01
9.899999999999999911e-01
9.899999999999999911e-01
8.049618689627757728e-01
9.899999999999999911e-01
9.899999999999999911e-01
9.899999999999999911e-01
9.054748151097882225e-01
9.899999999999999911e-01
9.899999999999999911e-01
9.899999999999999911e-01
8.201733931053981630e-01
9.899999999999999911e-01
9.899999999999999911e-01
9.212473372610926470e-01
9.899999999999999911e-01
9.899999999999999911e-01
9.899999999999999911e-01
8.736308317911867238e-01
9.899999999999999911e-01
8.792667964175472362e-01
9.899999999999999911e-01
9.899999999999999911e-01
9.899999999999999911e-01
7.597411016883666157e-01
9.899999999999999911e-01
9.899999999999999911e-01
9.899999999999999911e-01
9.090110986667969684e-01
9.899999999999999911e-01
9.899999999999999911e-01
9.899999999999999911e-01
8.726148234969545170e-01
9.899999999999999911e-01
9.899999999999999911e-01
7.569781777605496531e-01
9.899999999999999911e-01
9.899999999999999911e-01
9.899999999999999911e-01
9.039694061393239721e-01
9.899999999999999911e-01
9.899999999999999911e-01
9.899999999999999911e-01
9.056207933796454057e-01
9.899999999999999911e-01
9.899999999999999911e-01
9.899999999999999911e-01
8.698262396685989550e-01
9.899999999999999911e-01
9.899999999999999911e-01
9.899999999999999911e-01
7.528035539252165842e-01
9.899999999999999911e-01
9.899999999999999911e-01
9.899999999999999911e-01
7.683689142260954341e-01
9.899999999999999911e-01
9.899999999999999911e-01
9.899999999999999911e-01
7.771787164663416236e-01
9.899999999999999911e-01
9.899999999999999911e-01
7.490094582576660720e-01
9.899999999999999911e-01
9.899999999999999911e-01
9.899999999999999911e-01
8.895744869747649330e-01
9.899999999999999911e-01
9.899999999999999911e-01
7.288623176425877981e-01
9.899999999999999911e-01
9.899999999999999911e-01
9.899999999999999911e-01
9.043527133143577368e-01
9.899999999999999911e-01
7.453072040381034657e-01
9.899999999999999911e-01
9.899999999999999911e-01
7.339144997778049850e-01
9.894205032234528741e-01
9.899999999999999911e-01
8.965888163790792786e-01
9.899999999999999911e-01
9.819653274603998838e-01
9.070393274470253120e-01
9.899999999999999911e-01
9.877691990428166813e-01
9.899999999999999911e-01
9.221326440999899621e-01
9.899999999999999911e-01
9.899999999999999911e-01
7.771099943413443123e-01
9.899999999999999911e-01
9.899999999999999911e-01
9.803799015340183276e-01
8.052412619543645178e-01
9.899999999999999911e-01
9.899999999999999911e-01
9.899999999999999911e-01
8.395754130237746971e-01
9.899999999999999911e-01
9.899999999999999911e-01
9.899999999999999911e-01
9.230226815642188498e-01
9.899999999999999911e-01
9.899999999999999911e-01
8.900480583124812384e-01
9.899999999999999911e-01
9.899999999999999911e-01
9.899999999999999911e-01
8.810179225965621974e-01
9.899999999999999911e-01
9.899999999999999911e-01
8.893517947124429668e-01
9.899999999999999911e-01
9.899999999999999911e-01
9.899999999999999911e-01
9.444619568774402785e-01
9.899999999999999911e-01
9.899999999999999911e-01
9.899999999999999911e-01
9.899999999999999911e-01
9.899999999999999911e-01
9.063421545242208444e-01
9.899999999999999911e-01
9.899999999999999911e-01
7.676901592177765021e-01
9.899999999999999911e-01
9.899999999999999911e-01
9.899999999999999911e-01
8.170938440913898537e-01
9.899999999999999911e-01
9.899999999999999911e-01
9.899999999999999911e-01
8.163037755065912782e-01
9.817603276386095423e-01
7.169764991730724901e-01
9.899999999999999911e-01
9.899999999999999911e-01
8.735975443070959079e-01
9.899999999999999911e-01
9.855935990045242567e-01
9.871237311052674102e-01
8.509659615849086700e-01
9.899999999999999911e-01
9.899999999999999911e-01
9.899999999999999911e-01
8.063327294697623104e-01
9.899999999999999911e-01
9.899999999999999911e-01
8.036157257207326987e-01
9.883062694779479740e-01
9.899999999999999911e-01
9.899999999999999911e-01
8.550605184882600351e-01
9.899999999999999911e-01
9.899999999999999911e-01
9.899999999999999911e-01
9.181598995830433374e-01
9.899999999999999911e-01
9.899999999999999911e-01
9.899999999999999911e-01
8.286159730421354119e-01
9.899999999999999911e-01
9.899999999999999911e-01
9.899999999999999911e-01
8.339357869150066938e-01
9.899999999999999911e-01
9.899999999999999911e-01
9.899999999999999911e-01
8.585690943024418820e-01
9.899999999999999911e-01
9.899999999999999911e-01
9.899999999999999911e-01
7.821695184114125787e-01
9.899999999999999911e-01
9.826060671532108604e-01
9.899999999999999911e-01
7.945701709635698551e-01
9.899999999999999911e-01
9.899999999999999911e-01
9.899999999999999911e-01
8.720906633781110306e-01
9.899999999999999911e-01
9.899999999999999911e-01
9.899999999999999911e-01
8.044880509570093707e-01
9.899999999999999911e-01
9.899999999999999911e-01
9.899999999999999911e-01
8.243884352868925403e-01
9.899999999999999911e-01
9.895147743884029623e-01
8.814455824168478948e-01
9.899999999999999911e-01
9.899999999999999911e-01
9.899999999999999911e-01
