9.407768416525827959e-01
9.899999999999999911e-01
9.899999999999999911e-01
9.899999999999998801e-01
7.818868940481976670e-01
9.899999999999999911e-01
9.899999999999999911e-01
9.899999999999999911e-01
8.999502414549053197e-01
9.899999999999999911e-01
9.899999999999999911e-01
9.899999999999999911e-01
8.618962255964810470e-01
9.899999999999999911e-01
9.899999999999999911e-01
9.899999999999999911e-01
9.381846810674696613e-01
9.899999999999999911e-01
9.899999999999999911e-01
9.899999999999999911e-01
8.690589288839700721e-01
9.899999999999999911e-01
9.899999999999999911e-01
9.899999999999999911e-01
9.516775417683589477e-01
9.899999999999999911e-01
9.899999999999999911e-01
9.899999999999999911e-01
9.239005636767195773e-01
9.899999999999999911e-01
9.899999999999999911e-01
9.899999999999999911e-01
9.345660125313391964e-01
9.899999999999999911e-01
9.899999999999999911e-01
9.899999999999999911e-01
9.515113602744608157e-01
9.899999999999999911e-01
9.899999999999999911e-01
9.899999999999999911e-01
9.363098745152953484e-01
9.899999999999999911e-01
9.899999999999999911e-01
9.899999999999999911e-01
9.454418818896248577e-01
9.899999999999999911e-01
9.899999999999999911e-01
9.899999999999999911e-01
9.497770815614851037e-01
9.899999999999999911e-01
9.899999999999999911e-01
9.899999999999999911e-01
9.386800933718153495e-01
9.899999999999999911e-01
9.899999999999999911e-01
9.899999999999999911e-01
7.723134412359736745e-01
9.899999999999999911e-01
9.899999999999999911e-01
9.899999999999999911e-01
8.477585164178442767e-01
9.899999999999999911e-01
9.899999999999999911e-01
9.899999999999999911e-01
7.994738332250390656e-01
9.899999999999999911e-01
9.899999999999999911e-01
9.899999999999999911e-01
8.296853356274015434e-01
9.899999999999999911e-01
9.899999999999999911e-01
9.899999999999999911e-01
9.342660032515508473e-01
9.899999999999999911e-01
9.899999999999999911e-01
9.899999999999999911e-01
9.444802644242423773e-01
9.899999999999999911e-01
9.899999999999995470e-01
9.899999999999999911e-01
9.054698807013540351e-01
9.899999999999999911e-01
9.899999999999999911e-01
9.899999999999999911e-01
8.886493717826869920e-01
9.899999999999999911e-01
9.899999999999999911e-01
9.899999999999999911e-01
9.372485871475487729e-01
9.899999999999999911e-01
9.899999999999999911e-01
9.899999999999999911e-01
8.889022487282404184e-01
9.899999999999999911e-01
9.899999999999999911e-01
9.899999999999999911e-01
8.426168971644749650e-01
9.899999999999999911e-01
9.899999999999999911e-01
9.899999999999999911e-01
8.682144192912326641e-01
9.899999999999999911e-01
9.899999999999999911e-01
9.899999999999999911e-01
8.818488929054641989e-01
9.899999999999999911e-01
9.899999999999999911e-01
9.899999999999999911e-01
8.592556817543394176e-01
9.899999999999999911e-01
8.418622137312319342e-01
9.899999999999999911e-01
9.899999999999999911e-01
9.899999999999999911e-01
9.436855969569912794e-01
9.899999999999999911e-01
7.698641733677865640e-01
9.899999999999999911e-01
9.899999999999999911e-01
9.899999999999999911e-01
8.194327727891757007e-01
9.899999999999999911e-01
9.899999999999999911e-01
9.899999999999999911e-01
7.840584112958411955e-01
9.899999999999999911e-01
9.899999999999999911e-01
9.899999999999999911e-01
7.947781336601040802e-01
9.899999999999999911e-01
9.899999999999999911e-01
9.899999999999999911e-01
8.855759522104313941e-01
9.899999999999999911e-01
9.899999999999999911e-01
9.899999999999999911e-01
9.038552638321738497e-01
9.899999999999999911e-01
9.899999999999999911e-01
9.899999999999999911e-01
9.010483377479894251e-01
9.899999999999999911e-01
9.899999999999999911e-01
8.789138076862619275e-01
9.899999999999999911e-01
9.899999999999999911e-01
9.899999999999999911e-01
8.622630602095141539e-01
9.899999999999999911e-01
9.899999999999999911e-01
9.578664385083306421e-01
9.899999999999999911e-01
9.899999999999999911e-01
9.899999999999999911e-01
8.896514428751846060e-01
9.899999999999999911e-01
9.899999999999999911e-01
9.899999999999999911e-01
9.899999999999999911e-01
9.899999999999999911e-01
9.121199494639360417e-01
9.899999999999999911e-01
9.899999999999999911e-01
9.899999999999999911e-01
9.239214778745478140e-01
9.899999999999999911e-01
9.899999999999999911e-01
9.899999999999999911e-01
9.899999999999999911e-01
9.595518705856641573e-01
9.899999999999999911e-01
9.899999999999999911e-01
9.899999999999999911e-01
9.899999999999999911e-01
8.855077535444104697e-01
9.899999999999999911e-01
9.899999999999999911e-01
9.899999999999999911e-01
9.093278232563253294e-01
9.899999999999999911e-01
9.899999999999999911e-01
9.899999999999999911e-01
9.633919965495320037e-01
9.899999999999999911e-01
9.899999999999999911e-01
9.899999999999999911e-01
9.899999999999999911e-01
9.899999999999999911e-01
9.466719044944680306e-01
9.899999999999999911e-01
9.899999999999999911e-01
9.899999999999999911e-01
8.546384999049085884e-01
9.899999999999999911e-01
9.899999999999999911e-01
9.899999999999999911e-01
8.830790652500127846e-01
9.899999999999999911e-01
9.899999999999999911e-01
9.899999999999999911e-01
7.654089654214797367e-01
9.899999999999999911e-01
9.899999999999999911e-01
9.899999999999999911e-01
9.899999999999999911e-01
9.899999999999999911e-01
9.899999999999999911e-01
9.674019547656238505e-01
9.899999999999999911e-01
9.899999999999999911e-01
9.899999999999999911e-01
9.148479458930431907e-01
9.899999999999999911e-01
9.899999999999999911e-01
9.899999999999999911e-01
7.979234865497483176e-01
9.899999999999999911e-01
9.899999999999999911e-01
9.405506161966714629e-01
9.899999999999999911e-01
9.899999999999999911e-01
8.120358771856268643e-01
9.899999999999999911e-01
9.899999999999999911e-01
9.310934774803514280e-01
9.899999999999999911e-01
9.899999999999999911e-01
9.899999999999999911e-01
7.612711430404209834e-01
9.899999999999999911e-01
9.899999999999999911e-01
9.899999999999999911e-01
9.555268694957479436e-01
9.899999999999999911e-01
9.899999999999999911e-01
9.899999999999999911e-01
7.691799261491205630e-01
9.899999999999999911e-01
9.899999999999999911e-01
9.899999999999999911e-01
7.913838830066803887e-01
9.899999999999999911e-01
9.899999999999999911e-01
9.899999999999999911e-01
8.722062485704070722e-01
9.899999999999999911e-01
9.899999999999999911e-01
9.899999999999999911e-01
8.565978068314918925e-01
8.553807609823240732e-01
9.899999999999999911e-01
9.899999999999999911e-01
9.899999999999999911e-01
8.620435357286616584e-01
9.899999999999999911e-01
9.899999999999999911e-01
9.899999999999999911e-01
8.318464970728235430e-01
9.899999999999999911e-01
9.899999999999999911e-01
9.899999999999999911e-01
8.888490522547499717e-01
9.899999999999999911e-01
9.899999999999999911e-01
9.899999999999999911e-01
9.309381860565313360e-01
9.899999999999999911e-01
9.899999999999999911e-01
9.899999999999999911e-01
8.495022579417106368e-01
9.899999999999999911e-01
9.899999999999999911e-01
9.899999999999999911e-01
9.607754841677840218e-01
9.899999999999999911e-01
9.899999999999999911e-01
9.899999999999999911e-01
9.012443115368894420e-01
9.899999999999999911e-01
9.899999999999999911e-01
9.899999999999999911e-01
9.617822330088244831e-01
9.899999999999999911e-01
9.899999999999999911e-01
9.899999999999999911e-01
7.676603376634614229e-01
9.899999999999999911e-01
9.899999999999999911e-01
9.899999999999999911e-01
9.328363113153592678e-01
9.899999999999999911e-01
9.899999999999999911e-01
9.899999999999999911e-01
9.555760327795300713e-01
9.899999999999999911e-01
9.899999999999999911e-01
9.899999999999999911e-01
7.577442468717038304e-01
9.899999999999999911e-01
9.899999999999999911e-01
9.899999999999999911e-01
8.562177705775771974e-01
9.899999999999999911e-01
9.899999999999999911e-01
9.899999999999999911e-01
8.313396915940334253e-01
9.899999999999999911e-01
9.899999999999999911e-01
9.899999999999999911e-01
9.452725091560172377e-01
9.899999999999999911e-01
9.899999999999999911e-01
9.899999999999999911e-01
8.708202502594933891e-01
9.899999999999999911e-01
9.899999999999999911e-01
9.899999999999999911e-01
8.089003561928698183e-01
9.899999999999999911e-01
9.899999999999999911e-01
9.899999999999999911e-01
8.889893277086405865e-01
9.899999999999999911e-01
9.899999999999999911e-01
9.899999999999999911e-01
8.858287511744593612e-01
9.899999999999999911e-01
9.899999999999999911e-01
9.899999999999999911e-01
8.848863137655755828e-01
9.899999999999999911e-01
9.899999999999999911e-01
9.899999999999999911e-01
9.016140211365696322e-01
9.899999999999999911e-01
9.899999999999999911e-01
9.899999999999999911e-01
9.899999999999999911e-01
9.899999999999999911e-01
9.899999999999999911e-01
9.899999999999999911e-01
8.924268915293162019e-01
9.899999999999999911e-01
9.899999999999999911e-01
9.899999999999999911e-01
9.004837578122225628e-01
9.899999999999999911e-01
9.899999999999999911e-01
9.899999999999999911e-01
9.725524677364734139e-01
9.899999999999999911e-01
9.899999999999999911e-01
9.899999999999999911e-01
8.213875093839342334e-01
9.899999999999999911e-01
9.899999999999999911e-01
9.899999999999999911e-01
9.899999999999999911e-01
7.528454916785308759e-01
9.899999999999999911e-01
9.899999999999999911e-01
9.899999999999999911e-01
8.015442469083082777e-01
9.899999999999999911e-01
9.899999999999999911e-01
9.899999999999999911e-01
9.616710418980636277e-01
9.899999999999999911e-01
9.899999999999999911e-01
9.899999999999999911e-01
9.466864610278687975e-01
9.899999999999999911e-01
9.899999999999999911e-01
8.075884067208447537e-01
9.899999999999999911e-01
9.899999999999999911e-01
9.899999999999999911e-01
9.380686200992085499e-01
9.899999999999999911e-01
9.899999999999999911e-01
9.899999999999999911e-01
7.728840592596345482e-01
9.899999999999999911e-01
9.899999999999999911e-01
9.899999999999999911e-01
9.482849954287233540e-01
9.899999999999999911e-01
9.899999999999999911e-01
8.550730833437157896e-01
9.899999999999999911e-01
9.899999999999999911e-01
9.899999999999999911e-01
8.645127349915929793e-01
9.899999999999999911e-01
9.899999999999999911e-01
9.899999999999999911e-01
7.947824161260086395e-01
9.899999999999999911e-01
9.521608937396055516e-01
9.899999999999999911e-01
9.899999999999999911e-01
9.899999999999999911e-01
8.038459157130125599e-01
9.899999999999999911e-01
9.899999999999999911e-01
9.899999999999999911e-01
8.979427331872761320e-01
9.587721506336235322e-01
9.899999999999999911e-01
9.899999999999999911e-01
9.608740092884024975e-01
9.899999999999999911e-01
9.899999999999999911e-01
9.899999999999999911e-01
8.519916207013724652e-01
9.899999999999999911e-01
9.899999999999999911e-01
9.899999999999999911e-01
9.124910605281885134e-01
9.899999999999999911e-01
9.899999999999999911e-01
9.899999999999999911e-01
7.921296515344166123e-01
9.899999999999999911e-01
9.899999999999999911e-01
9.899999999999999911e-01
9.358128834983331368e-01
9.899999999999999911e-01
9.899999999999999911e-01
9.899999999999999911e-01
9.137890351277474510e-01
9.899999999999999911e-01
9.899999999999999911e-01
9.899999999999999911e-01
7.967214738779483385e-01
9.899999999999999911e-01
9.899999999999999911e-01
9.899999999999999911e-01
8.275996359549445680e-01
9.899999999999999911e-01
9.899999999999999911e-01
9.899999999999999911e-01
9.899999999999999911e-01
9.899999999999999911e-01
9.326697993134369646e-01
9.899999999999999911e-01
9.899999999999999911e-01
9.899999999999999911e-01
8.976449348975380493e-01
9.899999999999999911e-01
9.899999999999999911e-01
9.376355538517684440e-01
9.899999999999999911e-01
9.899999999999999911e-01
9.899999999999999911e-01
8.880966058719215184e-01
9.899999999999999911e-01
8.110036561914206743e-01
9.899999999999999911e-01
9.899999999999999911e-01
9.899999999999999911e-01
9.772712910799719044e-01
9.899999999999999911e-01
9.899999999999997691e-01
9.899999999999999911e-01
9.081357116170676314e-01
9.899999999999999911e-01
9.899999999999999911e-01
9.899999999999999911e-01
8.191395027718709754e-01
9.899999999999999911e-01
9.899999999999999911e-01
9.899999999999999911e-01
7.834683015701354725e-01
9.899999999999999911e-01
9.899999999999999911e-01
9.899999999999999911e-01
9.211828687262757498e-01
9.899999999999999911e-01
9.899999999999999911e-01
9.899999999999999911e-01
8.268782399192169397e-01
9.899999999999999911e-01
9.899999999999999911e-01
9.899999999999999911e-01
9.358652213086416927e-01
9.899999999999999911e-01
9.899999999999999911e-01
9.899999999999999911e-01
8.494176341697635690e-01
9.899999999999999911e-01
9.899999999999999911e-01
9.899999999999999911e-01
7.961862151534618848e-01
9.899999999999999911e-01
9.899999999999999911e-01
9.899999999999999911e-01
9.583675981689392387e-01
9.899999999999999911e-01
9.899999999999999911e-01
9.899999999999999911e-01
7.878413614010195687e-01
9.899999999999999911e-01
9.899999999999999911e-01
9.899999999999999911e-01
9.783692058975820283e-01
9.899999999999999911e-01
9.899999999999999911e-01
9.899999999999999911e-01
8.424274421969868420e-01
9.899999999999999911e-01
9.899999999999999911e-01
9.899999999999999911e-01
9.099609396023196073e-01
9.899999999999999911e-01
9.899999999999999911e-01
9.899999999999999911e-01
7.668701235376684799e-01
9.899999999999999911e-01
9.899999999999999911e-01
9.899999999999999911e-01
9.565137942764149193e-01
9.899999999999999911e-01
9.899999999999999911e-01
9.899999999999999911e-01
8.196765877462673933e-01
9.899999999999999911e-01
9.899999999999999911e-01
9.899999999999999911e-01
8.598632686927145663e-01
9.899999999999999911e-01
9.899999999999999911e-01
9.899999999999999911e-01
8.469387217664829937e-01
9.899999999999999911e-01
9.899999999999999911e-01
9.899999999999999911e-01
7.820869443074108807e-01
9.899999999999999911e-01
9.899999999999999911e-01
9.899999999999999911e-01
8.424417117136856481e-01
9.899999999999999911e-01
9.899999999999999911e-01
9.899999999999999911e-01
7.758984694144384076e-01
9.899999999999999911e-01
9.899999999999999911e-01
9.899999999999999911e-01
8.423002363140380533e-01
9.899999999999999911e-01
9.899999999999999911e-01
9.899999999999999911e-01
9.265731760899102998e-01
9.899999999999999911e-01
9.899999999999999911e-01
7.693764422982004580e-01
9.899999999999999911e-01
9.899999999999999911e-01
9.899999999999999911e-01
7.623784313704057292e-01
8.450445061534627156e-01
9.899999999999999911e-01
9.899999999999999911e-01
9.899999999999999911e-01
9.116018485493896373e-01
9.899999999999999911e-01
9.899999999999999911e-01
9.899999999999999911e-01
8.138034642803461116e-01
9.899999999999999911e-01
9.899999999999999911e-01
9.899999999999999911e-01
7.897822926193309723e-01
9.899999999999999911e-01
9.899999999999999911e-01
9.899999999999999911e-01
7.842324441439504357e-01
9.899999999999999911e-01
9.899999999999999911e-01
9.899999999999999911e-01
8.820435529279326836e-01
9.899999999999999911e-01
9.899999999999999911e-01
9.899999999999999911e-01
7.520110276282635509e-01
9.899999999999999911e-01
9.899999999999999911e-01
9.899999999999999911e-01
8.323580582355081248e-01
9.899999999999999911e-01
9.899999999999999911e-01
9.899999999999999911e-01
8.283077092801920394e-01
9.899999999999999911e-01
9.899999999999999911e-01
9.899999999999999911e-01
9.420612825313576799e-01
9.899999999999999911e-01
9.899999999999999911e-01
9.899999999999999911e-01
8.555413137068509366e-01
9.899999999999999911e-01
9.899999999999999911e-01
9.899999999999999911e-01
9.418584516960325503e-01
9.899999999999999911e-01
9.899999999999999911e-01
8.852924759912896846e-01
9.899999999999999911e-01
9.899999999999999911e-01
9.899999999999999911e-01
8.494799765223113308e-01
9.899999999999999911e-01
9.899999999999999911e-01
8.911915323857078075e-01
9.899999999999999911e-01
9.899999999999999911e-01
9.899999999999999911e-01
8.593183860822248832e-01
9.899999999999999911e-01
9.899999999999999911e-01
9.899999999999999911e-01
7.662531007642733316e-01
9.899999999999999911e-01
9.899999999999999911e-01
9.899999999999999911e-01
8.446951993873421660e-01
9.899999999999999911e-01
9.121032299579203695e-01
9.899999999999999911e-01
9.899999999999999911e-01
9.899999999999999911e-01
7.920969232680032945e-01
9.899999999999999911e-01
9.899999999999999911e-01
9.899999999999999911e-01
7.629518050786187056e-01
9.899999999999999911e-01
9.899999999999999911e-01
9.899999999999999911e-01
8.223792903844890922e-01
9.899999999999999911e-01
9.899999999999999911e-01
9.899999999999999911e-01
8.192964104886754084e-01
9.899999999999999911e-01
9.899999999999999911e-01
8.779360802992405288e-01
9.899999999999999911e-01
9.899999999999999911e-01
9.340441292093126791e-01
9.899999999999999911e-01
9.899999999999999911e-01
9.899999999999999911e-01
8.523805134316497778e-01
9.899999999999999911e-01
9.899999999999999911e-01
9.899999999999999911e-01
7.997939571056252861e-01
9.899999999999999911e-01
9.899999999999999911e-01
9.899999999999999911e-01
8.980880542666538346e-01
9.899999999999999911e-01
9.899999999999999911e-01
9.899999999999999911e-01
9.457609077699028477e-01
9.899999999999999911e-01
9.899999999999999911e-01
7.982190293381509205e-01
9.899999999999999911e-01
9.899999999999999911e-01
9.899999999999999911e-01
8.466861434145608323e-01
9.899999999999999911e-01
9.899999999999999911e-01
9.899999999999999911e-01
8.541583289068045426e-01
9.899999999999999911e-01
9.899999999999999911e-01
9.899999999999999911e-01
7.940683517657980417e-01
9.899999999999999911e-01
9.899999999999997691e-01
9.899999999999999911e-01
8.905213533854401398e-01
9.899999999999999911e-01
9.899999999999999911e-01
9.899999999999999911e-01
7.897365046950498568e-01
9.899999999999999911e-01
9.899999999999999911e-01
9.899999999999999911e-01
9.289580439158895420e-01
9.899999999999999911e-01
9.899999999999999911e-01
9.899999999999999911e-01
8.126168926387042912e-01
9.899999999999999911e-01
9.899999999999999911e-01
9.899999999999999911e-01
8.658294657335808830e-01
9.899999999999999911e-01
9.899999999999999911e-01
9.899999999999999911e-01
8.963343359910733721e-01
9.899999999999999911e-01
9.899999999999999911e-01
9.899999999999999911e-01
7.925008346020401273e-01
9.899999999999999911e-01
9.899999999999999911e-01
9.899999999999999911e-01
8.937670249958854507e-01
9.899999999999999911e-01
8.316799682500062296e-01
9.899999999999999911e-01
9.899999999999999911e-01
9.899999999999999911e-01
9.155571957259278637e-01
9.899999999999999911e-01
9.899999999999999911e-01
9.899999999999999911e-01
8.183181056846819956e-01
9.899999999999999911e-01
9.899999999999999911e-01
7.656575760376351791e-01
9.899999999999999911e-01
9.899999999999999911e-01
9.899999999999999911e-01
7.628632442631017030e-01
9.899999999999999911e-01
9.899999999999999911e-01
9.899999999999999911e-01
8.541975437886248912e-01
9.899999999999999911e-01
9.899999999999999911e-01
9.250985485853245871e-01
9.899999999999999911e-01
9.899999999999999911e-01
9.899999999999999911e-01
9.224592297343465752e-01
9.899999999999999911e-01
9.899999999999999911e-01
7.965082000983619848e-01
9.899999999999999911e-01
9.899999999999999911e-01
9.899999999999999911e-01
9.766391776771078392e-01
9.899999999999999911e-01
9.899999999999999911e-01
9.899999999999999911e-01
7.938133166384930828e-01
9.899999999999999911e-01
9.899999999999999911e-01
9.899999999999999911e-01
8.393526565157690689e-01
9.899999999999999911e-01
9.899999999999999911e-01
9.899999999999999911e-01
9.421478286835738292e-01
9.899999999999999911e-01
9.899999999999999911e-01
9.899999999999999911e-01
8.836964425970789128e-01
9.899999999999999911e-01
9.899999999999999911e-01
8.857719108224880733e-01
9.899999999999999911e-01
9.899999999999999911e-01
9.899999999999999911e-01
8.708835220515415143e-01
9.899999999999999911e-01
9.899999999999999911e-01
9.899999999999999911e-01
7.871168140865667517e-01
9.899999999999999911e-01
9.899999999999999911e-01
9.899999999999999911e-01
8.611110389191669601e-01
9.899999999999999911e-01
7.727276336144695001e-01
9.899999999999999911e-01
9.899999999999999911e-01
8.569470754145953606e-01
9.899999999999999911e-01
9.899999999999999911e-01
9.899999999999999911e-01
9.419897051929378984e-01
9.899999999999999911e-01
9.899999999999999911e-01
9.899999999999999911e-01
9.066698469131222460e-01
9.899999999999999911e-01
9.899999999999999911e-01
8.094908591121872110e-01
9.899999999999999911e-01
9.899999999999999911e-01
9.899999999999999911e-01
9.422686647099984825e-01
9.899999999999999911e-01
9.899999999999999911e-01
9.899999999999999911e-01
8.228198325560297510e-01
9.899999999999999911e-01
9.899999999999999911e-01
9.503871769740629416e-01
9.899999999999999911e-01
9.899999999999999911e-01
9.899999999999999911e-01
7.955594450786922511e-01
9.899999999999999911e-01
9.899999999999999911e-01
9.370976602045696380e-01
9.899999999999999911e-01
9.899999999999999911e-01
9.899999999999999911e-01
8.618931516009351590e-01
9.899999999999999911e-01
9.899999999999999911e-01
9.899999999999999911e-01
9.402680274545466288e-01
9.899999999999999911e-01
9.899999999999999911e-01
9.899999999999999911e-01
8.761578524955214720e-01
9.899999999999999911e-01
9.899999999999999911e-01
9.899999999999999911e-01
8.362123888442590802e-01
9.899999999999999911e-01
9.899999999999999911e-01
9.899999999999999911e-01
9.383166243197013090e-01
9.899999999999999911e-01
9.899999999999999911e-01
9.899999999999999911e-01
8.551611699092040997e-01
9.899999999999999911e-01
9.899999999999999911e-01
9.563020690351845543e-01
9.899999999999999911e-01
9.899999999999999911e-01
9.899999999999999911e-01
9.020713061470077010e-01
9.899999999999999911e-01
9.140761451585976971e-01
9.899999999999999911e-01
9.899999999999999911e-01
9.899999999999999911e-01
7.948008369353314340e-01
9.899999999999999911e-01
9.899999999999999911e-01
9.899999999999999911e-01
9.430144061232154096e-01
9.899999999999999911e-01
9.899999999999999911e-01
9.899999999999999911e-01
9.041614079374545865e-01
9.899999999999999911e-01
9.899999999999999911e-01
7.914524821968081936e-01
9.899999999999999911e-01
9.899999999999999911e-01
9.899999999999999911e-01
9.359996945651732903e-01
9.899999999999999911e-01
9.899999999999999911e-01
9.899999999999999911e-01
9.402532628526323322e-01
9.899999999999999911e-01
9.899999999999999911e-01
9.899999999999999911e-01
8.867003085778767391e-01
9.899999999999999911e-01
9.899999999999999911e-01
9.899999999999999911e-01
7.878690972060461428e-01
9.899999999999999911e-01
9.899999999999999911e-01
9.899999999999999911e-01
8.008631179477658790e-01
9.899999999999999911e-01
9.899999999999999911e-01
9.899999999999999911e-01
8.092448240269692894e-01
9.899999999999999911e-01
9.899999999999999911e-01
7.801577330084613626e-01
9.899999999999999911e-01
9.899999999999999911e-01
9.899999999999999911e-01
9.209817978749353928e-01
9.899999999999999911e-01
9.899999999999999911e-01
7.633416835159907432e-01
9.899999999999999911e-01
9.899999999999999911e-01
9.899999999999999911e-01
9.393748753494649550e-01
9.899999999999999911e-01
7.763705037935076936e-01
9.899999999999999911e-01
9.899999999999999911e-01
7.689767497826893727e-01
9.899999999999999911e-01
9.899999999999999911e-01
9.282132006468540864e-01
9.899999999999999911e-01
9.899999999999999911e-01
9.397456282428822139e-01
9.899999999999999911e-01
9.899999999999999911e-01
9.899999999999999911e-01
9.570616773090511176e-01
9.899999999999999911e-01
9.899999999999999911e-01
8.120741227149332886e-01
9.899999999999999911e-01
9.899999999999999911e-01
9.899999999999999911e-01
8.358154161431712303e-01
9.899999999999999911e-01
9.899999999999999911e-01
9.899999999999999911e-01
8.723245834264664600e-01
9.899999999999999911e-01
9.899999999999999911e-01
9.899999999999999911e-01
9.542314479020540530e-01
9.899999999999999911e-01
9.899999999999999911e-01
9.044155515574403559e-01
9.899999999999999911e-01
9.899999999999999911e-01
9.899999999999999911e-01
9.048742751672222973e-01
9.899999999999999911e-01
9.899999999999999911e-01
9.224580577557451866e-01
9.899999999999999911e-01
9.899999999999999911e-01
9.899999999999999911e-01
9.625962784881428869e-01
9.899999999999999911e-01
9.899999999999999911e-01
9.899999999999999911e-01
9.899999999999999911e-01
9.899999999999999911e-01
9.226347196415650709e-01
9.899999999999999911e-01
9.899999999999999911e-01
8.015672892192737820e-01
9.899999999999999911e-01
9.899999999999999911e-01
9.899999999999999911e-01
8.487765237276915231e-01
9.899999999999999911e-01
9.899999999999999911e-01
9.899999999999999911e-01
8.441379238933731655e-01
9.899999999999999911e-01
7.520486676055424535e-01
9.899999999999999911e-01
9.899999999999999911e-01
9.048585333404903785e-01
9.899999999999999911e-01
9.899999999999999911e-01
9.899999999999999911e-01
8.841393789706720741e-01
9.899999999999999911e-01
9.899999999999999911e-01
9.899999999999999911e-01
8.388411929298418279e-01
9.899999999999999911e-01
9.899999999999999911e-01
8.353659305677785252e-01
9.899999999999999911e-01
9.899999999999999911e-01
9.899999999999999911e-01
8.882373456337298023e-01
9.899999999999999911e-01
9.899999999999999911e-01
9.899999999999999911e-01
9.498678884154383439e-01
9.899999999999999911e-01
9.899999999999999911e-01
9.899999999999999911e-01
8.623667960827227086e-01
9.899999999999999911e-01
9.899999999999999911e-01
9.899999999999999911e-01
8.673973111400206104e-01
9.899999999999999911e-01
9.899999999999999911e-01
9.899999999999999911e-01
8.901857413574745248e-01
9.899999999999999911e-01
9.899999999999999911e-01
9.899999999999999911e-01
8.147691043540902234e-01
9.899999999999999911e-01
9.899999999999999911e-01
9.899999999999999911e-01
8.281415286277760135e-01
9.899999999999999911e-01
9.899999999999999911e-01
9.899999999999999911e-01
9.037114100011905959e-01
9.899999999999999911e-01
9.899999999999999911e-01
9.899999999999999911e-01
8.367641718215151903e-01
9.899999999999999911e-01
9.899999999999999911e-01
9.899999999999999911e-01
8.473990299243294722e-01
9.899999999999999911e-01
9.899999999999999911e-01
9.013137152496701887e-01
9.899999999999999911e-01
9.899999999999999911e-01
9.899999999999999911e-01
