9.312612913876112675e-01
9.899999999999999911e-01
9.899999999999999911e-01
9.899999999999986589e-01
7.612077731726837326e-01
9.899999999999999911e-01
9.899999999999999911e-01
9.899999999999999911e-01
8.885469762226820833e-01
9.899999999999999911e-01
9.899999999999999911e-01
9.899999999999999911e-01
8.414158929880303228e-01
9.899999999999999911e-01
9.899999999999999911e-01
9.899999999999999911e-01
9.162291303974261503e-01
9.899999999999999911e-01
9.899999999999999911e-01
9.899999999999999911e-01
8.486977608190445777e-01
9.899999999999999911e-01
9.899999999999999911e-01
9.899999999999999911e-01
9.287733029468895340e-01
9.899999999999999911e-01
9.899999999999999911e-01
9.899999999999999911e-01
9.010066590334052661e-01
9.899999999999999911e-01
9.899999999999999911e-01
9.899999999999999911e-01
9.117648095025799870e-01
9.899999999999999911e-01
9.899999999999999911e-01
9.899999999999999911e-01
9.313408458998410078e-01
9.899999999999999911e-01
9.899999999999999911e-01
9.899999999999999911e-01
9.134986404457295928e-01
9.899999999999999911e-01
9.899999999999999911e-01
9.899999999999999911e-01
9.274841542199522282e-01
9.899999999999999911e-01
9.899999999999999911e-01
9.899999999999999911e-01
9.293114280443028896e-01
9.899999999999999911e-01
9.899999999999999911e-01
9.899999999999999911e-01
9.171521185676310139e-01
9.899999999999999911e-01
9.899999999999999911e-01
9.899999999999999911e-01
7.519606841317127977e-01
9.899999999999999911e-01
9.899999999999999911e-01
9.899999999999999911e-01
8.257225188143525463e-01
9.899999999999999911e-01
9.899999999999999911e-01
9.899999999999999911e-01
7.785715086456352907e-01
9.899999999999999911e-01
9.899999999999999911e-01
9.899999999999999911e-01
8.091948363118858234e-01
9.899999999999999911e-01
9.899999999999999911e-01
9.899999999999999911e-01
9.134998297517473720e-01
9.899999999999999911e-01
9.899999999999999911e-01
9.899999999999999911e-01
9.313339994768686791e-01
9.899999999999999911e-01
9.899999999999997691e-01
9.899999999999999911e-01
8.899174307662250927e-01
9.899999999999999911e-01
9.899999999999999911e-01
9.899999999999999911e-01
8.681386483819717448e-01
9.899999999999999911e-01
9.899999999999999911e-01
9.899999999999999911e-01
9.166945861876859558e-01
9.899999999999999911e-01
9.899999999999999911e-01
9.899999999999999911e-01
8.680013061123544871e-01
9.899999999999999911e-01
9.899999999999999911e-01
9.899999999999999911e-01
8.198745129397962961e-01
9.899999999999999911e-01
9.899999999999999911e-01
9.899999999999999911e-01
8.458035869049884692e-01
9.899999999999999911e-01
9.899999999999999911e-01
9.899999999999999911e-01
8.605136830034512130e-01
9.899999999999999911e-01
9.899999999999999911e-01
9.899999999999999911e-01
8.391439962173559142e-01
9.899999999999999911e-01
8.194849186803464525e-01
9.899999999999999911e-01
9.899999999999999911e-01
9.899999999999999911e-01
9.257951437736723355e-01
9.899999999999999911e-01
7.491708227372277928e-01
9.899999999999999911e-01
9.899999999999999911e-01
9.899999999999999911e-01
7.980608497356870279e-01
9.899999999999999911e-01
9.899999999999999911e-01
9.899999999999999911e-01
7.611097978979280976e-01
9.899999999999999911e-01
9.899999999999999911e-01
9.899999999999999911e-01
7.727523680158594477e-01
9.899999999999999911e-01
9.899999999999999911e-01
9.899999999999999911e-01
8.627392942152485311e-01
9.899999999999999911e-01
9.899999999999999911e-01
9.899999999999999911e-01
8.833048329456022474e-01
9.899999999999999911e-01
9.899999999999999911e-01
9.899999999999999911e-01
8.905350688599854569e-01
9.899999999999999911e-01
9.899999999999999911e-01
8.653510301984613795e-01
9.899999999999999911e-01
9.899999999999999911e-01
9.899999999999999911e-01
8.488049310730824137e-01
9.899999999999999911e-01
9.899999999999999911e-01
9.519587624091618849e-01
9.899999999999999911e-01
9.899999999999999911e-01
9.899999999999999911e-01
8.734774004159963079e-01
9.899999999999999911e-01
9.899999999999999911e-01
9.899999999999999911e-01
9.899999999999999911e-01
9.899999999999999911e-01
8.975506276332376743e-01
9.899999999999999911e-01
9.899999999999999911e-01
9.899999999999999911e-01
9.072315990723881507e-01
9.899999999999999911e-01
9.899999999999999911e-01
9.899999999999999911e-01
9.899999999999999911e-01
9.403678669744394147e-01
9.899999999999999911e-01
9.899999999999999911e-01
9.899999999999999911e-01
9.899999999999999911e-01
8.692355344021602814e-01
9.899999999999999911e-01
9.899999999999999911e-01
9.899999999999999911e-01
8.953731956264070480e-01
9.899999999999999911e-01
9.899999999999999911e-01
9.899999999999999911e-01
9.459146993499557565e-01
9.899999999999999911e-01
9.899999999999999911e-01
9.899999999999999911e-01
9.899999999999999911e-01
9.899999999999999911e-01
9.287634444868558825e-01
9.899999999999999911e-01
9.899999999999999911e-01
9.899999999999999911e-01
8.376615259037221151e-01
9.899999999999999911e-01
9.899999999999999911e-01
9.899999999999999911e-01
8.601473873172650331e-01
9.899999999999999911e-01
9.899999999999999911e-01
9.899999999999999911e-01
7.430526731419803133e-01
9.899999999999999911e-01
9.899999999999999911e-01
9.899999999999999911e-01
9.899999999999999911e-01
9.899999999999999911e-01
9.899999999999999911e-01
9.626488323469282182e-01
9.899999999999999911e-01
9.899999999999999911e-01
9.899999999999999911e-01
8.940787543206952792e-01
9.899999999999999911e-01
9.899999999999999911e-01
9.899999999999999911e-01
7.791969415863420068e-01
9.899999999999999911e-01
9.899999999999999911e-01
9.241068281578400656e-01
9.899999999999999911e-01
9.899999999999999911e-01
7.926188415585313507e-01
9.899999999999999911e-01
9.899999999999999911e-01
9.140139606103103720e-01
9.899999999999999911e-01
9.899999999999999911e-01
9.899999999999999911e-01
7.397708631526345169e-01
9.899999999999999911e-01
9.899999999999999911e-01
9.899999999999999911e-01
9.412024861514247664e-01
9.899999999999999911e-01
9.899999999999999911e-01
9.899999999999999911e-01
7.476543315086473518e-01
9.899999999999999911e-01
9.899999999999999911e-01
9.899999999999999911e-01
7.685673716151250057e-01
9.899999999999999911e-01
9.899999999999999911e-01
9.899999999999999911e-01
8.493243470939676465e-01
9.899999999999999911e-01
9.899999999999999911e-01
9.899999999999999911e-01
8.400603218093921631e-01
8.327048345415365427e-01
9.899999999999999911e-01
9.899999999999999911e-01
9.899999999999999911e-01
8.406270556713603126e-01
9.899999999999999911e-01
9.899999999999999911e-01
9.899999999999999911e-01
8.114789529387119726e-01
9.899999999999999911e-01
9.899999999999999911e-01
9.899999999999999911e-01
8.684258544586745954e-01
9.899999999999999911e-01
9.899999999999999911e-01
9.899999999999999911e-01
9.100034759853959931e-01
9.899999999999999911e-01
9.899999999999999911e-01
9.899999999999999911e-01
8.288499729662179849e-01
9.899999999999999911e-01
9.899999999999999911e-01
9.899999999999999911e-01
9.403408331717442170e-01
9.899999999999999911e-01
9.899999999999999911e-01
9.899999999999999911e-01
8.884784989650605924e-01
9.899999999999999911e-01
9.899999999999999911e-01
9.899999999999999911e-01
9.400627882878712649e-01
9.899999999999999911e-01
9.899999999999999911e-01
9.899999999999999911e-01
7.462900991966129327e-01
9.899999999999999911e-01
9.899999999999999911e-01
9.899999999999999911e-01
9.120831684184754762e-01
9.899999999999999911e-01
9.899999999999999911e-01
9.899999999999999911e-01
9.331007830262668667e-01
9.899999999999999911e-01
9.899999999999999911e-01
9.899999999999999911e-01
7.348380717834438469e-01
9.899999999999999911e-01
9.899999999999999911e-01
9.899999999999999911e-01
8.337541090830669077e-01
9.899999999999999911e-01
9.899999999999999911e-01
9.899999999999999911e-01
8.108053950176981051e-01
9.899999999999999911e-01
9.899999999999999911e-01
9.899999999999999911e-01
9.245860564665937531e-01
9.899999999999999911e-01
9.899999999999999911e-01
9.899999999999999911e-01
8.494911886878836471e-01
9.899999999999999911e-01
9.899999999999999911e-01
9.899999999999999911e-01
7.865711106248139961e-01
9.899999999999999911e-01
9.899999999999999911e-01
9.899999999999999911e-01
8.679090335846475490e-01
9.899999999999999911e-01
9.899999999999999911e-01
9.899999999999999911e-01
8.654955765588352445e-01
9.899999999999999911e-01
9.899999999999999911e-01
9.899999999999999911e-01
8.621170346169133580e-01
9.899999999999999911e-01
9.899999999999999911e-01
9.899999999999999911e-01
8.786843279607560175e-01
9.899999999999999911e-01
9.899999999999999911e-01
9.899999999999999911e-01
9.899999999999999911e-01
9.899999999999999911e-01
9.899999999999999911e-01
9.899999999999999911e-01
8.775435372715598703e-01
9.899999999999999911e-01
9.899999999999999911e-01
9.899999999999999911e-01
8.776572468114731684e-01
9.899999999999999911e-01
9.899999999999999911e-01
9.899999999999999911e-01
9.695858804251207275e-01
9.899999999999999911e-01
9.899999999999999911e-01
9.899999999999999911e-01
8.043029299386292852e-01
9.899999999999999911e-01
9.899999999999999911e-01
9.899999999999999911e-01
9.899999999999999911e-01
7.304247461353712279e-01
9.899999999999999911e-01
9.899999999999999911e-01
9.899999999999999911e-01
7.818729293827552107e-01
9.899999999999999911e-01
9.899999999999999911e-01
9.899999999999999911e-01
9.413584315272991443e-01
9.899999999999999911e-01
9.899999999999999911e-01
9.899999999999999911e-01
9.244089483738050506e-01
9.899999999999999911e-01
9.899999999999999911e-01
7.846849416468255622e-01
9.899999999999999911e-01
9.899999999999999911e-01
9.899999999999999911e-01
9.161316904700608221e-01
9.899999999999999911e-01
9.899999999999999911e-01
9.899999999999999911e-01
7.524243908642098688e-01
9.899999999999999911e-01
9.899999999999999911e-01
9.899999999999999911e-01
9.294072489488237609e-01
9.899999999999999911e-01
9.899999999999999911e-01
8.322078578233237378e-01
9.899999999999999911e-01
9.899999999999999911e-01
9.899999999999999911e-01
8.439171913137605285e-01
9.899999999999999911e-01
9.899999999999999911e-01
9.899999999999999911e-01
7.750727735253200024e-01
9.899999999999999911e-01
9.421977705769202238e-01
9.899999999999999911e-01
9.899999999999999911e-01
9.899999999999999911e-01
7.834678860368594622e-01
9.899999999999999911e-01
9.899999999999999911e-01
9.899999999999999911e-01
8.771793882811523835e-01
9.366167359355731525e-01
9.899999999999999911e-01
9.899999999999999911e-01
9.401676480452145768e-01
9.899999999999999911e-01
9.899999999999999911e-01
9.899999999999999911e-01
8.310973711413586207e-01
9.899999999999999911e-01
9.899999999999999911e-01
9.899999999999999911e-01
8.921035691712608795e-01
9.899999999999999911e-01
9.899999999999999911e-01
9.899999999999999911e-01
7.692626865252845114e-01
9.899999999999999911e-01
9.899999999999999911e-01
9.899999999999999911e-01
9.145363980980898422e-01
9.899999999999999911e-01
9.899999999999999911e-01
9.899999999999999911e-01
8.934192310812066884e-01
9.899999999999999911e-01
9.899999999999999911e-01
9.899999999999999911e-01
7.742390296631109781e-01
9.899999999999999911e-01
9.899999999999999911e-01
9.899999999999999911e-01
8.062823612682613605e-01
9.899999999999999911e-01
9.899999999999999911e-01
9.899999999999999911e-01
9.899999999999999911e-01
9.899999999999999911e-01
9.162729960577742361e-01
9.899999999999999911e-01
9.899999999999999911e-01
9.899999999999999911e-01
8.796835309524763113e-01
9.899999999999999911e-01
9.899999999999999911e-01
9.160646135280774427e-01
9.899999999999999911e-01
9.899999999999999911e-01
9.899999999999999911e-01
8.709615569524796763e-01
9.899999999999999911e-01
7.884082984260508686e-01
9.899999999999999911e-01
9.899999999999999911e-01
9.899999999999999911e-01
9.747922380129250275e-01
9.899999999999999911e-01
9.899999999999999911e-01
9.899999999999999911e-01
8.860164571426282221e-01
9.899999999999999911e-01
9.899999999999999911e-01
9.899999999999999911e-01
7.965153426799516101e-01
9.899999999999999911e-01
9.899999999999999911e-01
9.899999999999999911e-01
7.605198916314832580e-01
9.899999999999999911e-01
9.899999999999999911e-01
9.899999999999999911e-01
9.035923051423720986e-01
9.899999999999999911e-01
9.899999999999999911e-01
9.899999999999999911e-01
8.039954570157802349e-01
9.899999999999999911e-01
9.899999999999999911e-01
9.899999999999999911e-01
9.136577515667522187e-01
9.899999999999999911e-01
9.899999999999999911e-01
9.899999999999999911e-01
8.269840291194471282e-01
9.899999999999999911e-01
9.899999999999999911e-01
9.899999999999999911e-01
7.762657222466685658e-01
9.899999999999999911e-01
9.899999999999999911e-01
9.899999999999999911e-01
9.380195850262541546e-01
9.899999999999999911e-01
9.899999999999999911e-01
9.899999999999999911e-01
7.650748434934616649e-01
9.899999999999999911e-01
9.899999999999999911e-01
9.899999999999999911e-01
9.763759588223945851e-01
9.899999999999999911e-01
9.899999999999999911e-01
9.899999999999999911e-01
8.239811828981593589e-01
9.899999999999999911e-01
9.899999999999999911e-01
9.899999999999999911e-01
8.946445546503843937e-01
9.899999999999999911e-01
9.899999999999999911e-01
9.899999999999999911e-01
7.452841547695788771e-01
9.899999999999999911e-01
9.899999999999999911e-01
9.899999999999999911e-01
9.339781114760599134e-01
9.899999999999999911e-01
9.899999999999999911e-01
9.899999999999999911e-01
8.012577791669764915e-01
9.899999999999999911e-01
9.899999999999999911e-01
9.899999999999999911e-01
8.374487494374751595e-01
9.899999999999999911e-01
9.899999999999999911e-01
9.899999999999999911e-01
8.240885803490990424e-01
9.899999999999999911e-01
9.899999999999999911e-01
9.899999999999999911e-01
7.610663177485612607e-01
9.899999999999999911e-01
9.899999999999999911e-01
9.899999999999999911e-01
8.197367680877521989e-01
9.899999999999999911e-01
9.899999999999999911e-01
9.899999999999999911e-01
7.529704948971713829e-01
9.899999999999999911e-01
9.899999999999999911e-01
9.899999999999999911e-01
8.205672694976892112e-01
9.899999999999999911e-01
9.899999999999999911e-01
9.899999999999999911e-01
9.083800513737992910e-01
9.899999999999999911e-01
9.899999999999999911e-01
7.466958752394264875e-01
9.899999999999999911e-01
9.899999999999999911e-01
9.899999999999999911e-01
7.409889807105290993e-01
8.224274326641908273e-01
9.899999999999999911e-01
9.899999999999999911e-01
9.899999999999999911e-01
9.023083294086293726e-01
9.899999999999999911e-01
9.899999999999999911e-01
9.899999999999999911e-01
7.916511197748994366e-01
9.899999999999999911e-01
9.899999999999999911e-01
9.899999999999999911e-01
7.694958682418159279e-01
9.899999999999999911e-01
9.899999999999999911e-01
9.899999999999999911e-01
7.636092920777637350e-01
9.899999999999999911e-01
9.899999999999999911e-01
9.899999999999999911e-01
8.591068761310242108e-01
9.899999999999999911e-01
9.899999999999999911e-01
9.899999999999999911e-01
7.296508658150130389e-01
9.899999999999999911e-01
9.899999999999999911e-01
9.899999999999999911e-01
8.094930755138660672e-01
9.899999999999999911e-01
9.899999999999999911e-01
9.899999999999999911e-01
8.055412246039164170e-01
9.899999999999999911e-01
9.899999999999999911e-01
9.899999999999999911e-01
9.227943365286868094e-01
9.899999999999999911e-01
9.899999999999999911e-01
9.899999999999999911e-01
8.377489338666481711e-01
9.899999999999999911e-01
9.899999999999999911e-01
9.899999999999999911e-01
9.302439009027890782e-01
9.899999999999999911e-01
9.899999999999999911e-01
8.650898700353202297e-01
9.899999999999999911e-01
9.899999999999999911e-01
9.899999999999999911e-01
8.345024830418885653e-01
9.899999999999999911e-01
9.899999999999999911e-01
8.736908503745127730e-01
9.899999999999999911e-01
9.899999999999999911e-01
9.899999999999999911e-01
8.382416311698936973e-01
9.899999999999999911e-01
9.899999999999999911e-01
9.899999999999999911e-01
7.442761101810977387e-01
9.899999999999999911e-01
9.899999999999999911e-01
9.899999999999999911e-01
8.288113609793151815e-01
9.899999999999999911e-01
8.918816225716905688e-01
9.899999999999999911e-01
9.899999999999999911e-01
9.899999999999999911e-01
7.693513726794182217e-01
9.899999999999999911e-01
9.899999999999999911e-01
9.899999999999999911e-01
7.416880812129571510e-01
9.899999999999999911e-01
9.899999999999999911e-01
9.899999999999999911e-01
8.020540757652130370e-01
9.899999999999999911e-01
9.899999999999999911e-01
9.899999999999999911e-01
7.975248555629671499e-01
9.899999999999999911e-01
9.899999999999999911e-01
8.576675665508153301e-01
9.899999999999999911e-01
9.899999999999999911e-01
9.135880602901540470e-01
9.899999999999999911e-01
9.899999999999999911e-01
9.899999999999999911e-01
8.298506136436181180e-01
9.899999999999999911e-01
9.899999999999999911e-01
9.899999999999999911e-01
7.792415517781121626e-01
9.899999999999999911e-01
9.899999999999999911e-01
9.899999999999999911e-01
8.772688641519653663e-01
9.899999999999999911e-01
9.899999999999999911e-01
9.899999999999999911e-01
9.228320597986043872e-01
9.899999999999999911e-01
9.899999999999999911e-01
7.773915705578382518e-01
9.899999999999999911e-01
9.899999999999999911e-01
9.899999999999999911e-01
8.254420162915936388e-01
9.899999999999999911e-01
9.899999999999999911e-01
9.899999999999999911e-01
8.312449817031138943e-01
9.899999999999999911e-01
9.899999999999999911e-01
9.899999999999999911e-01
7.711322887946956417e-01
9.899999999999999911e-01
9.899999999999999911e-01
9.899999999999999911e-01
8.679786566849678753e-01
9.899999999999999911e-01
9.899999999999999911e-01
9.899999999999999911e-01
7.690449506973980887e-01
9.899999999999999911e-01
9.899999999999999911e-01
9.899999999999999911e-01
9.065767206404682366e-01
9.899999999999999911e-01
9.899999999999999911e-01
9.899999999999999911e-01
7.914956377309499969e-01
9.899999999999999911e-01
9.899999999999999911e-01
9.899999999999999911e-01
8.432501140940084072e-01
9.899999999999999911e-01
9.899999999999999911e-01
9.899999999999999911e-01
8.743635518920970240e-01
9.899999999999999911e-01
9.899999999999999911e-01
9.899999999999999911e-01
7.722030170217941691e-01
9.899999999999999911e-01
9.899999999999999911e-01
9.899999999999999911e-01
8.773708147043989269e-01
9.899999999999999911e-01
8.099487072117387276e-01
9.899999999999999911e-01
9.899999999999999911e-01
9.899999999999999911e-01
8.930389184560388882e-01
9.899999999999999911e-01
9.899999999999999911e-01
9.899999999999999911e-01
7.953767340948750819e-01
9.899999999999999911e-01
9.899999999999999911e-01
7.430900382966169060e-01
9.899999999999999911e-01
9.899999999999999911e-01
9.899999999999999911e-01
7.414455737332178442e-01
9.899999999999999911e-01
9.899999999999999911e-01
9.899999999999999911e-01
8.323313343161653499e-01
9.899999999999999911e-01
9.899999999999999911e-01
9.047519726260542239e-01
9.899999999999999911e-01
9.899999999999999911e-01
9.899999999999999911e-01
8.999659671418466234e-01
9.899999999999999911e-01
9.899999999999999911e-01
7.763423571841394644e-01
9.899999999999999911e-01
9.899999999999999911e-01
9.899999999999999911e-01
9.751841473316956721e-01
9.899999999999999911e-01
9.899999999999999911e-01
9.899999999999999911e-01
7.733044131028234958e-01
9.899999999999999911e-01
9.899999999999999911e-01
9.899999999999999911e-01
8.184123637689882935e-01
9.899999999999999911e-01
9.899999999999999911e-01
9.899999999999999911e-01
9.199966896173090714e-01
9.899999999999999911e-01
9.899999999999999911e-01
9.899999999999999911e-01
8.693817453527241668e-01
9.899999999999999911e-01
9.899999999999999911e-01
8.661312138728560761e-01
9.899999999999999911e-01
9.899999999999999911e-01
9.899999999999999911e-01
8.493951055149386864e-01
9.899999999999999911e-01
9.899999999999999911e-01
9.899999999999999911e-01
7.661287098174673904e-01
9.899999999999999911e-01
9.899999999999999911e-01
9.899999999999999911e-01
8.473593678117556927e-01
9.899999999999999911e-01
7.517725023270610540e-01
9.899999999999999911e-01
9.899999999999999911e-01
8.355964784735969708e-01
9.899999999999999911e-01
9.899999999999999911e-01
9.899999999999999911e-01
9.209179199085614220e-01
9.899999999999999911e-01
9.899999999999999911e-01
9.899999999999999911e-01
8.847576926456741653e-01
9.899999999999999911e-01
9.899999999999999911e-01
7.891423315102192859e-01
9.899999999999999911e-01
9.899999999999999911e-01
9.899999999999999911e-01
9.217151463521864319e-01
9.899999999999999911e-01
9.899999999999999911e-01
9.899999999999999911e-01
7.999044798175867221e-01
9.899999999999999911e-01
9.899999999999999911e-01
9.276709989687738078e-01
9.899999999999999911e-01
9.899999999999999911e-01
9.899999999999999911e-01
7.763651279393835036e-01
9.899999999999999911e-01
9.899999999999999911e-01
9.148566143881091683e-01
9.899999999999999911e-01
9.899999999999999911e-01
9.899999999999999911e-01
8.409354919683726948e-01
9.899999999999999911e-01
9.899999999999999911e-01
9.899999999999999911e-01
9.279044203220325748e-01
9.899999999999999911e-01
9.899999999999999911e-01
9.899999999999999911e-01
8.532260046585858904e-01
9.899999999999999911e-01
9.899999999999999911e-01
9.899999999999999911e-01
8.157989810519195029e-01
9.899999999999999911e-01
9.899999999999999911e-01
9.899999999999999911e-01
9.168294667338648951e-01
9.899999999999999911e-01
9.899999999999999911e-01
9.899999999999999911e-01
8.322671553817990731e-01
9.899999999999999911e-01
9.899999999999999911e-01
9.333773559306274281e-01
9.899999999999999911e-01
9.899999999999999911e-01
9.899999999999999911e-01
8.834386905638320631e-01
9.899999999999999911e-01
8.913153268437734589e-01
9.899999999999999911e-01
9.899999999999999911e-01
9.899999999999999911e-01
7.718634601127957184e-01
9.899999999999999911e-01
9.899999999999999911e-01
9.899999999999999911e-01
9.207687017644703431e-01
9.899999999999999911e-01
9.899999999999999911e-01
9.899999999999999911e-01
8.835048958536896313e-01
9.899999999999999911e-01
9.899999999999999911e-01
7.689178342967498692e-01
9.899999999999999911e-01
9.899999999999999911e-01
9.899999999999999911e-01
9.150650606149837163e-01
9.899999999999999911e-01
9.899999999999999911e-01
9.899999999999999911e-01
9.175984493181388313e-01
9.899999999999999911e-01
9.899999999999999911e-01
9.899999999999999911e-01
8.756113791537358804e-01
9.899999999999999911e-01
9.899999999999999911e-01
9.899999999999999911e-01
7.649222636760054650e-01
9.899999999999999911e-01
9.899999999999999911e-01
9.899999999999999911e-01
7.796440428333549777e-01
9.899999999999999911e-01
9.899999999999999911e-01
9.899999999999999911e-01
7.882575733820333941e-01
9.899999999999999911e-01
9.899999999999999911e-01
7.598168833016486490e-01
9.899999999999999911e-01
9.899999999999999911e-01
9.899999999999999911e-01
9.004553025034258695e-01
9.899999999999999911e-01
9.899999999999999911e-01
7.407534747848626422e-01
9.899999999999999911e-01
9.899999999999999911e-01
9.899999999999999911e-01
9.164723440815474298e-01
9.899999999999999911e-01
7.560820230208866732e-01
9.899999999999999911e-01
9.899999999999999911e-01
7.460358565307577683e-01
9.899999999999999911e-01
9.899999999999999911e-01
9.075445882224667526e-01
9.899999999999999911e-01
9.899999999999999911e-01
9.183680366165655196e-01
9.899999999999999911e-01
9.899999999999999911e-01
9.899999999999999911e-01
9.342219787057547409e-01
9.899999999999999911e-01
9.899999999999999911e-01
7.890976852991030688e-01
9.899999999999999911e-01
9.899999999999999911e-01
9.899999999999999911e-01
8.158902264167163798e-01
9.899999999999999911e-01
9.899999999999999911e-01
9.899999999999999911e-01
8.508892842582224114e-01
9.899999999999999911e-01
9.899999999999999911e-01
9.899999999999999911e-01
9.338241875944246484e-01
9.899999999999999911e-01
9.899999999999999911e-01
8.949732047223326603e-01
9.899999999999999911e-01
9.899999999999999911e-01
9.899999999999999911e-01
8.892343258088910574e-01
9.899999999999999911e-01
9.899999999999999911e-01
9.007945175199362220e-01
9.899999999999999911e-01
9.899999999999999911e-01
9.899999999999999911e-01
9.507217161638770175e-01
9.899999999999999911e-01
9.899999999999999911e-01
9.899999999999999911e-01
9.899999999999999911e-01
9.899999999999999911e-01
9.119438998529740825e-01
9.899999999999999911e-01
9.899999999999999911e-01
7.794200645708597719e-01
9.899999999999999911e-01
9.899999999999999911e-01
9.899999999999999911e-01
8.280500567006081614e-01
9.899999999999999911e-01
9.899999999999999911e-01
9.899999999999999911e-01
8.258788078419836420e-01
9.899999999999999911e-01
7.290978051710071961e-01
9.899999999999999911e-01
9.899999999999999911e-01
8.844173665254315697e-01
9.899999999999999911e-01
9.899999999999999911e-01
9.899999999999999911e-01
8.624254518457827867e-01
9.899999999999999911e-01
9.899999999999999911e-01
9.899999999999999911e-01
8.176074202673776492e-01
9.899999999999999911e-01
9.899999999999999911e-01
8.145932403308212555e-01
9.899999999999999911e-01
9.899999999999999911e-01
9.899999999999999911e-01
8.665572569476071019e-01
9.899999999999999911e-01
9.899999999999999911e-01
9.899999999999999911e-01
9.291415306659950302e-01
9.899999999999999911e-01
9.899999999999999911e-01
9.899999999999999911e-01
8.403104250700194067e-01
9.899999999999999911e-01
9.899999999999999911e-01
9.899999999999999911e-01
8.455317541101411427e-01
9.899999999999999911e-01
9.899999999999999911e-01
9.899999999999999911e-01
8.695046785304031411e-01
9.899999999999999911e-01
9.899999999999999911e-01
9.899999999999999911e-01
7.934898511962198420e-01
9.899999999999999911e-01
9.899999999999999911e-01
9.899999999999999911e-01
8.061554978049270126e-01
9.899999999999999911e-01
9.899999999999999911e-01
9.899999999999999911e-01
8.830289553647296952e-01
9.899999999999999911e-01
9.899999999999999911e-01
9.899999999999999911e-01
8.156390222170145643e-01
9.899999999999999911e-01
9.899999999999999911e-01
9.899999999999999911e-01
8.322856882909475118e-01
9.899999999999999911e-01
9.899999999999999911e-01
8.882764544142610630e-01
9.899999999999999911e-01
9.899999999999999911e-01
9.899999999999999911e-01
