9.268024967255277247e-01
9.899999999999999911e-01
9.899999999999999911e-01
9.899999999999998801e-01
7.514949526875025487e-01
9.899999999999999911e-01
9.899999999999999911e-01
9.899999999999999911e-01
8.832138749476079465e-01
9.899999999999999911e-01
9.899999999999999911e-01
9.899999999999999911e-01
8.318037336190330366e-01
9.899999999999999911e-01
9.899999999999999911e-01
9.899999999999999911e-01
9.058923243636686218e-01
9.899999999999999911e-01
9.899999999999999911e-01
9.899999999999999911e-01
8.391200664500995110e-01
9.899999999999999911e-01
9.899999999999999911e-01
9.899999999999999911e-01
9.179939399426367830e-01
9.899999999999999911e-01
9.899999999999999911e-01
9.899999999999999911e-01
8.902319689730605612e-01
9.899999999999999911e-01
9.899999999999999911e-01
9.899999999999999911e-01
9.010327146486011296e-01
9.899999999999999911e-01
9.899999999999999911e-01
9.899999999999999911e-01
9.218562214174366165e-01
9.899999999999999911e-01
9.899999999999999911e-01
9.899999999999999911e-01
9.027619501619665865e-01
9.899999999999999911e-01
9.899999999999999911e-01
9.899999999999999911e-01
9.190448988388305596e-01
9.899999999999999911e-01
9.899999999999999911e-01
9.899999999999999911e-01
9.196868982419349470e-01
9.899999999999999911e-01
9.894838424355323347e-01
9.899999999999999911e-01
9.070164075890381206e-01
9.899999999999999911e-01
9.899999999999999911e-01
9.899999999999999911e-01
7.423676815983994981e-01
9.899999999999999911e-01
9.899999999999999911e-01
9.899999999999999911e-01
8.153715326468062852e-01
9.899999999999999911e-01
9.899999999999999911e-01
9.899999999999999911e-01
7.687139075998374871e-01
9.899999999999999911e-01
9.899999999999999911e-01
9.899999999999999911e-01
7.995623526152572103e-01
9.899999999999999911e-01
9.899999999999999911e-01
9.899999999999999911e-01
9.037375790753904292e-01
9.899999999999999911e-01
9.899999999999999911e-01
9.899999999999999911e-01
9.251631561678965721e-01
9.899999999999999911e-01
9.899999999999999911e-01
9.899999999999999911e-01
8.826248328285564160e-01
9.899999999999999911e-01
9.899999999999999911e-01
9.899999999999999911e-01
8.584797300330653247e-01
9.899999999999999911e-01
9.899999999999999911e-01
9.899999999999999911e-01
9.070201413555275538e-01
9.899999999999999911e-01
9.899999999999999911e-01
9.899999999999999911e-01
8.581555712002414404e-01
9.899999999999999911e-01
9.899999999999999911e-01
9.899999999999999911e-01
8.091666405451800603e-01
9.899999999999999911e-01
9.899999999999999911e-01
9.899999999999999911e-01
8.352486259586627826e-01
9.899999999999999911e-01
9.899999999999999911e-01
9.899999999999999911e-01
8.504928266487886690e-01
9.899999999999999911e-01
9.899999999999999911e-01
9.899999999999999911e-01
8.297074339202249460e-01
9.899999999999999911e-01
8.089707058007082896e-01
9.899999999999999911e-01
9.899999999999999911e-01
9.899999999999999911e-01
9.173880962905031078e-01
9.899999999999999911e-01
7.394094596950662179e-01
9.899999999999999911e-01
9.899999999999999911e-01
9.899999999999999911e-01
7.879842227290674295e-01
9.899999999999999911e-01
9.899999999999999911e-01
9.899999999999999911e-01
7.503152728645812175e-01
9.899999999999999911e-01
9.899999999999999911e-01
9.899999999999999911e-01
7.624140413228562840e-01
9.899999999999999911e-01
9.899999999999999911e-01
9.899999999999999911e-01
8.519900138213470919e-01
9.899999999999999911e-01
9.899999999999999911e-01
9.899999999999999911e-01
8.736283983797425989e-01
9.899999999999999911e-01
9.899999999999999911e-01
9.899999999999999911e-01
8.856212864316886924e-01
9.899999999999999911e-01
9.899999999999999911e-01
8.590064466897942008e-01
9.899999999999999911e-01
9.899999999999999911e-01
9.899999999999999911e-01
8.425155124686508623e-01
9.899999999999999911e-01
9.899999999999999911e-01
9.491922715716337722e-01
9.899999999999999911e-01
9.899999999999999911e-01
9.899999999999999911e-01
8.658962211444111157e-01
9.899999999999999911e-01
9.899999999999999911e-01
9.899999999999999911e-01
9.899999999999999911e-01
9.899999999999999911e-01
8.907198049477503821e-01
9.899999999999999911e-01
9.899999999999999911e-01
9.899999999999999911e-01
8.993965668805778968e-01
9.899999999999999911e-01
9.899999999999999911e-01
9.899999999999999911e-01
9.899999999999999911e-01
9.313467067908062225e-01
9.899999999999999911e-01
9.899999999999999911e-01
9.899999999999999911e-01
9.899999999999999911e-01
8.616092414989428017e-01
9.899999999999999911e-01
9.834925929392743793e-01
9.899999999999999911e-01
8.888332977646473676e-01
9.899999999999999911e-01
9.899999999999999911e-01
9.899999999999999911e-01
9.376969656898381800e-01
9.899999999999999911e-01
9.899999999999999911e-01
9.899999999999999911e-01
9.899999999999999911e-01
9.899999999999999911e-01
9.203470893353868920e-01
9.899999999999999911e-01
9.899999999999999911e-01
9.899999999999999911e-01
8.297112574498032300e-01
9.899999999999999911e-01
9.899999999999999911e-01
9.899999999999999911e-01
8.493584377489595827e-01
9.899999999999999911e-01
9.899999999999999911e-01
9.899999999999999911e-01
7.325155696565409658e-01
9.899999999999999911e-01
9.899999999999999911e-01
9.899999999999999911e-01
9.899999999999999911e-01
9.899999999999999911e-01
9.899999999999999911e-01
9.604218573894162114e-01
9.899999999999999911e-01
9.899999999999999911e-01
9.899999999999999911e-01
8.842988824540076731e-01
9.899999999999999911e-01
9.899999999999999911e-01
9.899999999999999911e-01
7.704329710494561834e-01
9.899999999999999911e-01
9.899999999999999911e-01
9.163829145555775213e-01
9.899999999999999911e-01
9.899999999999999911e-01
7.835231963515660869e-01
9.899999999999999911e-01
9.899999999999999911e-01
9.059929900102250411e-01
9.894730838704522968e-01
9.899999999999999911e-01
9.899999999999999911e-01
7.296910207907357782e-01
9.897778467852442752e-01
9.899999999999999911e-01
9.899999999999999911e-01
9.344727610098457760e-01
9.899999999999999911e-01
9.899999999999999911e-01
9.899999999999999911e-01
7.374999890391756852e-01
9.874064018380177554e-01
9.899999999999999911e-01
9.899999999999999911e-01
7.578432955222710321e-01
9.899999999999999911e-01
9.899999999999999911e-01
9.899999999999999911e-01
8.385616528764106015e-01
9.899999999999999911e-01
9.899999999999999911e-01
9.899999999999999911e-01
8.323173802133917443e-01
8.220275335229483282e-01
9.899999999999999911e-01
9.899999999999999911e-01
9.899999999999999911e-01
8.305346420971421173e-01
9.899999999999999911e-01
9.899999999999999911e-01
9.899999999999999911e-01
8.018990843247933986e-01
9.899999999999999911e-01
9.840247772052781450e-01
9.899999999999999911e-01
8.588097518752711990e-01
9.899999999999999911e-01
9.899999999999999911e-01
9.899999999999999911e-01
9.001620643187189241e-01
9.899999999999999911e-01
9.899999999999999911e-01
9.899999999999999911e-01
8.191586665244529053e-01
9.899999999999999911e-01
9.899999999999999911e-01
9.899999999999999911e-01
9.307262045884192592e-01
9.899999999999999911e-01
9.899999999999999911e-01
9.899999999999999911e-01
8.825022231961298091e-01
9.899999999999999911e-01
9.899999999999999911e-01
9.899999999999999911e-01
9.298395515776413101e-01
9.899999999999999911e-01
9.818611286110062730e-01
9.899999999999999911e-01
7.362080546742535425e-01
9.899999999999999911e-01
9.899999999999999911e-01
9.899999999999999911e-01
9.023131192719197058e-01
9.899999999999999911e-01
9.899999999999999911e-01
9.899999999999999911e-01
9.225216449297140020e-01
9.899999999999999911e-01
9.899999999999999911e-01
9.899999999999999911e-01
7.240701171942841574e-01
9.899999999999999911e-01
9.899999999999999911e-01
9.899999999999999911e-01
8.231965505082536882e-01
9.899999999999999911e-01
9.899999999999999911e-01
9.899999999999999911e-01
8.011536482734085141e-01
9.899999999999999911e-01
9.899999999999999911e-01
9.899999999999999911e-01
9.148600213040339879e-01
9.899999999999999911e-01
9.899999999999999911e-01
9.899999999999999911e-01
8.394409170749121962e-01
9.899999999999999911e-01
9.899999999999999911e-01
9.899999999999999911e-01
7.760494648334207435e-01
9.899999999999999911e-01
9.899999999999999911e-01
9.899999999999999911e-01
8.580054701828441210e-01
9.899999999999999911e-01
9.899999999999999911e-01
9.899999999999999911e-01
8.559249505368229372e-01
9.899999999999999911e-01
9.899999999999999911e-01
9.899999999999999911e-01
8.514088442073191043e-01
9.899999999999999911e-01
9.899999999999999911e-01
9.899999999999999911e-01
8.678941615976475399e-01
9.899999999999999911e-01
9.899999999999999911e-01
9.899999999999999911e-01
9.899999999999999911e-01
9.874430118953826385e-01
9.899999999999999911e-01
9.899999999999999911e-01
8.705709699891905906e-01
9.899999999999999911e-01
9.899999999999999911e-01
9.899999999999999911e-01
8.669128270799845160e-01
9.899999999999999911e-01
9.899999999999999911e-01
9.899999999999999911e-01
9.681976385920445516e-01
9.899999999999999911e-01
9.899999999999999911e-01
9.899999999999999911e-01
7.963114347922393144e-01
9.899999999999999911e-01
9.899999999999999911e-01
9.899999999999999911e-01
9.848305573133511182e-01
7.198575946949282711e-01
9.899999999999999911e-01
9.899999999999999911e-01
9.899999999999999911e-01
7.726588588949980796e-01
9.899999999999999911e-01
9.899999999999999911e-01
9.899999999999999911e-01
9.318045915033338344e-01
9.899999999999999911e-01
9.899999999999999911e-01
9.899999999999999911e-01
9.139295060077625710e-01
9.899999999999999911e-01
9.899999999999999911e-01
7.739057162003997181e-01
9.899999999999999911e-01
9.875900674028007531e-01
9.899999999999999911e-01
9.058036148840159507e-01
9.899999999999999911e-01
9.899999999999999911e-01
9.899999999999999911e-01
7.427774079243231187e-01
9.808484225614690910e-01
9.899999999999999911e-01
9.899999999999999911e-01
9.205333084721091241e-01
9.899999999999999911e-01
9.899999999999999911e-01
8.214546133995417332e-01
9.899999999999999911e-01
9.899999999999999911e-01
9.899999999999999911e-01
8.342144691662740641e-01
9.899999999999999911e-01
9.899999999999999911e-01
9.899999999999999911e-01
7.658420531446025192e-01
9.899999999999999911e-01
9.375237355942644957e-01
9.899999999999999911e-01
9.899999999999999911e-01
9.899999999999999911e-01
7.738653986038985799e-01
9.899999999999999911e-01
9.899999999999999911e-01
9.892213785509068602e-01
8.674255681592929479e-01
9.261935301250900920e-01
9.899999999999999911e-01
9.899999999999999911e-01
9.304231973022255575e-01
9.899999999999999911e-01
9.899999999999999911e-01
9.899999999999999911e-01
8.212826144768151648e-01
9.899999999999999911e-01
9.899999999999999911e-01
9.899999999999999911e-01
8.825075118612977221e-01
9.899999999999999911e-01
9.899999999999999911e-01
9.899999999999999911e-01
7.585129008006392670e-01
9.899999999999999911e-01
9.899999999999999911e-01
9.899999999999999911e-01
9.045188913370637573e-01
9.899999999999999911e-01
9.899999999999999911e-01
9.899999999999999911e-01
8.838376941356567151e-01
9.899999999999999911e-01
9.899999999999999911e-01
9.899999999999999911e-01
7.636792291835114987e-01
9.899999999999999911e-01
9.899999999999999911e-01
9.899999999999999911e-01
7.962323626917513497e-01
9.899999999999999911e-01
9.899999999999999911e-01
9.899999999999999911e-01
9.899999999999999911e-01
9.899999999999999911e-01
9.085736105852165734e-01
9.899999999999999911e-01
9.899999999999999911e-01
9.899999999999999911e-01
8.712555582610893579e-01
9.899999999999999911e-01
9.899999999999999911e-01
9.059085497810767107e-01
9.899999999999999911e-01
9.899999999999999911e-01
9.899999999999999911e-01
8.629268008170759563e-01
9.899999999999999911e-01
7.777918071225398133e-01
9.899999999999999911e-01
9.899999999999999911e-01
9.899999999999999911e-01
9.736313675941448142e-01
9.899999999999999911e-01
9.899999999999992140e-01
9.899999999999999911e-01
8.756172107905009216e-01
9.899999999999999911e-01
9.899999999999999911e-01
9.899999999999999911e-01
7.858839305570786138e-01
9.899999999999999911e-01
9.899999999999999911e-01
9.899999999999999911e-01
7.497243277463934152e-01
9.899999999999999911e-01
9.899999999999999911e-01
9.899999999999999911e-01
8.953329844810276050e-01
9.899999999999999911e-01
9.899999999999999911e-01
9.899999999999999911e-01
7.932351797446206554e-01
9.899999999999999911e-01
9.899999999999999911e-01
9.899999999999999911e-01
9.032128920913172765e-01
9.899999999999999911e-01
9.899999999999999911e-01
9.899999999999999911e-01
8.164417534857337788e-01
9.899999999999999911e-01
9.899999999999999911e-01
9.899999999999999911e-01
7.669342762264077518e-01
9.899999999999999911e-01
9.899999999999999911e-01
9.899999999999999911e-01
9.284497448663737718e-01
9.899999999999999911e-01
9.899999999999999911e-01
9.899999999999999911e-01
7.543545345839748340e-01
9.899999999999999911e-01
9.899999999999999911e-01
9.899999999999999911e-01
9.754432452074600635e-01
9.899999999999999911e-01
9.899999999999999911e-01
9.899999999999999911e-01
8.153385735943137202e-01
9.899999999999999911e-01
9.899999999999999911e-01
9.899999999999999911e-01
8.874619416074932543e-01
9.899999999999999911e-01
9.899999999999999911e-01
9.899999999999999911e-01
7.351014655802970976e-01
9.899999999999999911e-01
9.899999999999999911e-01
9.899999999999999911e-01
9.233752227701856885e-01
9.899999999999999911e-01
9.899999999999999911e-01
9.899999999999999911e-01
7.926342104297220414e-01
9.899999999999999911e-01
9.899999999999999911e-01
9.899999999999999911e-01
8.269144380933957095e-01
9.899999999999999911e-01
9.899999999999999911e-01
9.899999999999999911e-01
8.133326697779466041e-01
9.899999999999999911e-01
9.899999999999999911e-01
9.899999999999999911e-01
7.511504260007785261e-01
9.899999999999999911e-01
9.899999999999999911e-01
9.899999999999999911e-01
8.090636056002568077e-01
9.899999999999999911e-01
9.899999999999999911e-01
9.899999999999999911e-01
7.421814147039133003e-01
9.899999999999999911e-01
9.899999999999999911e-01
9.899999999999999911e-01
8.103245175290839653e-01
9.899999999999999911e-01
9.899999999999999911e-01
9.899999999999999911e-01
8.998348125758557359e-01
9.899999999999999911e-01
9.899999999999999911e-01
7.360416871206045819e-01
9.899999999999999911e-01
9.899999999999999911e-01
9.899999999999999911e-01
7.309622286279372494e-01
8.117968464484828228e-01
9.899999999999999911e-01
9.899999999999999911e-01
9.899999999999999911e-01
8.979655632865175541e-01
9.899999999999999911e-01
9.899999999999999911e-01
9.899999999999999911e-01
7.812490348738360124e-01
9.899999999999999911e-01
9.899999999999999911e-01
9.899999999999999911e-01
7.599410130021879706e-01
9.899999999999999911e-01
9.899999999999999911e-01
9.899999999999999911e-01
7.538836038271874429e-01
9.899999999999999911e-01
9.899999999999999911e-01
9.899999999999999911e-01
8.483146267654282369e-01
9.899999999999999911e-01
9.899999999999999911e-01
9.899999999999999911e-01
7.191562168014071776e-01
9.899999999999999911e-01
9.899999999999999911e-01
9.899999999999999911e-01
7.987304629709350845e-01
9.899999999999999911e-01
9.899999999999999911e-01
9.899999999999999911e-01
7.948220969579977702e-01
9.899999999999999911e-01
9.899999999999999911e-01
9.899999999999999911e-01
9.137382997351602976e-01
9.887375965850820903e-01
9.899999999999999911e-01
9.899999999999999911e-01
8.294124986152376922e-01
9.899999999999999911e-01
9.899999999999999911e-01
9.899999999999999911e-01
9.247957536574794579e-01
9.899999999999999911e-01
9.899999999999999911e-01
8.556044631640057352e-01
9.899999999999999911e-01
9.899999999999999911e-01
9.899999999999999911e-01
8.274994298156337358e-01
9.899999999999999911e-01
9.899999999999999911e-01
8.654824121730779751e-01
9.899999999999999911e-01
9.899999999999999911e-01
9.899999999999999911e-01
8.283464797475736940e-01
9.899999999999999911e-01
9.899999999999999911e-01
9.899999999999999911e-01
7.339656039618648320e-01
9.899999999999999911e-01
9.899999999999999911e-01
9.899999999999999911e-01
8.213812422995471207e-01
9.899999999999999911e-01
8.823813936265726410e-01
9.899999999999999911e-01
9.899999999999999911e-01
9.899999999999999911e-01
7.586627526362892393e-01
9.899999999999999911e-01
9.899999999999999911e-01
9.899999999999999911e-01
7.316195567814418599e-01
9.899999999999999911e-01
9.899999999999999911e-01
9.899999999999999911e-01
7.924914676072556396e-01
9.899999999999999911e-01
9.899999999999999911e-01
9.899999999999999911e-01
7.873049747257004904e-01
9.899999999999999911e-01
9.899999999999999911e-01
8.481525110620361518e-01
9.899999999999999911e-01
9.899999999999999911e-01
9.039681023679027039e-01
9.899999999999999911e-01
9.899999999999999911e-01
9.899999999999999911e-01
8.192662452126709960e-01
9.899999999999999911e-01
9.899999999999999911e-01
9.899999999999999911e-01
7.695521201760215924e-01
9.899999999999999911e-01
9.899999999999999911e-01
9.899999999999999911e-01
8.674631329511162114e-01
9.899999999999999911e-01
9.899999999999999911e-01
9.899999999999999911e-01
9.120419775085769620e-01
9.899999999999999911e-01
9.899999999999999911e-01
7.675694689488603562e-01
9.899999999999999911e-01
9.899999999999999911e-01
9.899999999999999911e-01
8.154287472622238075e-01
9.899999999999999911e-01
9.899999999999999911e-01
9.899999999999999911e-01
8.204672950875088189e-01
9.899999999999999911e-01
9.899999999999999911e-01
9.899999999999999911e-01
7.603402022264198479e-01
9.847296547528532340e-01
9.899999999999999911e-01
9.899999999999999911e-01
8.573694073771483959e-01
9.899999999999999911e-01
9.899999999999999911e-01
9.899999999999999911e-01
7.593261020958167462e-01
9.899999999999999911e-01
9.899999999999999911e-01
9.899999999999999911e-01
8.960397120766137036e-01
9.899999999999999911e-01
9.899999999999999911e-01
9.899999999999999911e-01
7.815811745039226155e-01
9.899999999999999911e-01
9.899999999999999911e-01
9.899999999999999911e-01
8.326260292037628297e-01
9.899999999999999911e-01
9.899999999999999911e-01
9.899999999999999911e-01
8.640429629031266545e-01
9.899999999999999911e-01
9.899999999999999911e-01
9.899999999999999911e-01
7.626511920235707898e-01
9.899999999999999911e-01
9.899999999999999911e-01
9.899999999999999911e-01
8.696834456288382587e-01
9.899999999999999911e-01
7.997055975167134401e-01
9.899999999999999911e-01
9.899999999999999911e-01
9.899999999999999911e-01
8.824532873426627066e-01
9.899999999999999911e-01
9.899999999999999911e-01
9.899999999999999911e-01
7.845828671805401555e-01
9.899999999999999911e-01
9.899999999999999911e-01
7.324955340098853185e-01
9.899999999999999911e-01
9.899999999999999911e-01
9.899999999999999911e-01
7.313408031840489265e-01
9.899999999999999911e-01
9.899999999999999911e-01
9.899999999999999911e-01
8.220277571005166761e-01
9.899999999999999911e-01
9.899999999999999911e-01
8.951801956023942575e-01
9.899999999999999911e-01
9.899999999999999911e-01
9.899999999999999911e-01
8.893868326455027784e-01
9.899999999999999911e-01
9.899999999999999911e-01
7.668706056984676556e-01
9.899999999999999911e-01
9.899999999999999911e-01
9.899999999999999911e-01
9.745055341971833318e-01
9.899999999999999911e-01
9.899999999999999911e-01
9.899999999999999911e-01
7.636654026275241369e-01
9.843690804296225672e-01
9.899999999999999911e-01
9.899999999999999911e-01
8.085777540111888095e-01
9.899999999999999911e-01
9.899999999999999911e-01
9.899999999999999911e-01
9.095841953007387515e-01
9.899999999999999911e-01
9.875982150790459935e-01
9.899999999999999911e-01
8.626805361479757961e-01
9.899999999999999911e-01
9.899999999999999911e-01
8.568479251753869930e-01
9.899999999999999911e-01
9.899999999999999911e-01
9.865313260856511945e-01
8.393043403885545040e-01
9.849639933089784360e-01
9.899999999999999911e-01
9.899999999999999911e-01
7.562288460622530462e-01
9.899999999999999911e-01
9.899999999999999911e-01
9.899999999999999911e-01
8.409316933613021350e-01
9.899999999999999911e-01
7.419521138928026893e-01
9.899999999999999911e-01
9.899999999999999911e-01
8.255343937383962105e-01
9.899999999999999911e-01
9.899999999999999911e-01
9.899999999999999911e-01
9.110130641207515589e-01
9.899999999999999911e-01
9.899999999999999911e-01
9.899999999999999911e-01
8.744380389698309664e-01
9.899999999999999911e-01
9.899999999999999911e-01
7.795706678602809525e-01
9.899999999999999911e-01
9.899999999999999911e-01
9.899999999999999911e-01
9.120414829794164513e-01
9.899999999999999911e-01
9.899999999999999911e-01
9.895973864589291402e-01
7.891203932999023563e-01
9.899999999999999911e-01
9.899999999999999911e-01
9.169788811105031856e-01
9.899999999999999911e-01
9.899999999999999911e-01
9.899999999999999911e-01
7.673794108953813087e-01
9.899999999999999911e-01
9.899999999999999911e-01
9.044020221143476146e-01
9.899999999999999911e-01
9.899999999999999911e-01
9.894081028176018311e-01
8.310909124181191654e-01
9.899999999999999911e-01
9.899999999999999911e-01
9.899999999999999911e-01
9.221038832511665451e-01
9.899999999999999911e-01
9.899999999999999911e-01
9.899999999999999911e-01
8.424351757366902449e-01
9.899999999999999911e-01
9.899999999999999911e-01
9.899999999999999911e-01
8.061821789561475216e-01
9.899999999999999911e-01
9.899999999999999911e-01
9.899999999999999911e-01
9.067307442716769916e-01
9.899999999999999911e-01
9.899999999999999911e-01
9.899999999999999911e-01
8.214993701517449010e-01
9.899999999999999911e-01
9.899999999999999911e-01
9.225891242300203743e-01
9.899999999999999911e-01
9.899999999999999911e-01
9.899999999999999911e-01
8.746922866510343786e-01
9.899999999999999911e-01
8.806013009095363664e-01
9.899999999999999911e-01
9.899999999999999911e-01
9.899999999999999911e-01
7.610709095710680439e-01
9.899999999999999911e-01
9.899999999999999911e-01
9.899999999999999911e-01
9.103047947559030906e-01
9.899999999999999911e-01
9.899999999999999911e-01
9.899999999999999911e-01
8.738004480695118481e-01
9.899999999999999911e-01
9.899999999999999911e-01
7.583015147944324186e-01
9.899999999999999911e-01
9.899999999999999911e-01
9.899999999999999911e-01
9.052092207648010369e-01
9.899999999999999911e-01
9.899999999999999911e-01
9.899999999999999911e-01
9.069405494137956492e-01
9.899999999999999911e-01
9.899999999999999911e-01
9.899999999999999911e-01
8.704314804242341275e-01
9.899999999999999911e-01
9.899999999999999911e-01
9.899999999999999911e-01
7.541290040981916132e-01
9.899999999999999911e-01
9.899999999999999911e-01
9.899999999999999911e-01
7.696369101064538532e-01
9.899999999999999911e-01
9.899999999999999911e-01
9.899999999999999911e-01
7.784044374464388349e-01
9.899999999999999911e-01
9.899999999999999911e-01
7.502309593409600685e-01
9.899999999999999911e-01
9.899999999999999911e-01
9.899999999999999911e-01
8.907923036238405423e-01
9.899999999999999911e-01
9.899999999999999911e-01
7.301479311693238605e-01
9.899999999999999911e-01
9.899999999999999911e-01
9.899999999999999911e-01
9.056937743481530134e-01
9.899999999999999911e-01
7.465241952774614997e-01
9.899999999999999911e-01
9.899999999999999911e-01
7.352421357786186329e-01
9.899999999999999911e-01
9.899999999999999911e-01
8.978142766660505147e-01
9.899999999999999911e-01
9.832039843381236155e-01
9.083033197489114308e-01
9.899999999999999911e-01
9.891079938930480431e-01
9.899999999999999911e-01
9.234724876311243280e-01
9.899999999999999911e-01
9.899999999999999911e-01
7.784345382521805634e-01
9.899999999999999911e-01
9.899999999999999911e-01
9.820541411761668504e-01
8.064515581261079147e-01
9.899999999999999911e-01
9.899999999999999911e-01
9.899999999999999911e-01
8.408230630415328699e-01
9.899999999999999911e-01
9.899999999999999911e-01
9.899999999999999911e-01
9.242261934514739430e-01
9.899999999999999911e-01
9.899999999999999911e-01
8.905630879764211416e-01
9.899999999999999911e-01
9.899999999999999911e-01
9.899999999999999911e-01
8.819006149818411355e-01
9.899999999999999911e-01
9.899999999999999911e-01
8.906150699991619568e-01
9.899999999999999911e-01
9.899999999999999911e-01
9.899999999999999911e-01
9.451435101088027091e-01
9.899999999999999911e-01
9.899999999999999911e-01
9.899999999999999911e-01
9.899999999999999911e-01
9.899999999999999911e-01
9.069382370489651457e-01
9.899999999999999911e-01
9.899999999999999911e-01
7.689747720726455293e-01
9.899999999999999911e-01
9.899999999999999911e-01
9.899999999999999911e-01
8.183116065481899071e-01
9.899999999999999911e-01
9.899999999999999911e-01
9.899999999999999911e-01
8.173244302829117958e-01
9.830158568915015049e-01
7.183013050409196021e-01
9.899999999999999911e-01
9.899999999999999911e-01
8.748045419732656258e-01
9.899999999999999911e-01
9.868734320900326429e-01
9.883472093300332828e-01
8.522275185434287081e-01
9.899999999999999911e-01
9.899999999999999911e-01
9.899999999999999911e-01
8.075980572053226281e-01
9.899999999999999911e-01
9.899999999999999911e-01
8.048348979556945171e-01
9.896495828506713943e-01
9.899999999999999911e-01
9.899999999999999911e-01
8.563442820975055714e-01
9.899999999999999911e-01
9.899999999999999911e-01
9.899999999999999911e-01
9.193862682660258745e-01
9.899999999999999911e-01
9.899999999999999911e-01
9.899999999999999911e-01
8.299191920492475782e-01
9.899999999999999911e-01
9.899999999999999911e-01
9.899999999999999911e-01
8.352298410457202893e-01
9.899999999999999911e-01
9.899999999999999911e-01
9.899999999999999911e-01
8.598024910778876428e-01
9.899999999999999911e-01
9.899999999999999911e-01
9.899999999999999911e-01
7.834268903887079416e-01
9.899999999999999911e-01
9.846980374012845871e-01
9.899999999999999911e-01
7.958372467109178228e-01
9.899999999999999911e-01
9.899999999999999911e-01
9.899999999999999911e-01
8.733070511412730497e-01
9.899999999999999911e-01
9.899999999999999911e-01
9.899999999999999911e-01
8.057202115017473298e-01
9.899999999999999911e-01
9.899999999999999911e-01
9.899999999999999911e-01
8.252190849144060980e-01
9.899999999999999911e-01
9.899999999999999911e-01
8.821720967749792086e-01
9.899999999999999911e-01
9.899999999999999911e-01
9.899999999999999911e-01
