9.307014177470083194e-01
9.899999999999999911e-01
9.899999999999999911e-01
9.899999999999998801e-01
7.599910649190141365e-01
9.899999999999999911e-01
9.899999999999999911e-01
9.899999999999999911e-01
8.878762265357785788e-01
9.899999999999999911e-01
9.899999999999999911e-01
9.899999999999999911e-01
8.402111555188334080e-01
9.899999999999999911e-01
9.899999999999999911e-01
9.899999999999999911e-01
9.149378946882630315e-01
9.899999999999999911e-01
9.899999999999999911e-01
9.899999999999999911e-01
8.475000860791389590e-01
9.899999999999999911e-01
9.899999999999999911e-01
9.899999999999999911e-01
9.274259874046217877e-01
9.899999999999999911e-01
9.899999999999999911e-01
9.899999999999999911e-01
8.996600016572243730e-01
9.899999999999999911e-01
9.899999999999999911e-01
9.899999999999999911e-01
9.104236395293993089e-01
9.899999999999999911e-01
9.899999999999999911e-01
9.899999999999999911e-01
9.301539446881399442e-01
9.899999999999999911e-01
9.899999999999999911e-01
9.899999999999999911e-01
9.121568743488104314e-01
9.899999999999999911e-01
9.899999999999999911e-01
9.899999999999999911e-01
9.264274287658403884e-01
9.899999999999999911e-01
9.899999999999999911e-01
9.899999999999999911e-01
9.281078731909188084e-01
9.899999999999999911e-01
9.899999999999999911e-01
9.899999999999999911e-01
9.158860889992689325e-01
9.899999999999999911e-01
9.899999999999999911e-01
9.899999999999999911e-01
7.507632509371731100e-01
9.899999999999999911e-01
9.899999999999999911e-01
9.899999999999999911e-01
8.244263399127341740e-01
9.899999999999999911e-01
9.899999999999999911e-01
9.899999999999999911e-01
7.773419724967121081e-01
9.899999999999999911e-01
9.899999999999999911e-01
9.899999999999999911e-01
8.079893863425772205e-01
9.899999999999999911e-01
9.899999999999999911e-01
9.899999999999999911e-01
9.122784709563507288e-01
9.899999999999999911e-01
9.899999999999999911e-01
9.899999999999999911e-01
9.305604022632931738e-01
9.899999999999999911e-01
9.899999999999988809e-01
9.899999999999999911e-01
8.890024390525040898e-01
9.899999999999999911e-01
9.899999999999999911e-01
9.899999999999999911e-01
8.669323437420748402e-01
9.899999999999999911e-01
9.899999999999999911e-01
9.899999999999999911e-01
9.154858960700494874e-01
9.899999999999999911e-01
9.899999999999999911e-01
9.899999999999999911e-01
8.667720778240891599e-01
9.899999999999999911e-01
9.899999999999999911e-01
9.899999999999999911e-01
8.185368994707890034e-01
9.899999999999999911e-01
9.899999999999999911e-01
9.899999999999999911e-01
8.444854888230463041e-01
9.899999999999999911e-01
9.899999999999999911e-01
9.899999999999999911e-01
8.592586466001657097e-01
9.899999999999999911e-01
9.899999999999999911e-01
9.899999999999999911e-01
8.379609570488099068e-01
9.899999999999999911e-01
8.181686930912661637e-01
9.899999999999999911e-01
9.899999999999999911e-01
9.899999999999999911e-01
9.247423846883838783e-01
9.899999999999999911e-01
7.479534562033072209e-01
9.899999999999999911e-01
9.899999999999999911e-01
9.899999999999999911e-01
7.968037972915826828e-01
9.899999999999999911e-01
9.899999999999999911e-01
9.899999999999999911e-01
7.597601284790208576e-01
9.899999999999999911e-01
9.899999999999999911e-01
9.899999999999999911e-01
7.714569758156494261e-01
9.899999999999999911e-01
9.899999999999999911e-01
9.899999999999999911e-01
8.613960784071955645e-01
9.899999999999999911e-01
9.899999999999999911e-01
9.899999999999999911e-01
8.820962457176567684e-01
9.899999999999999911e-01
9.899999999999999911e-01
9.899999999999999911e-01
8.899167019706438753e-01
9.899999999999999911e-01
9.899999999999999911e-01
8.645532877047483744e-01
9.899999999999999911e-01
9.899999999999999911e-01
9.899999999999999911e-01
8.480134420034960430e-01
9.899999999999999911e-01
9.899999999999999911e-01
9.516111682185922627e-01
9.899999999999999911e-01
9.899999999999999911e-01
9.899999999999999911e-01
8.725259117899992756e-01
9.899999999999999911e-01
9.899999999999999911e-01
9.899999999999999911e-01
9.899999999999999911e-01
9.899999999999999911e-01
8.966934586736420298e-01
9.899999999999999911e-01
9.899999999999999911e-01
9.899999999999999911e-01
9.062495769896999898e-01
9.899999999999999911e-01
9.899999999999999911e-01
9.899999999999999911e-01
9.899999999999999911e-01
9.392389428714071897e-01
9.899999999999999911e-01
9.899999999999999911e-01
9.899999999999999911e-01
9.899999999999999911e-01
8.682782898141655492e-01
9.899999999999999911e-01
9.899999999999999911e-01
9.899999999999999911e-01
8.945522195512741748e-01
9.899999999999999911e-01
9.899999999999999911e-01
9.899999999999999911e-01
9.448861480860931694e-01
9.899999999999999911e-01
9.899999999999999911e-01
9.899999999999999911e-01
9.899999999999999911e-01
9.899999999999999911e-01
9.277096113474411210e-01
9.899999999999999911e-01
9.899999999999999911e-01
9.899999999999999911e-01
8.366629656539755766e-01
9.899999999999999911e-01
9.899999999999999911e-01
9.899999999999999911e-01
8.587985190444400452e-01
9.899999999999999911e-01
9.899999999999999911e-01
9.899999999999999911e-01
7.417377801011451055e-01
9.899999999999999911e-01
9.899999999999999911e-01
9.899999999999999911e-01
9.899999999999999911e-01
9.899999999999999911e-01
9.899999999999999911e-01
9.623691466533709216e-01
9.899999999999999911e-01
9.899999999999999911e-01
9.899999999999999911e-01
8.928573431611187550e-01
9.899999999999999911e-01
9.899999999999999911e-01
9.899999999999999911e-01
7.780956930926480331e-01
9.899999999999999911e-01
9.899999999999999911e-01
9.231392001416790505e-01
9.899999999999999911e-01
9.899999999999999911e-01
7.914768887859835456e-01
9.899999999999999911e-01
9.899999999999999911e-01
9.130089754407518798e-01
9.899999999999999911e-01
9.899999999999999911e-01
9.899999999999999911e-01
7.385065200358219561e-01
9.899999999999999911e-01
9.899999999999999911e-01
9.899999999999999911e-01
9.403594934152561535e-01
9.899999999999999911e-01
9.899999999999999911e-01
9.899999999999999911e-01
7.463881795047222489e-01
9.899999999999999911e-01
9.899999999999999911e-01
9.899999999999999911e-01
7.672254643225614457e-01
9.899999999999999911e-01
9.899999999999999911e-01
9.899999999999999911e-01
8.479784046167024858e-01
9.899999999999999911e-01
9.899999999999999911e-01
9.899999999999999911e-01
8.390876167702780997e-01
8.313711264193835992e-01
9.899999999999999911e-01
9.899999999999999911e-01
9.899999999999999911e-01
8.393674595984461639e-01
9.899999999999999911e-01
9.899999999999999911e-01
9.899999999999999911e-01
8.102807622928716036e-01
9.899999999999999911e-01
9.899999999999999911e-01
9.899999999999999911e-01
8.672246844316063852e-01
9.899999999999999911e-01
9.899999999999999911e-01
9.899999999999999911e-01
9.087717305256165501e-01
9.899999999999999911e-01
9.899999999999999911e-01
9.899999999999999911e-01
8.276351724495746298e-01
9.899999999999999911e-01
9.899999999999999911e-01
9.899999999999999911e-01
9.391392345896379945e-01
9.899999999999999911e-01
9.899999999999999911e-01
9.899999999999999911e-01
8.877275396410021502e-01
9.899999999999999911e-01
9.899999999999999911e-01
9.899999999999999911e-01
9.387855042921323667e-01
9.899999999999999911e-01
9.899999999999999911e-01
9.899999999999999911e-01
7.450330559475910608e-01
9.899999999999999911e-01
9.899999999999999911e-01
9.899999999999999911e-01
9.108627529187169891e-01
9.899999999999999911e-01
9.899999999999999911e-01
9.899999999999999911e-01
9.317788795948145353e-01
9.899999999999999911e-01
9.899999999999999911e-01
9.899999999999999911e-01
7.334909656585999471e-01
9.899999999999999911e-01
9.899999999999999911e-01
9.899999999999999911e-01
8.324327622756030332e-01
9.899999999999999911e-01
9.899999999999999911e-01
9.899999999999999911e-01
8.095973703337447924e-01
9.899999999999999911e-01
9.899999999999999911e-01
9.899999999999999911e-01
9.233694391179044780e-01
9.899999999999999911e-01
9.899999999999999911e-01
9.899999999999999911e-01
8.482367485339984414e-01
9.899999999999999911e-01
9.899999999999999911e-01
9.899999999999999911e-01
7.852578091908156699e-01
9.899999999999999911e-01
9.899999999999999911e-01
9.899999999999999911e-01
8.666690253229429874e-01
9.899999999999999911e-01
9.899999999999999911e-01
9.899999999999999911e-01
8.642996617958104144e-01
9.899999999999999911e-01
9.899999999999999911e-01
9.899999999999999911e-01
8.607776611195637750e-01
9.899999999999999911e-01
9.899999999999999911e-01
9.899999999999999911e-01
8.773355688712889400e-01
9.899999999999999911e-01
9.899999999999999911e-01
9.899999999999999911e-01
9.899999999999999911e-01
9.899999999999999911e-01
9.899999999999999911e-01
9.899999999999999911e-01
8.766679939157523416e-01
9.899999999999999911e-01
9.899999999999999911e-01
9.899999999999999911e-01
8.763146143817626132e-01
9.899999999999999911e-01
9.899999999999999911e-01
9.899999999999999911e-01
9.694113384249862797e-01
9.899999999999999911e-01
9.899999999999999911e-01
9.899999999999999911e-01
8.032982069003672398e-01
9.899999999999999911e-01
9.899999999999999911e-01
9.899999999999999911e-01
9.899999999999999911e-01
7.291060718729872603e-01
9.899999999999999911e-01
9.899999999999999911e-01
9.899999999999999911e-01
7.807160598114538663e-01
9.899999999999999911e-01
9.899999999999999911e-01
9.899999999999999911e-01
9.401631319000999243e-01
9.899999999999999911e-01
9.899999999999999911e-01
9.899999999999999911e-01
9.230982494031334529e-01
9.899999999999999911e-01
9.899999999999999911e-01
7.833378845754997988e-01
9.899999999999999911e-01
9.899999999999999911e-01
9.899999999999999911e-01
9.148415527307878214e-01
9.899999999999999911e-01
9.899999999999999911e-01
9.899999999999999911e-01
7.512207113137060466e-01
9.899999999999999911e-01
9.899999999999999911e-01
9.899999999999999911e-01
9.282963902627915376e-01
9.899999999999999911e-01
9.899999999999999911e-01
8.308629317638293044e-01
9.899999999999999911e-01
9.899999999999999911e-01
9.899999999999999911e-01
8.427058331922313572e-01
9.899999999999999911e-01
9.899999999999999911e-01
9.899999999999999911e-01
7.739136790712221048e-01
9.899999999999999911e-01
9.416114831795426854e-01
9.899999999999999911e-01
9.899999999999999911e-01
9.899999999999999911e-01
7.822690792490517575e-01
9.899999999999999911e-01
9.899999999999999911e-01
9.899999999999999911e-01
8.759578537737363613e-01
9.353131644905968711e-01
9.899999999999999911e-01
9.899999999999999911e-01
9.389500686202261193e-01
9.899999999999999911e-01
9.899999999999999911e-01
9.899999999999999911e-01
8.298682174573209780e-01
9.899999999999999911e-01
9.899999999999999911e-01
9.899999999999999911e-01
8.909045712107851456e-01
9.899999999999999911e-01
9.899999999999999911e-01
9.899999999999999911e-01
7.679178085134291676e-01
9.899999999999999911e-01
9.899999999999999911e-01
9.899999999999999911e-01
9.132851801010027915e-01
9.899999999999999911e-01
9.899999999999999911e-01
9.899999999999999911e-01
8.922212151496972110e-01
9.899999999999999911e-01
9.899999999999999911e-01
9.899999999999999911e-01
7.729167619241481546e-01
9.899999999999999911e-01
9.899999999999999911e-01
9.899999999999999911e-01
8.050285329012019098e-01
9.899999999999999911e-01
9.899999999999999911e-01
9.899999999999999911e-01
9.899999999999999911e-01
9.899999999999999911e-01
9.153081737064889811e-01
9.899999999999999911e-01
9.899999999999999911e-01
9.899999999999999911e-01
8.786268245262688348e-01
9.899999999999999911e-01
9.899999999999999911e-01
9.147960502754282075e-01
9.899999999999999911e-01
9.899999999999999911e-01
9.899999999999999911e-01
8.699535231339063923e-01
9.899999999999999911e-01
7.870793457106507462e-01
9.899999999999999911e-01
9.899999999999999911e-01
9.899999999999999911e-01
9.746463681540055157e-01
9.899999999999999911e-01
9.899999999999999911e-01
9.899999999999999911e-01
8.847151783381090873e-01
9.899999999999999911e-01
9.899999999999999911e-01
9.899999999999999911e-01
7.951846725065963017e-01
9.899999999999999911e-01
9.899999999999999911e-01
9.899999999999999911e-01
7.591702335972575488e-01
9.899999999999999911e-01
9.899999999999999911e-01
9.899999999999999911e-01
9.025573012985877996e-01
9.899999999999999911e-01
9.899999999999999911e-01
9.899999999999999911e-01
8.026495665966372206e-01
9.899999999999999911e-01
9.899999999999999911e-01
9.899999999999999911e-01
9.123511995574187239e-01
9.899999999999999911e-01
9.899999999999999911e-01
9.899999999999999911e-01
8.256644697694603963e-01
9.899999999999999911e-01
9.899999999999999911e-01
9.899999999999999911e-01
7.750942122847861437e-01
9.899999999999999911e-01
9.899999999999999911e-01
9.899999999999999911e-01
9.368222180836923707e-01
9.899999999999999911e-01
9.899999999999999911e-01
9.899999999999999911e-01
7.637358573045629484e-01
9.899999999999999911e-01
9.899999999999999911e-01
9.899999999999999911e-01
9.762586830076632749e-01
9.899999999999999911e-01
9.899999999999999911e-01
9.899999999999999911e-01
8.228962156903040226e-01
9.899999999999999911e-01
9.899999999999999911e-01
9.899999999999999911e-01
8.937434313589067703e-01
9.899999999999999911e-01
9.899999999999999911e-01
9.899999999999999911e-01
7.440144583600539763e-01
9.899999999999999911e-01
9.899999999999999911e-01
9.899999999999999911e-01
9.326522369959785452e-01
9.899999999999999911e-01
9.899999999999999911e-01
9.899999999999999911e-01
8.001745376758159223e-01
9.899999999999999911e-01
9.899999999999999911e-01
9.899999999999999911e-01
8.361302791978365567e-01
9.899999999999999911e-01
9.899999999999999911e-01
9.899999999999999911e-01
8.227446131905814530e-01
9.899999999999999911e-01
9.899999999999999911e-01
9.899999999999999911e-01
7.598298033679782293e-01
9.899999999999999911e-01
9.899999999999999911e-01
9.899999999999999911e-01
8.184012840646821552e-01
9.899999999999999911e-01
9.899999999999999911e-01
9.899999999999999911e-01
7.516220452694051257e-01
9.899999999999999911e-01
9.899999999999999911e-01
9.899999999999999911e-01
8.192890380587991572e-01
9.899999999999999911e-01
9.899999999999999911e-01
9.899999999999999911e-01
9.073095698761358685e-01
9.899999999999999911e-01
9.899999999999999911e-01
7.453620293935575569e-01
9.899999999999999911e-01
9.899999999999999911e-01
9.899999999999999911e-01
7.397311568261198955e-01
8.210971041923204039e-01
9.899999999999999911e-01
9.899999999999999911e-01
9.899999999999999911e-01
9.017617014910477291e-01
9.899999999999999911e-01
9.899999999999999911e-01
9.899999999999999911e-01
7.903482150837868314e-01
9.899999999999999911e-01
9.899999999999999911e-01
9.899999999999999911e-01
7.683023555118279058e-01
9.899999999999999911e-01
9.899999999999999911e-01
9.899999999999999911e-01
7.623960773740935393e-01
9.899999999999999911e-01
9.899999999999999911e-01
9.899999999999999911e-01
8.577577279838684010e-01
9.899999999999999911e-01
9.899999999999999911e-01
9.899999999999999911e-01
7.283359371423572259e-01
9.899999999999999911e-01
9.899999999999999911e-01
9.899999999999999911e-01
8.081482512239049898e-01
9.899999999999999911e-01
9.899999999999999911e-01
9.899999999999999911e-01
8.042022043660395081e-01
9.899999999999999911e-01
9.899999999999999911e-01
9.899999999999999911e-01
9.216606149497986733e-01
9.899999999999999911e-01
9.899999999999999911e-01
9.899999999999999911e-01
8.367023819549069819e-01
9.899999999999999911e-01
9.899999999999999911e-01
9.899999999999999911e-01
9.295604702463815538e-01
9.899999999999999911e-01
9.899999999999999911e-01
8.639013687589065515e-01
9.899999999999999911e-01
9.899999999999999911e-01
9.899999999999999911e-01
8.336216326951715327e-01
9.899999999999999911e-01
9.899999999999999911e-01
8.726612854332501668e-01
9.899999999999999911e-01
9.899999999999999911e-01
9.899999999999999911e-01
8.370018217055152920e-01
9.899999999999999911e-01
9.899999999999999911e-01
9.899999999999999911e-01
7.429836891617291883e-01
9.899999999999999911e-01
9.899999999999999911e-01
9.899999999999999911e-01
8.278771896100602934e-01
9.899999999999999911e-01
8.906918874455352908e-01
9.899999999999999911e-01
9.899999999999999911e-01
9.899999999999999911e-01
7.680136388073866005e-01
9.899999999999999911e-01
9.899999999999999911e-01
9.899999999999999911e-01
7.404380415414398842e-01
9.899999999999999911e-01
9.899999999999999911e-01
9.899999999999999911e-01
8.008583518896073006e-01
9.899999999999999911e-01
9.899999999999999911e-01
9.899999999999999911e-01
7.962443311419491465e-01
9.899999999999999911e-01
9.899999999999999911e-01
8.564752203360213034e-01
9.899999999999999911e-01
9.899999999999999911e-01
9.123850146260145122e-01
9.899999999999999911e-01
9.899999999999999911e-01
9.899999999999999911e-01
8.285253479446614833e-01
9.899999999999999911e-01
9.899999999999999911e-01
9.899999999999999911e-01
7.780325266602338141e-01
9.899999999999999911e-01
9.899999999999999911e-01
9.899999999999999911e-01
8.760444663731369319e-01
9.899999999999999911e-01
9.899999999999999911e-01
9.899999999999999911e-01
9.214832543652373698e-01
9.899999999999999911e-01
9.899999999999999911e-01
7.761664212377482608e-01
9.899999999999999911e-01
9.899999999999999911e-01
9.899999999999999911e-01
8.241925215826306772e-01
9.899999999999999911e-01
9.899999999999999911e-01
9.899999999999999911e-01
8.298972385542340291e-01
9.899999999999999911e-01
9.899999999999999911e-01
9.899999999999999911e-01
7.697833360541161962e-01
9.899999999999999911e-01
9.899999999999997691e-01
9.899999999999999911e-01
8.666527330847365596e-01
9.899999999999999911e-01
9.899999999999999911e-01
9.899999999999999911e-01
7.678275359080938278e-01
9.899999999999999911e-01
9.899999999999999911e-01
9.899999999999999911e-01
9.052603641603241824e-01
9.899999999999999911e-01
9.899999999999999911e-01
9.899999999999999911e-01
7.902530277598517339e-01
9.899999999999999911e-01
9.899999999999999911e-01
9.899999999999999911e-01
8.419220632231680934e-01
9.899999999999999911e-01
9.899999999999999911e-01
9.899999999999999911e-01
8.730711292368513732e-01
9.899999999999999911e-01
9.899999999999999911e-01
9.899999999999999911e-01
7.710088015500589087e-01
9.899999999999999911e-01
9.899999999999999911e-01
9.899999999999999911e-01
8.764062301230246543e-01
9.899999999999999911e-01
8.086705633727209186e-01
9.899999999999999911e-01
9.899999999999999911e-01
9.899999999999999911e-01
8.917142990668716074e-01
9.899999999999999911e-01
9.899999999999999911e-01
9.899999999999999911e-01
7.940274279220810305e-01
9.899999999999999911e-01
9.899999999999999911e-01
7.417626351227921688e-01
9.899999999999999911e-01
9.899999999999999911e-01
9.899999999999999911e-01
7.401857411658538943e-01
9.899999999999999911e-01
9.899999999999999911e-01
9.899999999999999911e-01
8.310452810684924030e-01
9.899999999999999911e-01
9.899999999999999911e-01
9.035553819074640947e-01
9.899999999999999911e-01
9.899999999999999911e-01
9.899999999999999911e-01
8.986426812257957142e-01
9.899999999999999911e-01
9.899999999999999911e-01
7.751559754932000335e-01
9.899999999999999911e-01
9.899999999999999911e-01
9.899999999999999911e-01
9.750985699716157029e-01
9.899999999999999911e-01
9.899999999999999911e-01
9.899999999999999911e-01
7.720977560701965947e-01
9.899999999999999911e-01
9.899999999999999911e-01
9.899999999999999911e-01
8.171804649635876494e-01
9.899999999999999911e-01
9.899999999999999911e-01
9.899999999999999911e-01
9.186936808492945916e-01
9.899999999999999911e-01
9.899999999999999911e-01
9.899999999999999911e-01
8.685397188791730283e-01
9.899999999999999911e-01
9.899999999999999911e-01
8.649763078038440467e-01
9.899999999999999911e-01
9.899999999999999911e-01
9.899999999999999911e-01
8.481310302745341811e-01
9.899999999999999911e-01
9.899999999999999911e-01
9.899999999999999911e-01
7.648941138860603228e-01
9.899999999999999911e-01
9.899999999999999911e-01
9.899999999999999911e-01
8.465506066178454248e-01
9.899999999999999911e-01
7.505402003553606205e-01
9.899999999999999911e-01
9.899999999999999911e-01
8.343407464066018298e-01
9.899999999999999911e-01
9.899999999999999911e-01
9.899999999999999911e-01
9.196785512028939902e-01
9.899999999999999911e-01
9.899999999999999911e-01
9.899999999999999911e-01
8.834689856146524800e-01
9.899999999999999911e-01
9.899999999999999911e-01
7.879451811557580676e-01
9.899999999999999911e-01
9.899999999999999911e-01
9.899999999999999911e-01
9.205065008115621561e-01
9.899999999999999911e-01
9.899999999999999911e-01
9.899999999999999911e-01
7.985567007328172595e-01
9.899999999999999911e-01
9.899999999999999911e-01
9.263348501650963129e-01
9.899999999999999911e-01
9.899999999999999911e-01
9.899999999999999911e-01
7.752363592709368145e-01
9.899999999999999911e-01
9.899999999999999911e-01
9.135483064073349757e-01
9.899999999999999911e-01
9.899999999999999911e-01
9.899999999999999911e-01
8.397026332075698818e-01
9.899999999999999911e-01
9.899999999999999911e-01
9.899999999999999911e-01
9.271769108954847072e-01
9.899999999999999911e-01
9.899999999999999911e-01
9.899999999999999911e-01
8.518771622364070817e-01
9.899999999999999911e-01
9.899999999999999911e-01
9.899999999999999911e-01
8.145982105871664158e-01
9.899999999999999911e-01
9.899999999999999911e-01
9.899999999999999911e-01
9.155655921087302307e-01
9.899999999999999911e-01
9.899999999999999911e-01
9.899999999999999911e-01
8.309205418487213279e-01
9.899999999999999911e-01
9.899999999999999911e-01
9.320287606126467228e-01
9.899999999999999911e-01
9.899999999999999911e-01
9.899999999999999911e-01
8.823424712141759718e-01
9.899999999999999911e-01
8.899765657910897465e-01
9.899999999999999911e-01
9.899999999999999911e-01
9.899999999999999911e-01
7.705144290291277009e-01
9.899999999999999911e-01
9.899999999999999911e-01
9.899999999999999911e-01
9.194598817454410211e-01
9.899999999999999911e-01
9.899999999999999911e-01
9.899999999999999911e-01
8.822896180384343090e-01
9.899999999999999911e-01
9.899999999999999911e-01
7.675924661779447433e-01
9.899999999999999911e-01
9.899999999999999911e-01
9.899999999999999911e-01
9.138339730610181011e-01
9.899999999999999911e-01
9.899999999999999911e-01
9.899999999999999911e-01
9.162656381360512192e-01
9.899999999999999911e-01
9.899999999999999911e-01
9.899999999999999911e-01
8.749592104054433328e-01
9.899999999999999911e-01
9.899999999999999911e-01
9.899999999999999911e-01
7.635726922653608417e-01
9.899999999999999911e-01
9.899999999999999911e-01
9.899999999999999911e-01
7.783959280548659043e-01
9.899999999999999911e-01
9.899999999999999911e-01
9.899999999999999911e-01
7.870228313368387019e-01
9.899999999999999911e-01
9.899999999999999911e-01
7.586201706676958256e-01
9.899999999999999911e-01
9.899999999999999911e-01
9.899999999999999911e-01
8.992481761409147900e-01
9.899999999999999911e-01
9.899999999999999911e-01
7.394248772693662319e-01
9.899999999999999911e-01
9.899999999999999911e-01
9.899999999999999911e-01
9.151251495606335107e-01
9.899999999999999911e-01
7.548883482644158649e-01
9.899999999999999911e-01
9.899999999999999911e-01
7.446866616642889847e-01
9.899999999999999911e-01
9.899999999999999911e-01
9.063291310942963586e-01
9.899999999999999911e-01
9.899999999999999911e-01
9.171108701521686335e-01
9.899999999999999911e-01
9.899999999999999911e-01
9.899999999999999911e-01
9.328785009410229812e-01
9.899999999999999911e-01
9.899999999999999911e-01
7.877450216833239427e-01
9.899999999999999911e-01
9.899999999999999911e-01
9.899999999999999911e-01
8.147187501894470607e-01
9.899999999999999911e-01
9.899999999999999911e-01
9.899999999999999911e-01
8.496283373145574469e-01
9.899999999999999911e-01
9.899999999999999911e-01
9.899999999999999911e-01
9.326241061367674945e-01
9.899999999999999911e-01
9.899999999999999911e-01
8.944178590646304494e-01
9.899999999999999911e-01
9.899999999999999911e-01
9.899999999999999911e-01
8.883141879271768682e-01
9.899999999999999911e-01
9.899999999999999911e-01
8.995202192419895493e-01
9.899999999999999911e-01
9.899999999999999911e-01
9.899999999999999911e-01
9.500228615051543590e-01
9.899999999999999911e-01
9.899999999999999911e-01
9.899999999999999911e-01
9.899999999999999911e-01
9.899999999999999911e-01
9.113149537563621783e-01
9.899999999999999911e-01
9.899999999999999911e-01
7.781177555047446015e-01
9.899999999999999911e-01
9.899999999999999911e-01
9.899999999999999911e-01
8.268307713143141502e-01
9.899999999999999911e-01
9.899999999999999911e-01
9.899999999999999911e-01
8.248048453758954901e-01
9.899999999999999911e-01
7.277480581792529213e-01
9.899999999999999911e-01
9.899999999999999911e-01
8.832150950160841951e-01
9.899999999999999911e-01
9.899999999999999911e-01
9.899999999999999911e-01
8.611481291316742670e-01
9.899999999999999911e-01
9.899999999999999911e-01
9.899999999999999911e-01
8.163585181892112352e-01
9.899999999999999911e-01
9.899999999999999911e-01
8.133711926322949592e-01
9.899999999999999911e-01
9.899999999999999911e-01
9.899999999999999911e-01
8.652821939020465258e-01
9.899999999999999911e-01
9.899999999999999911e-01
9.899999999999999911e-01
9.279227412733432878e-01
9.899999999999999911e-01
9.899999999999999911e-01
9.899999999999999911e-01
8.390131912846190421e-01
9.899999999999999911e-01
9.899999999999999911e-01
9.899999999999999911e-01
8.442457522884505572e-01
9.899999999999999911e-01
9.899999999999999911e-01
9.899999999999999911e-01
8.682879112303967251e-01
9.899999999999999911e-01
9.899999999999999911e-01
9.899999999999999911e-01
7.922387412671305640e-01
9.899999999999999911e-01
9.899999999999999911e-01
9.899999999999999911e-01
8.048621171146022046e-01
9.899999999999999911e-01
9.899999999999999911e-01
9.899999999999999911e-01
8.818124383467167426e-01
9.899999999999999911e-01
9.899999999999999911e-01
9.899999999999999911e-01
8.143962424584411108e-01
9.899999999999999911e-01
9.899999999999999911e-01
9.899999999999999911e-01
8.313968532010064250e-01
9.899999999999999911e-01
9.899999999999999911e-01
8.875095173221025924e-01
9.899999999999999911e-01
9.899999999999999911e-01
9.899999999999999911e-01
