9.374189720221171029e-01
9.899999999999999911e-01
9.899999999999999911e-01
9.899999999999992140e-01
7.745895192723103451e-01
9.899999999999999911e-01
9.899999999999999911e-01
9.899999999999999911e-01
8.959254703747770998e-01
9.899999999999999911e-01
9.899999999999999911e-01
9.899999999999999911e-01
8.546679551744414960e-01
9.899999999999999911e-01
9.899999999999999911e-01
9.899999999999999911e-01
9.304346231790839861e-01
9.899999999999999911e-01
9.899999999999999911e-01
9.899999999999999911e-01
8.618724379511725209e-01
9.899999999999999911e-01
9.899999999999999911e-01
9.899999999999999911e-01
9.435937689769822168e-01
9.899999999999999911e-01
9.899999999999999911e-01
9.899999999999999911e-01
9.158202275815404692e-01
9.899999999999999911e-01
9.899999999999999911e-01
9.899999999999999911e-01
9.265182596673186000e-01
9.899999999999999911e-01
9.899999999999999911e-01
9.899999999999999911e-01
9.443939862059363977e-01
9.899999999999999911e-01
9.899999999999999911e-01
9.899999999999999911e-01
9.282586063133372312e-01
9.899999999999999911e-01
9.899999999999999911e-01
9.899999999999999911e-01
9.391054380429669779e-01
9.899999999999999911e-01
9.899999999999999911e-01
9.899999999999999911e-01
9.425526513599185030e-01
9.899999999999999911e-01
9.899999999999999911e-01
9.899999999999999911e-01
9.310807186030560789e-01
9.899999999999999911e-01
9.899999999999999911e-01
9.899999999999999911e-01
7.651309057182451578e-01
9.899999999999999911e-01
9.899999999999999911e-01
9.899999999999999911e-01
8.399809097678005987e-01
9.899999999999999911e-01
9.899999999999999911e-01
9.899999999999999911e-01
7.920964413237848722e-01
9.899999999999999911e-01
9.899999999999999911e-01
9.899999999999999911e-01
8.224538711475489761e-01
9.899999999999999911e-01
9.899999999999999911e-01
9.899999999999999911e-01
9.269360084047605364e-01
9.899999999999999911e-01
9.899999999999999911e-01
9.899999999999999911e-01
9.398415736130084630e-01
9.899999999999999911e-01
9.899999999999998801e-01
9.899999999999999911e-01
8.999813771463052170e-01
9.899999999999999911e-01
9.899999999999999911e-01
9.899999999999999911e-01
8.814094364329767561e-01
9.899999999999999911e-01
9.899999999999999911e-01
9.899999999999999911e-01
9.299927533649799960e-01
9.899999999999999911e-01
9.899999999999999911e-01
9.899999999999999911e-01
8.815244760234132171e-01
9.899999999999999911e-01
9.899999999999999911e-01
9.899999999999999911e-01
8.345894809003598924e-01
9.899999999999999911e-01
9.899999999999999911e-01
9.899999999999999911e-01
8.603039743712973531e-01
9.899999999999999911e-01
9.899999999999999911e-01
9.899999999999999911e-01
8.743188953212535086e-01
9.899999999999999911e-01
9.899999999999999911e-01
9.899999999999999911e-01
8.521574700868834729e-01
9.899999999999999911e-01
8.339640276639938010e-01
9.899999999999999911e-01
9.899999999999999911e-01
9.899999999999999911e-01
9.373728610079536949e-01
9.899999999999999911e-01
7.625610158987587983e-01
9.899999999999999911e-01
9.899999999999999911e-01
9.899999999999999911e-01
8.118892264544306236e-01
9.899999999999999911e-01
9.899999999999999911e-01
9.899999999999999911e-01
7.759579020416853545e-01
9.899999999999999911e-01
9.899999999999999911e-01
9.899999999999999911e-01
7.870033946179522122e-01
9.899999999999999911e-01
9.899999999999999911e-01
9.899999999999999911e-01
8.775155092910871257e-01
9.899999999999999911e-01
9.899999999999999911e-01
9.899999999999999911e-01
8.966011075390800666e-01
9.899999999999999911e-01
9.899999999999999911e-01
9.899999999999999911e-01
8.973375631698539134e-01
9.899999999999999911e-01
9.899999999999999911e-01
8.741267116118138780e-01
9.899999999999999911e-01
9.899999999999999911e-01
9.899999999999999911e-01
8.575125137508100570e-01
9.899999999999999911e-01
9.899999999999999911e-01
9.557817239845129986e-01
9.899999999999999911e-01
9.899999999999999911e-01
9.899999999999999911e-01
8.839432880928943526e-01
9.899999999999999911e-01
9.899999999999999911e-01
9.899999999999999911e-01
9.899999999999999911e-01
9.899999999999999911e-01
9.069784637236334435e-01
9.899999999999999911e-01
9.899999999999999911e-01
9.899999999999999911e-01
9.180320161365947973e-01
9.899999999999999911e-01
9.899999999999999911e-01
9.899999999999999911e-01
9.899999999999999911e-01
9.527828841547115735e-01
9.899999999999999911e-01
9.899999999999999911e-01
9.899999999999999911e-01
9.899999999999999911e-01
8.797648725483299126e-01
9.899999999999999911e-01
9.899999999999999911e-01
9.899999999999999911e-01
9.044031516914133872e-01
9.899999999999999911e-01
9.899999999999999911e-01
9.899999999999999911e-01
9.572254577462635527e-01
9.899999999999999911e-01
9.899999999999999911e-01
9.899999999999999911e-01
9.899999999999999911e-01
9.899999999999999911e-01
9.403528720496091564e-01
9.899999999999999911e-01
9.899999999999999911e-01
9.899999999999999911e-01
8.486463259829042372e-01
9.899999999999999911e-01
9.899999999999999911e-01
9.899999999999999911e-01
8.749853428362562857e-01
9.899999999999999911e-01
9.899999999999999911e-01
9.899999999999999911e-01
7.575177362727959496e-01
9.899999999999999911e-01
9.899999999999999911e-01
9.899999999999999911e-01
9.899999999999999911e-01
9.899999999999999911e-01
9.899999999999999911e-01
9.657247514923530396e-01
9.899999999999999911e-01
9.899999999999999911e-01
9.899999999999999911e-01
9.075164126843170420e-01
9.899999999999999911e-01
9.899999999999999911e-01
9.899999999999999911e-01
7.913129112900193496e-01
9.899999999999999911e-01
9.899999999999999911e-01
9.347483335001699478e-01
9.899999999999999911e-01
9.899999999999999911e-01
8.051819435018174875e-01
9.899999999999999911e-01
9.899999999999999911e-01
9.250666681648249678e-01
9.899999999999999911e-01
9.899999999999999911e-01
9.899999999999999911e-01
7.536813210178724409e-01
9.899999999999999911e-01
9.899999999999999911e-01
9.899999999999999911e-01
9.504727475908950618e-01
9.899999999999999911e-01
9.899999999999999911e-01
9.899999999999999911e-01
7.615823619686590273e-01
9.899999999999999911e-01
9.899999999999999911e-01
9.899999999999999911e-01
7.833300446577717846e-01
9.899999999999999911e-01
9.899999999999999911e-01
9.899999999999999911e-01
8.641301022725620395e-01
9.899999999999999911e-01
9.899999999999999911e-01
9.899999999999999911e-01
8.507607352500762277e-01
8.473768192707182845e-01
9.899999999999999911e-01
9.899999999999999911e-01
9.899999999999999911e-01
8.544839743955481293e-01
9.899999999999999911e-01
9.899999999999999911e-01
9.899999999999999911e-01
8.246583174899042579e-01
9.899999999999999911e-01
9.899999999999999911e-01
9.899999999999999911e-01
8.816400617911596127e-01
9.899999999999999911e-01
9.899999999999999911e-01
9.899999999999999911e-01
9.235506654531989712e-01
9.899999999999999911e-01
9.899999999999999911e-01
9.899999999999999911e-01
8.422130913404493047e-01
9.899999999999999911e-01
9.899999999999999911e-01
9.899999999999999911e-01
9.535614899638253927e-01
9.899999999999999911e-01
9.899999999999999911e-01
9.899999999999999911e-01
8.967388790552019984e-01
9.899999999999999911e-01
9.899999999999999911e-01
9.899999999999999911e-01
9.541152610765601949e-01
9.899999999999999911e-01
9.899999999999999911e-01
9.899999999999999911e-01
7.601177214401954041e-01
9.899999999999999911e-01
9.899999999999999911e-01
9.899999999999999911e-01
9.255102423315716420e-01
9.899999999999999911e-01
9.899999999999999911e-01
9.899999999999999911e-01
9.476429557688003102e-01
9.899999999999999911e-01
9.899999999999999911e-01
9.899999999999999911e-01
7.496584480570122055e-01
9.899999999999999911e-01
9.899999999999999911e-01
9.899999999999999911e-01
8.482892668631341060e-01
9.899999999999999911e-01
9.899999999999999911e-01
9.899999999999999911e-01
8.240927641442743479e-01
9.899999999999999911e-01
9.899999999999999911e-01
9.899999999999999911e-01
9.379704426213473223e-01
9.899999999999999911e-01
9.899999999999999911e-01
9.899999999999999911e-01
8.632914903967070508e-01
9.899999999999999911e-01
9.899999999999999911e-01
9.899999999999999911e-01
8.010186889212124184e-01
9.899999999999999911e-01
9.899999999999999911e-01
9.899999999999999911e-01
8.815491625826742395e-01
9.899999999999999911e-01
9.899999999999999911e-01
9.899999999999999911e-01
8.786516905516483789e-01
9.899999999999999911e-01
9.899999999999999911e-01
9.899999999999999911e-01
8.768501444181463489e-01
9.899999999999999911e-01
9.899999999999999911e-01
9.899999999999999911e-01
8.935210335796027747e-01
9.899999999999999911e-01
9.899999999999999911e-01
9.899999999999999911e-01
9.899999999999999911e-01
9.899999999999999911e-01
9.899999999999999911e-01
9.899999999999999911e-01
8.871741839047844191e-01
9.899999999999999911e-01
9.899999999999999911e-01
9.899999999999999911e-01
8.924269554394763659e-01
9.899999999999999911e-01
9.899999999999999911e-01
9.899999999999999911e-01
9.715055913400223453e-01
9.899999999999999911e-01
9.899999999999999911e-01
9.899999999999999911e-01
8.153566959855601537e-01
9.899999999999999911e-01
9.899999999999999911e-01
9.899999999999999911e-01
9.899999999999999911e-01
7.449314702254009601e-01
9.899999999999999911e-01
9.899999999999999911e-01
9.899999999999999911e-01
7.946004027772338718e-01
9.899999999999999911e-01
9.899999999999999911e-01
9.899999999999999911e-01
9.545036757197404853e-01
9.899999999999999911e-01
9.899999999999999911e-01
9.899999999999999911e-01
9.388248775028171789e-01
9.899999999999999911e-01
9.899999999999999911e-01
7.995040059386246956e-01
9.899999999999999911e-01
9.899999999999999911e-01
9.899999999999999911e-01
9.303251235198255475e-01
9.899999999999999911e-01
9.899999999999999911e-01
9.899999999999999911e-01
7.656636173006993173e-01
9.899999999999999911e-01
9.899999999999999911e-01
9.899999999999999911e-01
9.416238989051785024e-01
9.899999999999999911e-01
9.899999999999999911e-01
8.470026771116936359e-01
9.899999999999999911e-01
9.899999999999999911e-01
9.899999999999999911e-01
8.572431128033517478e-01
9.899999999999999911e-01
9.899999999999999911e-01
9.899999999999999911e-01
7.878249277962438013e-01
9.899999999999999911e-01
9.486453962511800508e-01
9.899999999999999911e-01
9.899999999999999911e-01
9.899999999999999911e-01
7.966540170622510297e-01
9.899999999999999911e-01
9.899999999999999911e-01
9.899999999999999911e-01
8.906151718790288330e-01
9.509538799073583570e-01
9.899999999999999911e-01
9.899999999999999911e-01
9.535641234277478784e-01
9.899999999999999911e-01
9.899999999999999911e-01
9.899999999999999911e-01
8.446174783311075629e-01
9.899999999999999911e-01
9.899999999999999911e-01
9.899999999999999911e-01
9.052943902090265782e-01
9.899999999999999911e-01
9.899999999999999911e-01
9.899999999999999911e-01
7.840580154330746288e-01
9.899999999999999911e-01
9.899999999999999911e-01
9.899999999999999911e-01
9.283021907881472412e-01
9.899999999999999911e-01
9.899999999999999911e-01
9.899999999999999911e-01
9.065988325530313086e-01
9.899999999999999911e-01
9.899999999999999911e-01
9.899999999999999911e-01
7.887855965115442292e-01
9.899999999999999911e-01
9.899999999999999911e-01
9.899999999999999911e-01
8.200753423316184954e-01
9.899999999999999911e-01
9.899999999999999911e-01
9.899999999999999911e-01
9.899999999999999911e-01
9.899999999999999911e-01
9.268839337832330827e-01
9.899999999999999911e-01
9.899999999999999911e-01
9.899999999999999911e-01
8.913062604130691513e-01
9.899999999999999911e-01
9.899999999999999911e-01
9.300210403424509220e-01
9.899999999999999911e-01
9.899999999999999911e-01
9.899999999999999911e-01
8.820493339482732287e-01
9.899999999999999911e-01
8.030280991862197570e-01
9.899999999999999911e-01
9.899999999999999911e-01
9.899999999999999911e-01
9.763965088421382443e-01
9.899999999999999911e-01
9.899999999999995470e-01
9.899999999999999911e-01
9.003295354899806258e-01
9.899999999999999911e-01
9.899999999999999911e-01
9.899999999999999911e-01
8.111538738883200539e-01
9.899999999999999911e-01
9.899999999999999911e-01
9.899999999999999911e-01
7.753678647890246411e-01
9.899999999999999911e-01
9.899999999999999911e-01
9.899999999999999911e-01
9.149755209220907792e-01
9.899999999999999911e-01
9.899999999999999911e-01
9.899999999999999911e-01
8.188013560361504517e-01
9.899999999999999911e-01
9.899999999999999911e-01
9.899999999999999911e-01
9.280282499541664398e-01
9.899999999999999911e-01
9.899999999999999911e-01
9.899999999999999911e-01
8.414996601593128789e-01
9.899999999999999911e-01
9.899999999999999911e-01
9.899999999999999911e-01
7.891543580644716505e-01
9.899999999999999911e-01
9.899999999999999911e-01
9.899999999999999911e-01
9.511876763998157180e-01
9.899999999999999911e-01
9.899999999999999911e-01
9.899999999999999911e-01
7.798052194268335624e-01
9.899999999999999911e-01
9.899999999999999911e-01
9.899999999999999911e-01
9.776658155344161161e-01
9.899999999999999911e-01
9.899999999999999911e-01
9.899999999999999911e-01
8.359166101534288851e-01
9.899999999999999911e-01
9.899999999999999911e-01
9.899999999999999911e-01
9.045558229301159381e-01
9.899999999999999911e-01
9.899999999999999911e-01
9.899999999999999911e-01
7.592512226910014261e-01
9.899999999999999911e-01
9.899999999999999911e-01
9.899999999999999911e-01
9.485610513751132622e-01
9.899999999999999911e-01
9.899999999999999911e-01
9.899999999999999911e-01
8.131750038346019505e-01
9.899999999999999911e-01
9.899999999999999911e-01
9.899999999999999911e-01
8.519521667587194313e-01
9.899999999999999911e-01
9.899999999999999911e-01
9.899999999999999911e-01
8.388733391700106123e-01
9.899999999999999911e-01
9.899999999999999911e-01
9.899999999999999911e-01
7.746678693512654146e-01
9.899999999999999911e-01
9.899999999999999911e-01
9.899999999999999911e-01
8.344278213035876135e-01
9.899999999999999911e-01
9.899999999999999911e-01
9.899999999999999911e-01
7.678052130869503777e-01
9.899999999999999911e-01
9.899999999999999911e-01
9.899999999999999911e-01
8.346290441502866031e-01
9.899999999999999911e-01
9.899999999999999911e-01
9.899999999999999911e-01
9.201532910588097192e-01
9.899999999999999911e-01
9.899999999999999911e-01
7.613703257369001109e-01
9.899999999999999911e-01
9.899999999999999911e-01
9.899999999999999911e-01
7.548277273216920102e-01
8.370616835259799826e-01
9.899999999999999911e-01
9.899999999999999911e-01
9.899999999999999911e-01
9.083216148546298108e-01
9.899999999999999911e-01
9.899999999999999911e-01
9.899999999999999911e-01
8.059843173996209531e-01
9.899999999999999911e-01
9.899999999999999911e-01
9.899999999999999911e-01
7.826231037887707576e-01
9.899999999999999911e-01
9.899999999999999911e-01
9.899999999999999911e-01
7.769539784564649665e-01
9.899999999999999911e-01
9.899999999999999911e-01
9.899999999999999911e-01
8.739480083148700729e-01
9.899999999999999911e-01
9.899999999999999911e-01
9.899999999999999911e-01
7.441177213589982298e-01
9.899999999999999911e-01
9.899999999999999911e-01
9.899999999999999911e-01
8.242873693895348408e-01
9.899999999999999911e-01
9.899999999999999911e-01
9.899999999999999911e-01
8.202717386309159586e-01
9.899999999999999911e-01
9.899999999999999911e-01
9.899999999999999911e-01
9.352626984952048250e-01
9.899999999999999911e-01
9.899999999999999911e-01
9.899999999999999911e-01
8.492614544980060520e-01
9.899999999999999911e-01
9.899999999999999911e-01
9.899999999999999911e-01
9.377601033367377603e-01
9.899999999999999911e-01
9.899999999999999911e-01
8.781626285112398289e-01
9.899999999999999911e-01
9.899999999999999911e-01
9.899999999999999911e-01
8.441931326754793519e-01
9.899999999999999911e-01
9.899999999999999911e-01
8.850153059851098014e-01
9.899999999999999911e-01
9.899999999999999911e-01
9.899999999999999911e-01
8.518795659194030589e-01
9.899999999999999911e-01
9.899999999999999911e-01
9.899999999999999911e-01
7.584951666106640733e-01
9.899999999999999911e-01
9.899999999999999911e-01
9.899999999999999911e-01
8.390884950968646727e-01
9.899999999999999911e-01
9.049671391013069943e-01
9.899999999999999911e-01
9.899999999999999911e-01
9.899999999999999911e-01
7.840681354035538009e-01
9.899999999999999911e-01
9.899999999999999911e-01
9.899999999999999911e-01
7.554438623651753559e-01
9.899999999999999911e-01
9.899999999999999911e-01
9.899999999999999911e-01
8.152061408174461343e-01
9.899999999999999911e-01
9.899999999999999911e-01
9.899999999999999911e-01
8.116117400595189713e-01
9.899999999999999911e-01
9.899999999999999911e-01
8.707828436650012494e-01
9.899999999999999911e-01
9.899999999999999911e-01
9.268233000607520866e-01
9.899999999999999911e-01
9.899999999999999911e-01
9.899999999999999911e-01
8.444287157434436919e-01
9.899999999999999911e-01
9.899999999999999911e-01
9.899999999999999911e-01
7.925403548280836041e-01
9.899999999999999911e-01
9.899999999999999911e-01
9.899999999999999911e-01
8.907390512329685928e-01
9.899999999999999911e-01
9.899999999999999911e-01
9.899999999999999911e-01
9.376686166522573140e-01
9.899999999999999911e-01
9.899999999999999911e-01
7.908681277530380527e-01
9.899999999999999911e-01
9.899999999999999911e-01
9.899999999999999911e-01
8.391875507217961827e-01
9.899999999999999911e-01
9.899999999999999911e-01
9.899999999999999911e-01
8.460708822202586132e-01
9.899999999999999911e-01
9.899999999999999911e-01
9.899999999999999911e-01
7.859723571986921842e-01
9.899999999999999911e-01
9.899999999999999911e-01
9.899999999999999911e-01
8.825646923110582742e-01
9.899999999999999911e-01
9.899999999999999911e-01
9.899999999999999911e-01
7.824346420693809590e-01
9.899999999999999911e-01
9.899999999999999911e-01
9.899999999999999911e-01
9.210580170730078287e-01
9.899999999999999911e-01
9.899999999999999911e-01
9.899999999999999911e-01
8.051630546594851223e-01
9.899999999999999911e-01
9.899999999999999911e-01
9.899999999999999911e-01
8.578597425828349277e-01
9.899999999999999911e-01
9.899999999999999911e-01
9.899999999999999911e-01
8.885800276346021986e-01
9.899999999999999911e-01
9.899999999999999911e-01
9.899999999999999911e-01
7.853377631767614053e-01
9.899999999999999911e-01
9.899999999999999911e-01
9.899999999999999911e-01
8.879805660482583685e-01
9.899999999999999911e-01
8.240094240705304607e-01
9.899999999999999911e-01
9.899999999999999911e-01
9.899999999999999911e-01
9.076096449586633641e-01
9.899999999999999911e-01
9.899999999999999911e-01
9.899999999999999911e-01
8.102204111915991547e-01
9.899999999999999911e-01
9.899999999999999911e-01
7.576921935071365688e-01
9.899999999999999911e-01
9.899999999999999911e-01
9.899999999999999911e-01
7.553038825262807787e-01
9.899999999999999911e-01
9.899999999999999911e-01
9.899999999999999911e-01
8.464792688716694657e-01
9.899999999999999911e-01
9.899999999999999911e-01
9.179163118712229119e-01
9.899999999999999911e-01
9.899999999999999911e-01
9.899999999999999911e-01
9.145210799055677464e-01
9.899999999999999911e-01
9.899999999999999911e-01
7.893914649709453668e-01
9.899999999999999911e-01
9.899999999999999911e-01
9.899999999999999911e-01
9.761255930336724118e-01
9.899999999999999911e-01
9.899999999999999911e-01
9.899999999999999911e-01
7.865758566839217147e-01
9.899999999999999911e-01
9.899999999999999911e-01
9.899999999999999911e-01
8.319624132983920450e-01
9.899999999999999911e-01
9.899999999999999911e-01
9.899999999999999911e-01
9.343297712746089223e-01
9.899999999999999911e-01
9.899999999999999911e-01
9.899999999999999911e-01
8.786441744802682141e-01
9.899999999999999911e-01
9.899999999999999911e-01
8.788382379246582055e-01
9.899999999999999911e-01
9.899999999999999911e-01
9.899999999999999911e-01
8.632995635354587804e-01
9.899999999999999911e-01
9.899999999999999911e-01
9.899999999999999911e-01
7.797091980306887216e-01
9.899999999999999911e-01
9.899999999999999911e-01
9.899999999999999911e-01
8.562569091072197436e-01
9.899999999999999911e-01
7.653303280253344054e-01
9.899999999999999911e-01
9.899999999999999911e-01
8.494108093316731223e-01
9.899999999999999911e-01
9.899999999999999911e-01
9.899999999999999911e-01
9.345519776225630348e-01
9.899999999999999911e-01
9.899999999999999911e-01
9.899999999999999911e-01
8.989351861474915717e-01
9.899999999999999911e-01
9.899999999999999911e-01
8.023097028351703353e-01
9.899999999999999911e-01
9.899999999999999911e-01
9.899999999999999911e-01
9.350129380836578186e-01
9.899999999999999911e-01
9.899999999999999911e-01
9.899999999999999911e-01
8.147313332537517994e-01
9.899999999999999911e-01
9.899999999999999911e-01
9.423693593501646371e-01
9.899999999999999911e-01
9.899999999999999911e-01
9.899999999999999911e-01
7.887837886426628531e-01
9.899999999999999911e-01
9.899999999999999911e-01
9.292479186865441054e-01
9.899999999999999911e-01
9.899999999999999911e-01
9.899999999999999911e-01
8.544965291191574108e-01
9.899999999999999911e-01
9.899999999999999911e-01
9.899999999999999911e-01
9.359053735267679475e-01
9.899999999999999911e-01
9.899999999999999911e-01
9.899999999999999911e-01
8.680639227519163503e-01
9.899999999999999911e-01
9.899999999999999911e-01
9.899999999999999911e-01
8.290075436020147848e-01
9.899999999999999911e-01
9.899999999999999911e-01
9.899999999999999911e-01
9.307325891405824336e-01
9.899999999999999911e-01
9.899999999999999911e-01
9.899999999999999911e-01
8.470805779883322506e-01
9.899999999999999911e-01
9.899999999999999911e-01
9.482113727282066584e-01
9.899999999999999911e-01
9.899999999999999911e-01
9.899999999999999911e-01
8.954958525737678476e-01
9.899999999999999911e-01
9.060425038842829792e-01
9.899999999999999911e-01
9.899999999999999911e-01
9.899999999999999911e-01
7.867043833388094320e-01
9.899999999999999911e-01
9.899999999999999911e-01
9.899999999999999911e-01
9.351640169060186913e-01
9.899999999999999911e-01
9.899999999999999911e-01
9.899999999999999911e-01
8.968716624550749916e-01
9.899999999999999911e-01
9.899999999999999911e-01
7.834982549448717970e-01
9.899999999999999911e-01
9.899999999999999911e-01
9.899999999999999911e-01
9.286095608858275785e-01
9.899999999999999911e-01
9.899999999999999911e-01
9.899999999999999911e-01
9.322581879074837152e-01
9.899999999999999911e-01
9.899999999999999911e-01
9.899999999999999911e-01
8.827861224823516650e-01
9.899999999999999911e-01
9.899999999999999911e-01
9.899999999999999911e-01
7.797692447019588524e-01
9.899999999999999911e-01
9.899999999999999911e-01
9.899999999999999911e-01
7.933737207575604078e-01
9.899999999999999911e-01
9.899999999999999911e-01
9.899999999999999911e-01
8.018383375822673020e-01
9.899999999999999911e-01
9.899999999999999911e-01
7.729793224668894958e-01
9.899999999999999911e-01
9.899999999999999911e-01
9.899999999999999911e-01
9.137358825579842136e-01
9.899999999999999911e-01
9.899999999999999911e-01
7.553689189757488709e-01
9.899999999999999911e-01
9.899999999999999911e-01
9.899999999999999911e-01
9.312916187586014471e-01
9.899999999999999911e-01
7.692107494917587163e-01
9.899999999999999911e-01
9.899999999999999911e-01
7.608788747903556526e-01
9.899999999999999911e-01
9.899999999999999911e-01
9.209170175659697755e-01
9.899999999999999911e-01
9.899999999999999911e-01
9.321992591483764246e-01
9.899999999999999911e-01
9.899999999999999911e-01
9.899999999999999911e-01
9.490005198643431950e-01
9.899999999999999911e-01
9.899999999999999911e-01
8.039692217816013509e-01
9.899999999999999911e-01
9.899999999999999911e-01
9.899999999999999911e-01
8.287806337049674621e-01
9.899999999999999911e-01
9.899999999999999911e-01
9.899999999999999911e-01
8.647593558635462418e-01
9.899999999999999911e-01
9.899999999999999911e-01
9.899999999999999911e-01
9.470274762145654002e-01
9.899999999999999911e-01
9.899999999999999911e-01
9.010826459682123035e-01
9.899999999999999911e-01
9.899999999999999911e-01
9.899999999999999911e-01
8.993548861880389378e-01
9.899999999999999911e-01
9.899999999999999911e-01
9.148119696854598581e-01
9.899999999999999911e-01
9.899999999999999911e-01
9.899999999999999911e-01
9.584066707881094827e-01
9.899999999999999911e-01
9.899999999999999911e-01
9.899999999999999911e-01
9.899999999999999911e-01
9.899999999999999911e-01
9.188618116271157765e-01
9.899999999999999911e-01
9.899999999999999911e-01
7.937487712909194748e-01
9.899999999999999911e-01
9.899999999999999911e-01
9.899999999999999911e-01
8.414616008772656253e-01
9.899999999999999911e-01
9.899999999999999911e-01
9.899999999999999911e-01
8.376931572735805132e-01
9.899999999999999911e-01
7.439471338168567316e-01
9.899999999999999911e-01
9.899999999999999911e-01
8.976433729770181280e-01
9.899999999999999911e-01
9.899999999999999911e-01
9.899999999999999911e-01
8.764757589946123861e-01
9.899999999999999911e-01
9.899999999999999911e-01
9.899999999999999911e-01
8.313463168363693923e-01
9.899999999999999911e-01
9.899999999999999911e-01
8.280348694376328256e-01
9.899999999999999911e-01
9.899999999999999911e-01
9.899999999999999911e-01
8.805846052774258803e-01
9.899999999999999911e-01
9.899999999999999911e-01
9.899999999999999911e-01
9.425510764893795246e-01
9.899999999999999911e-01
9.899999999999999911e-01
9.899999999999999911e-01
8.545813909929078633e-01
9.899999999999999911e-01
9.899999999999999911e-01
9.899999999999999911e-01
8.596792204715385521e-01
9.899999999999999911e-01
9.899999999999999911e-01
9.899999999999999911e-01
8.828874346561502717e-01
9.899999999999999911e-01
9.899999999999999911e-01
9.899999999999999911e-01
8.072563556371333826e-01
9.899999999999999911e-01
9.899999999999999911e-01
9.899999999999999911e-01
8.203820983788302490e-01
9.899999999999999911e-01
9.899999999999999911e-01
9.899999999999999911e-01
8.964112973607738510e-01
9.899999999999999911e-01
9.899999999999999911e-01
9.899999999999999911e-01
8.293087175134388200e-01
9.899999999999999911e-01
9.899999999999999911e-01
9.899999999999999911e-01
8.420642146912707959e-01
9.899999999999999911e-01
9.899999999999999911e-01
8.967125181994538563e-01
9.899999999999999911e-01
9.899999999999999911e-01
9.899999999999999911e-01
