9.136420409902044071e-01
9.889530100025820669e-01
9.899999999999999911e-01
9.899999999999997691e-01
7.194272931914381664e-01
9.888960573266566412e-01
9.899999999999999911e-01
9.899999999999999911e-01
8.683872098289724395e-01
9.731533705524274547e-01
9.899999999999999911e-01
9.899999999999999911e-01
8.005420778559453332e-01
9.899999999999999911e-01
9.899999999999999911e-01
9.899999999999999911e-01
8.670016846383723497e-01
9.899999999999999911e-01
9.899999999999999911e-01
9.899999999999999911e-01
8.049872905379411581e-01
9.899999999999999911e-01
9.899999999999999911e-01
9.899999999999999911e-01
8.786557490884082666e-01
9.899999999999999911e-01
9.899999999999999911e-01
9.878785335138323687e-01
8.507850317980565347e-01
9.899999999999999911e-01
9.823464378502538841e-01
9.899999999999999911e-01
8.615016669775013014e-01
9.899999999999999911e-01
9.899999999999999911e-01
9.844578859990730235e-01
8.894644892807429537e-01
9.899999999999999911e-01
9.899999999999999911e-01
9.899999999999999911e-01
8.632449980517987731e-01
9.899999999999999911e-01
9.899999999999999911e-01
9.899999999999999911e-01
8.910152560553532552e-01
9.899999999999999911e-01
9.899999999999999911e-01
9.768754921725776308e-01
8.854191381630580615e-01
9.899999999999999911e-01
9.525782862842776533e-01
9.899999999999999911e-01
8.687501638685989347e-01
9.899999999999999911e-01
9.899999999999999911e-01
9.899999999999999911e-01
7.057585253439200290e-01
9.899999999999999911e-01
9.899999999999999911e-01
9.899999999999999911e-01
7.803155344244122604e-01
9.899999999999999911e-01
9.899999999999999911e-01
9.899999999999999911e-01
7.298707371699000301e-01
9.631170536725633946e-01
9.899999999999999911e-01
9.899999999999999911e-01
7.663755584190360404e-01
9.899999999999999911e-01
9.899999999999999911e-01
9.896662367366237945e-01
8.698322192731282598e-01
9.899999999999999911e-01
9.899999999999999911e-01
9.899999999999999911e-01
9.057105814926498244e-01
9.899999999999999911e-01
9.899999999999997691e-01
9.899999999999999911e-01
8.601866237306325935e-01
9.899999999999999911e-01
9.899999999999999911e-01
9.899999999999999911e-01
8.220510955045016166e-01
9.846033131529878801e-01
9.660381973033245195e-01
9.899999999999999911e-01
8.709171023104540499e-01
9.899999999999999911e-01
9.899999999999999911e-01
9.899999999999999911e-01
8.204705984644914407e-01
9.899999999999999911e-01
9.899999999999999911e-01
9.899999999999999911e-01
7.690815752628824553e-01
9.899999999999999911e-01
9.590180453300033436e-01
9.797989499599375485e-01
7.952314108988763897e-01
9.899999999999999911e-01
9.899999999999999911e-01
9.899999999999999911e-01
8.172933716404937599e-01
9.899999999999999911e-01
9.899999999999999911e-01
9.899999999999999911e-01
7.993461949457704163e-01
9.899999999999999911e-01
7.728841579859171418e-01
9.899999999999999911e-01
9.899999999999999911e-01
9.899999999999999911e-01
8.895295216717642450e-01
9.833191323020693542e-01
7.008640509404210350e-01
9.899999999999999911e-01
9.899999999999999911e-01
9.899999999999999911e-01
7.483937915965542809e-01
9.875807221353619658e-01
9.899999999999999911e-01
9.899999999999999911e-01
7.112462171259088528e-01
9.899999999999999911e-01
9.899999999999999911e-01
9.727581926288915160e-01
7.280702444921705041e-01
9.899999999999999911e-01
9.899999999999999911e-01
9.899999999999999911e-01
8.122720418990021507e-01
9.899999999999999911e-01
9.899999999999999911e-01
9.899999999999999911e-01
8.371939251374356239e-01
9.899999999999999911e-01
9.899999999999999911e-01
9.899999999999999911e-01
8.723016008625528173e-01
9.899999999999999911e-01
9.899999999999999911e-01
8.410805329237492911e-01
9.899999999999999911e-01
9.899999999999999911e-01
9.899999999999999911e-01
8.253542861335146918e-01
9.899999999999999911e-01
9.899999999999999911e-01
9.412660759134715560e-01
9.899999999999999911e-01
9.899999999999999911e-01
9.899999999999999911e-01
8.427840539852664570e-01
9.709961897929902941e-01
9.899999999999999911e-01
9.899999999999999911e-01
9.899999999999999911e-01
9.899999999999999911e-01
8.698571353652788662e-01
9.899999999999999911e-01
9.899999999999999911e-01
9.899999999999999911e-01
8.743074686929696027e-01
9.899999999999999911e-01
9.785637568280545207e-01
9.899999999999999911e-01
9.899999999999999911e-01
9.006787701641484345e-01
9.899999999999999911e-01
9.899999999999999911e-01
9.899999999999999911e-01
9.899999999999999911e-01
8.384353909846988806e-01
9.899999999999999911e-01
9.554911177018963198e-01
9.899999999999999911e-01
8.691659602759909120e-01
9.899999999999999911e-01
9.899999999999999911e-01
9.686218735946422465e-01
9.100606992351075730e-01
9.899999999999999911e-01
9.776376620679090301e-01
9.899999999999999911e-01
9.899999999999999911e-01
9.899999999999999911e-01
8.923760823548966270e-01
9.899999999999999911e-01
9.899999999999999911e-01
9.899999999999999911e-01
8.060708175346817939e-01
9.899999999999999911e-01
9.899999999999999911e-01
9.803088403268239714e-01
8.103676307245513133e-01
9.899999999999999911e-01
9.841882874983132190e-01
9.832154206717453881e-01
6.915439419210415162e-01
9.899999999999999911e-01
9.899999999999999911e-01
9.899999999999999911e-01
9.899999999999999911e-01
9.899999999999999911e-01
9.899999999999999911e-01
9.539437632004759138e-01
9.899999999999999911e-01
9.899999999999999911e-01
9.899999999999999911e-01
8.472842975301295709e-01
9.899999999999999911e-01
9.899999999999999911e-01
9.899999999999999911e-01
7.446182056996469845e-01
9.899999999999999911e-01
9.833266852643841593e-01
8.912563979318730567e-01
9.899999999999999911e-01
9.899999999999999911e-01
7.557933947694229770e-01
9.899999999999999911e-01
9.822621327288111326e-01
8.799792441245093411e-01
9.647334246773910937e-01
9.899999999999999911e-01
9.899999999999999911e-01
6.975130811079021109e-01
9.508627408924825719e-01
9.766370795971753838e-01
9.899999999999999911e-01
9.126149648512542623e-01
9.899999999999999911e-01
9.899999999999999911e-01
9.899999999999999911e-01
6.970175277696569749e-01
9.496622393607286883e-01
9.899999999999999911e-01
9.899999999999999911e-01
7.202044634788115074e-01
9.899999999999999911e-01
9.899999999999999911e-01
9.899999999999999911e-01
8.000820000343480398e-01
9.899999999999999911e-01
9.899999999999999911e-01
9.899999999999999911e-01
8.094898819267383194e-01
7.819531375716597399e-01
9.899999999999999911e-01
9.899999999999999911e-01
9.899999999999999911e-01
7.914361689523041754e-01
9.899999999999999911e-01
9.740936092918667244e-01
9.655576900158204801e-01
7.680816649562941523e-01
9.899999999999999911e-01
9.488521116196427796e-01
9.899999999999999911e-01
8.228223710292076332e-01
9.899999999999999911e-01
9.561972647887403420e-01
9.899999999999999911e-01
8.665896319977554052e-01
9.899999999999999911e-01
9.899999999999999911e-01
9.899999999999999911e-01
7.877305393306800463e-01
9.899999999999999911e-01
9.899999999999999911e-01
9.899999999999999911e-01
8.953012946403027250e-01
9.899999999999999911e-01
9.899999999999999911e-01
9.899999999999999911e-01
8.652304839898486977e-01
9.899999999999999911e-01
9.899999999999999911e-01
9.870400846431235387e-01
8.915736368766489228e-01
9.899999999999999911e-01
9.426812447182636445e-01
9.899999999999999911e-01
6.959330595344701553e-01
9.899999999999999911e-01
9.593817099919956792e-01
9.899999999999999911e-01
8.655576389488129907e-01
9.861591977415777865e-01
9.899999999999999911e-01
9.899999999999999911e-01
8.832536134871120659e-01
9.899999999999999911e-01
9.899999999999999911e-01
9.899999999999999911e-01
6.858789361761398196e-01
9.899999999999999911e-01
9.730696281032238382e-01
9.899999999999999911e-01
7.866654028913355745e-01
9.870392174082893710e-01
9.899999999999999911e-01
9.899999999999999911e-01
7.680981879981039206e-01
9.899999999999999911e-01
9.899999999999999911e-01
9.899999999999999911e-01
8.808049946394544971e-01
9.899999999999999911e-01
9.899999999999999911e-01
9.899999999999999911e-01
8.006087805946762170e-01
9.716921975910488563e-01
9.899999999999999911e-01
9.899999999999999911e-01
7.354857657190906339e-01
9.891208396922810397e-01
9.899999999999999911e-01
9.899999999999999911e-01
8.247759008112234280e-01
9.899999999999999911e-01
9.899999999999999911e-01
9.576725840576267856e-01
8.206724211709941486e-01
9.899999999999999911e-01
9.899999999999999911e-01
9.899999999999999911e-01
8.134704831270291869e-01
9.899999999999999911e-01
9.796858950627066465e-01
9.899999999999999911e-01
8.285962753588201890e-01
9.899999999999999911e-01
9.621495434821922821e-01
9.899999999999999911e-01
9.899999999999999911e-01
9.773873629138070118e-01
9.899999999999999911e-01
9.899999999999999911e-01
8.497771645797858042e-01
9.820602537337649318e-01
9.899999999999999911e-01
9.899999999999999911e-01
8.272443571605186952e-01
9.883500553617925455e-01
9.899999999999999911e-01
9.899999999999999911e-01
9.643409228893679019e-01
9.899999999999999911e-01
9.899999999999999911e-01
9.899999999999999911e-01
7.734038769155221482e-01
9.899999999999999911e-01
9.899999999999999911e-01
9.899999999999999911e-01
9.556248306424444117e-01
6.788040415174070308e-01
9.899999999999999911e-01
9.661425617263444954e-01
9.899999999999999911e-01
7.445729683138612165e-01
9.899999999999999911e-01
9.899999999999999911e-01
9.617289446896710725e-01
8.989285163710524218e-01
9.771623191109419793e-01
9.899999999999999911e-01
9.899999999999999911e-01
8.770504343624426768e-01
9.834469147297325575e-01
9.899999999999999911e-01
7.341422906362802259e-01
9.528146524365785908e-01
9.507997261472518336e-01
9.899999999999999911e-01
8.669354039504865161e-01
9.899999999999999911e-01
9.899999999999999911e-01
9.899999999999999911e-01
7.053770197695705679e-01
9.418187370719296458e-01
9.899999999999999911e-01
9.899999999999999911e-01
8.907103735853629800e-01
9.899999999999999911e-01
9.899999999999999911e-01
7.831613439346828409e-01
9.899999999999999911e-01
9.899999999999999911e-01
9.899999999999999911e-01
7.971758865261615590e-01
9.899999999999999911e-01
9.899999999999999911e-01
9.899999999999999911e-01
7.378161082005287863e-01
9.637020281569415037e-01
9.231722874224770337e-01
9.899999999999999911e-01
9.899999999999999911e-01
9.899999999999999911e-01
7.373639327266254817e-01
9.899999999999999911e-01
9.759940263448969588e-01
9.509215321316607517e-01
8.348280275538003670e-01
8.894815125229906805e-01
9.899999999999999911e-01
9.899999999999999911e-01
8.941180532646320067e-01
9.840403716355554664e-01
9.899999999999999911e-01
9.899999999999999911e-01
7.885795005846815142e-01
9.802847479244464202e-01
9.899999999999999911e-01
9.899999999999999911e-01
8.469544892737038699e-01
9.869640395449981174e-01
9.899999999999999911e-01
9.899999999999999911e-01
7.205122115841345876e-01
9.899999999999999911e-01
9.860084870816511193e-01
9.899999999999999911e-01
8.666496699683947647e-01
9.899999999999999911e-01
9.899999999999999911e-01
9.899999999999999911e-01
8.494785857838852428e-01
9.899999999999999911e-01
9.899999999999999911e-01
9.559776016000933740e-01
7.276470704392870026e-01
9.899999999999999911e-01
9.899999999999999911e-01
9.899999999999999911e-01
7.568446934690933325e-01
9.899999999999999911e-01
9.899999999999999911e-01
9.899999999999999911e-01
9.762977577943605656e-01
9.845013002907324617e-01
8.837648909978188527e-01
9.884043949209864177e-01
9.862815185338371649e-01
9.899999999999999911e-01
8.444819957658504794e-01
9.899999999999999911e-01
9.899999999999999911e-01
8.675597893346949085e-01
9.899999999999999911e-01
9.899999999999999911e-01
9.899999999999999911e-01
8.380233759721790188e-01
9.899999999999999911e-01
7.411538387682340412e-01
9.553834865103192353e-01
9.899999999999999911e-01
9.899999999999999911e-01
9.703324842365382841e-01
9.899999999999999911e-01
9.899999999999999911e-01
9.892208212385000810e-01
8.395835239916600301e-01
9.899999999999999911e-01
9.830667818400726787e-01
9.899999999999999911e-01
7.490521603778610427e-01
9.899999999999999911e-01
9.899999999999999911e-01
9.899999999999999911e-01
7.104942802945990454e-01
9.699786472916277491e-01
9.899999999999999911e-01
9.899999999999999911e-01
8.686403083814165926e-01
9.899999999999999911e-01
9.899999999999999911e-01
9.794066044100230295e-01
7.549428356192277034e-01
9.899999999999999911e-01
9.899999999999999911e-01
9.899999999999999911e-01
8.666293851561491790e-01
9.829666819441824632e-01
9.899999999999999911e-01
9.899999999999999911e-01
7.800821740889173350e-01
9.899999999999999911e-01
9.899999999999999911e-01
9.715230426880777648e-01
7.383676047634983863e-01
9.899999999999999911e-01
9.899999999999999911e-01
9.691386122245638779e-01
8.955696075159481628e-01
9.899999999999999911e-01
9.899999999999999911e-01
9.820985342272461338e-01
7.140056479591210259e-01
9.899999999999999911e-01
9.899999999999999911e-01
9.899999999999999911e-01
9.728614602197850347e-01
9.867882666552632021e-01
9.899999999999999911e-01
9.899999999999999911e-01
7.890130866436009249e-01
9.899999999999999911e-01
9.899999999999999911e-01
9.899999999999999911e-01
8.653153393734202004e-01
9.899999999999999911e-01
9.899999999999999911e-01
9.899999999999999911e-01
6.945131036156914073e-01
9.899999999999999911e-01
9.899999999999999911e-01
9.899999999999999911e-01
8.857275595163659476e-01
9.899999999999999911e-01
9.899999999999999911e-01
9.899999999999999911e-01
7.669500473061893198e-01
9.716268015772426825e-01
9.899999999999999911e-01
9.793147677068423373e-01
7.905180214207951916e-01
9.732571962569687152e-01
9.899999999999999911e-01
9.899999999999999911e-01
7.734826436744701716e-01
9.899999999999999911e-01
9.899999999999999911e-01
9.899999999999999911e-01
7.117700829711185451e-01
9.899999999999999911e-01
9.899999999999999911e-01
9.899999999999999911e-01
7.716927921411786961e-01
9.899999999999999911e-01
9.899999999999999911e-01
9.899999999999999911e-01
7.025260883196953188e-01
9.717573457043525709e-01
9.899999999999999911e-01
9.899999999999999911e-01
7.705235084863041317e-01
9.899999999999999911e-01
9.540600614187505490e-01
9.899999999999999911e-01
8.718557416130966464e-01
9.899999999999999911e-01
9.899999999999999911e-01
6.993390588589661894e-01
9.899999999999999911e-01
9.899999999999999911e-01
9.697796599504330262e-01
6.991051037343785080e-01
7.747842579326781332e-01
9.899999999999999911e-01
9.899999999999999911e-01
9.899999999999999911e-01
8.863292767520448701e-01
9.897998240694001471e-01
9.873177000456645480e-01
9.899999999999999911e-01
7.462438821766460562e-01
9.899999999999999911e-01
9.899999999999999911e-01
9.615360746264981495e-01
7.244287509422902005e-01
9.899999999999999911e-01
9.899999999999999911e-01
9.899999999999999911e-01
7.157945525383387908e-01
9.892043229252417413e-01
9.803800918115447294e-01
9.899999999999999911e-01
8.091433506571056311e-01
9.899999999999999911e-01
9.742080825753440809e-01
9.899999999999999911e-01
6.840892053785865290e-01
9.899999999999999911e-01
9.899999999999999911e-01
9.899999999999999911e-01
7.588700267627235263e-01
9.899999999999999911e-01
9.899999999999999911e-01
9.899999999999999911e-01
7.546942296922954929e-01
9.899999999999999911e-01
9.657968382348156577e-01
9.899999999999999911e-01
8.833183762533211025e-01
9.717933381924153124e-01
9.899999999999999911e-01
9.899999999999999911e-01
8.041027821467950920e-01
9.899999999999999911e-01
9.899999999999999911e-01
9.899999999999999911e-01
9.080559230569370532e-01
9.899999999999999911e-01
9.759628661973990260e-01
8.245005856101933484e-01
9.632608228005744566e-01
9.899999999999999911e-01
9.899999999999999911e-01
8.079144000278009052e-01
9.899999999999999911e-01
9.899999999999999911e-01
8.397829858052725527e-01
9.899999999999999911e-01
9.899999999999999911e-01
9.855369740770737463e-01
7.957035580892821702e-01
9.899999999999999911e-01
9.899999999999999911e-01
9.899999999999999911e-01
7.001638255351696483e-01
9.899999999999999911e-01
9.899999999999999911e-01
9.899999999999999911e-01
8.001943741931464293e-01
9.871064188777870507e-01
8.506883688012160105e-01
9.899999999999999911e-01
9.899999999999999911e-01
9.898701768699889048e-01
7.214420073634981723e-01
9.899999999999999911e-01
9.899999999999999911e-01
9.624391057251302506e-01
6.847820941566257202e-01
9.899999999999999911e-01
9.899999999999999911e-01
9.723081512531704940e-01
7.583729312707917503e-01
9.899999999999999911e-01
9.899999999999999911e-01
9.899999999999999911e-01
7.534245549350543358e-01
9.899999999999999911e-01
9.899999999999999911e-01
8.170528022038580085e-01
9.899999999999999911e-01
9.866847780416538871e-01
8.697931635424840380e-01
9.899999999999999911e-01
9.899999999999999911e-01
9.899999999999999911e-01
7.836613004623715906e-01
9.899999999999999911e-01
9.899999999999999911e-01
9.899999999999999911e-01
7.319606547690816756e-01
9.899999999999999911e-01
9.828694219117678488e-01
9.899999999999999911e-01
8.301070269966815962e-01
9.899999999999999911e-01
9.626596621157283984e-01
9.899999999999999911e-01
8.728993060664419490e-01
9.899999999999999911e-01
9.899999999999999911e-01
7.289276370802122429e-01
9.899999999999999911e-01
9.899999999999999911e-01
9.758849564111805597e-01
7.764304259609892123e-01
9.899999999999999911e-01
9.899999999999999911e-01
9.899999999999999911e-01
7.817987034280551306e-01
9.899999999999999911e-01
9.772796529406616584e-01
9.858424224594759533e-01
7.208373103844579743e-01
9.614797301700502841e-01
9.899999999999999911e-01
9.899999999999999911e-01
8.185545024880124254e-01
9.899999999999999911e-01
9.899999999999999911e-01
9.662811398240904737e-01
7.271872414031848031e-01
9.899999999999999911e-01
9.899999999999999911e-01
9.651639291771216822e-01
8.566041313911413324e-01
9.899999999999999911e-01
9.600148504783458936e-01
9.899999999999999911e-01
7.496356765841364345e-01
9.899999999999999911e-01
9.899999999999999911e-01
9.816033584106430565e-01
7.941102384283316162e-01
9.899999999999999911e-01
9.899999999999999911e-01
9.899999999999999911e-01
8.297449863927565117e-01
9.899999999999999911e-01
9.899999999999999911e-01
9.613213034915738531e-01
7.284135732341932012e-01
9.899999999999999911e-01
9.899999999999999911e-01
9.899999999999999911e-01
8.460284056260045649e-01
9.899999999999999911e-01
7.597730137295061192e-01
9.812461800173496451e-01
9.899999999999999911e-01
9.595890807804389189e-01
8.460490202762289691e-01
9.899999999999999911e-01
9.899999999999999911e-01
9.899999999999999911e-01
7.452541164858510481e-01
9.899999999999999911e-01
9.899999999999999911e-01
6.976734490209782757e-01
9.899999999999999911e-01
9.873430272114938067e-01
9.899999999999999911e-01
6.909281356582801514e-01
9.899999999999999911e-01
9.718828201796845256e-01
9.899999999999999911e-01
7.822272471704476704e-01
9.899999999999999911e-01
9.899999999999999911e-01
8.605574920484829748e-01
9.765465441945462288e-01
9.899999999999999911e-01
9.899999999999999911e-01
8.521513829810137830e-01
9.899999999999999911e-01
9.899999999999999911e-01
7.332996109039877641e-01
9.899999999999999911e-01
9.899999999999999911e-01
9.899999999999999911e-01
9.728528209269700078e-01
9.899999999999999911e-01
9.899999999999999911e-01
9.899999999999999911e-01
7.309120925034471306e-01
9.472080110312073309e-01
9.899999999999999911e-01
9.899999999999999911e-01
7.760996886191156019e-01
9.899999999999999911e-01
9.662288437262420704e-01
9.899999999999999911e-01
8.740155136010951953e-01
9.899999999999999911e-01
9.256581135001969995e-01
9.588407342806398725e-01
8.432176801175970127e-01
9.899999999999999911e-01
9.898660126315728114e-01
8.153726736320495716e-01
9.899999999999999911e-01
9.899999999999999911e-01
9.479852588082131604e-01
8.061947503595280340e-01
9.489800570102050470e-01
9.899999999999999911e-01
9.899999999999999911e-01
7.169960076476827870e-01
9.899999999999999911e-01
9.899999999999999911e-01
9.899999999999999911e-01
8.232673487816397628e-01
9.714981456807522120e-01
7.111734484125492584e-01
9.899999999999999911e-01
9.899999999999999911e-01
7.864794927508550471e-01
9.899999999999999911e-01
9.899999999999999911e-01
9.899999999999999911e-01
8.769238826203034076e-01
9.899999999999999911e-01
9.899999999999999911e-01
9.899999999999999911e-01
8.352220690551025450e-01
9.757524639602053185e-01
9.899999999999999911e-01
7.457800091148025778e-01
9.899999999999999911e-01
9.899999999999999911e-01
9.899999999999999911e-01
8.759908365993949175e-01
9.733351231467369802e-01
9.563717552271867595e-01
9.515401403208987308e-01
7.494847411589300457e-01
9.899999999999999911e-01
9.899999999999999911e-01
8.775280493359025602e-01
9.721598346945463653e-01
9.899999999999999911e-01
9.899999999999999911e-01
7.405517470374790578e-01
9.620169968759626489e-01
9.631834909714466209e-01
8.686993721339962837e-01
9.532484743372521274e-01
9.650847524518356702e-01
9.526249154451567058e-01
7.982749953538755827e-01
9.899999999999999911e-01
9.899999999999999911e-01
9.899999999999999911e-01
9.041437672728500630e-01
9.818921032430575346e-01
9.899999999999999911e-01
9.899999999999999911e-01
8.031001447618174582e-01
9.899999999999999911e-01
9.899999999999999911e-01
9.899999999999999911e-01
7.697481801964086712e-01
9.660637804964361530e-01
9.695785163334811330e-01
9.899999999999999911e-01
8.723498822287567567e-01
9.680456787758702220e-01
9.899999999999999911e-01
9.671137234720034170e-01
7.829981755610100347e-01
9.899999999999999911e-01
9.899999999999999911e-01
8.835135871170511912e-01
9.899999999999999911e-01
9.672959487502585940e-01
9.699885470838949253e-01
8.464791473804527122e-01
9.899999999999999911e-01
8.409411274432047056e-01
9.899999999999999911e-01
9.540928779533258686e-01
9.899999999999999911e-01
7.215899719550151747e-01
9.899999999999999911e-01
9.899999999999999911e-01
9.899999999999999911e-01
8.735455580309824386e-01
9.899999999999999911e-01
9.897602696391328836e-01
9.899999999999999911e-01
8.413246512605032645e-01
9.899999999999999911e-01
9.899999999999999911e-01
7.176527626107683799e-01
9.899999999999999911e-01
9.889788190036775672e-01
9.899999999999999911e-01
8.680436735815632021e-01
9.899999999999999911e-01
9.899999999999999911e-01
9.899999999999999911e-01
8.690695482086101542e-01
9.899999999999999911e-01
9.899999999999999911e-01
9.899999999999999911e-01
8.566506676097750406e-01
9.899999999999999911e-01
9.899999999999999911e-01
9.899999999999999911e-01
7.151376724117203265e-01
9.899999999999999911e-01
9.899999999999999911e-01
9.899999999999999911e-01
7.300743708683540278e-01
9.899999999999999911e-01
9.899999999999999911e-01
9.899999999999999911e-01
7.464356368127944563e-01
9.899999999999999911e-01
9.899999999999999911e-01
7.138218874514621337e-01
9.899999999999999911e-01
9.899999999999999911e-01
9.899999999999999911e-01
8.546264926976565590e-01
9.899999999999999911e-01
9.899999999999999911e-01
6.950593211938309590e-01
9.836756201374738939e-01
9.899999999999999911e-01
9.899999999999999911e-01
8.663174013471999224e-01
9.899999999999999911e-01
7.107822421181622108e-01
9.899999999999999911e-01
9.607522615926312737e-01
6.957421964143498672e-01
9.633846799733903898e-01
9.890359460097164490e-01
8.612449991979073127e-01
9.899999999999999911e-01
9.467840954610778903e-01
8.703046250821309116e-01
9.885412672168589765e-01
9.504554285829855953e-01
9.899999999999999911e-01
8.840653164168369438e-01
9.657467777755009974e-01
9.899999999999999911e-01
7.609491596892735688e-01
9.899999999999999911e-01
9.899999999999999911e-01
9.434467488114668399e-01
7.613683292421146165e-01
9.899999999999999911e-01
9.899999999999999911e-01
9.899999999999999911e-01
8.077302943098572108e-01
9.748205509940458535e-01
9.899999999999999911e-01
9.899999999999999911e-01
8.898064454421181768e-01
9.778328410625525269e-01
9.899999999999999911e-01
8.789564290769114052e-01
9.899999999999999911e-01
9.899999999999999911e-01
9.899999999999999911e-01
8.593198249619216078e-01
9.899999999999999911e-01
9.899999999999999911e-01
8.563178210697429682e-01
9.899999999999999911e-01
9.885637427133712185e-01
9.583803173241572937e-01
9.272056606005582013e-01
9.899999999999999911e-01
9.896982314497764222e-01
9.899999999999999911e-01
9.899999999999999911e-01
9.899999999999999911e-01
8.924912512494582728e-01
9.899999999999999911e-01
9.899999999999999911e-01
7.269187860561188153e-01
9.899999999999999911e-01
9.899999999999999911e-01
9.899999999999999911e-01
7.854719388584583406e-01
9.899999999999999911e-01
9.899999999999999911e-01
9.899999999999999911e-01
7.913500869993288500e-01
9.471949155287820998e-01
6.789902697648333429e-01
9.899999999999999911e-01
9.899999999999999911e-01
8.408024712045227833e-01
9.899999999999999911e-01
9.492693057108015919e-01
9.533461215104811481e-01
8.186051243946143030e-01
9.899999999999999911e-01
9.899999999999999911e-01
9.899999999999999911e-01
7.685147275386577936e-01
9.899999999999999911e-01
9.899999999999999911e-01
7.722401403062089109e-01
9.508126284201545708e-01
9.899999999999999911e-01
9.899999999999999911e-01
8.171936173737898157e-01
9.899999999999999911e-01
9.899999999999999911e-01
9.899999999999999911e-01
8.829021681909278163e-01
9.899999999999999911e-01
9.899999999999999911e-01
9.899999999999999911e-01
7.900390692278493887e-01
9.570643999303780625e-01
9.899999999999999911e-01
9.899999999999999911e-01
7.955905442532931193e-01
9.813940374931248156e-01
9.661046960208298229e-01
9.899999999999999911e-01
8.283584804947113911e-01
9.594518859840068803e-01
9.899999999999999911e-01
9.899999999999999911e-01
7.384821166102188972e-01
9.899999999999999911e-01
9.397819683646096989e-01
9.899999999999999911e-01
7.628249820893990840e-01
9.899999999999999911e-01
9.899999999999999911e-01
9.899999999999999911e-01
8.397327863430839034e-01
9.899999999999999911e-01
9.899999999999999911e-01
9.899999999999999911e-01
7.733649679150674805e-01
9.899999999999999911e-01
9.742789217109537603e-01
9.808683551402445078e-01
8.054406369218481965e-01
9.899999999999999911e-01
9.659052336871026823e-01
8.644159205153515435e-01
9.899999999999999911e-01
9.899999999999999911e-01
9.899999999999999911e-01
