9.351800289312021119e-01
9.899999999999999911e-01
9.899999999999999911e-01
9.899999999999997691e-01
7.697238844467978458e-01
9.899999999999999911e-01
9.899999999999999911e-01
9.899999999999999911e-01
8.932423343045614583e-01
9.899999999999999911e-01
9.899999999999999911e-01
9.899999999999999911e-01
8.498490433223671037e-01
9.899999999999999911e-01
9.899999999999999911e-01
9.899999999999999911e-01
9.252685697352133198e-01
9.899999999999999911e-01
9.899999999999999911e-01
9.899999999999999911e-01
8.570815806970594197e-01
9.899999999999999911e-01
9.899999999999999911e-01
9.899999999999999911e-01
9.382045215584956521e-01
9.899999999999999911e-01
9.899999999999999911e-01
9.899999999999999911e-01
9.104334089600366609e-01
9.899999999999999911e-01
9.899999999999999911e-01
9.899999999999999911e-01
9.211532482743909345e-01
9.899999999999999911e-01
9.899999999999999911e-01
9.899999999999999911e-01
9.396480204996905394e-01
9.899999999999999911e-01
9.899999999999999911e-01
9.899999999999999911e-01
9.228912351353921739e-01
9.899999999999999911e-01
9.899999999999999911e-01
9.899999999999999911e-01
9.348801286163695989e-01
9.899999999999999911e-01
9.899999999999999911e-01
9.899999999999999911e-01
9.377371769022078141e-01
9.899999999999999911e-01
9.899999999999999911e-01
9.899999999999999911e-01
9.260152672622543601e-01
9.899999999999999911e-01
9.899999999999999911e-01
9.899999999999999911e-01
7.603420663516353706e-01
9.899999999999999911e-01
9.899999999999999911e-01
9.899999999999999911e-01
8.347959526347864534e-01
9.899999999999999911e-01
9.899999999999999911e-01
9.899999999999999911e-01
7.871782630316883633e-01
9.899999999999999911e-01
9.899999999999999911e-01
9.899999999999999911e-01
8.176326020001271067e-01
9.899999999999999911e-01
9.899999999999999911e-01
9.899999999999999911e-01
9.220498397219226705e-01
9.899999999999999911e-01
9.899999999999999911e-01
9.899999999999999911e-01
9.367483631167150548e-01
9.899999999999999911e-01
9.899999999999985478e-01
9.899999999999999911e-01
8.963219840534140115e-01
9.899999999999999911e-01
9.899999999999999911e-01
9.899999999999999911e-01
8.765833665526636675e-01
9.899999999999999911e-01
9.899999999999999911e-01
9.899999999999999911e-01
9.251564757694779040e-01
9.899999999999999911e-01
9.899999999999999911e-01
9.899999999999999911e-01
8.766065833258801510e-01
9.899999999999999911e-01
9.899999999999999911e-01
9.899999999999999911e-01
8.292383100243952976e-01
9.899999999999999911e-01
9.899999999999999911e-01
9.899999999999999911e-01
8.550308134212200040e-01
9.899999999999999911e-01
9.899999999999999911e-01
9.899999999999999911e-01
8.692988553844258615e-01
9.899999999999999911e-01
9.899999999999999911e-01
9.899999999999999911e-01
8.474252969042075367e-01
9.899999999999999911e-01
8.286987627239187360e-01
9.899999999999999911e-01
9.899999999999999911e-01
9.899999999999999911e-01
9.331633797473404268e-01
9.899999999999999911e-01
7.576920268985376516e-01
9.899999999999999911e-01
9.899999999999999911e-01
9.899999999999999911e-01
8.068605367313587129e-01
9.899999999999999911e-01
9.899999999999999911e-01
9.899999999999999911e-01
7.705581995510432103e-01
9.899999999999999911e-01
9.899999999999999911e-01
9.899999999999999911e-01
7.818208244915433314e-01
9.899999999999999911e-01
9.899999999999999911e-01
9.899999999999999911e-01
8.721421566960855243e-01
9.899999999999999911e-01
9.899999999999999911e-01
9.899999999999999911e-01
8.917656863786894705e-01
9.899999999999999911e-01
9.899999999999999911e-01
9.899999999999999911e-01
8.948638342859110972e-01
9.899999999999999911e-01
9.899999999999999911e-01
8.709354488577409903e-01
9.899999999999999911e-01
9.899999999999999911e-01
9.899999999999999911e-01
8.543458606977182290e-01
9.899999999999999911e-01
9.899999999999999911e-01
9.543916883609373514e-01
9.899999999999999911e-01
9.899999999999999911e-01
9.899999999999999911e-01
8.801376286579186692e-01
9.899999999999999911e-01
9.899999999999999911e-01
9.899999999999999911e-01
9.899999999999999911e-01
9.899999999999999911e-01
9.035503964878036642e-01
9.899999999999999911e-01
9.899999999999999911e-01
9.899999999999999911e-01
9.141050086182913592e-01
9.899999999999999911e-01
9.899999999999999911e-01
9.899999999999999911e-01
9.899999999999999911e-01
9.482690463828481464e-01
9.899999999999999911e-01
9.899999999999999911e-01
9.899999999999999911e-01
9.899999999999999911e-01
8.759361101305556119e-01
9.899999999999999911e-01
9.899999999999999911e-01
9.899999999999999911e-01
9.011197139960820390e-01
9.899999999999999911e-01
9.899999999999999911e-01
9.899999999999999911e-01
9.531132025189181789e-01
9.899999999999999911e-01
9.899999999999999911e-01
9.899999999999999911e-01
9.899999999999999911e-01
9.899999999999999911e-01
9.361391558079048547e-01
9.899999999999999911e-01
9.899999999999999911e-01
9.899999999999999911e-01
8.446517201368558547e-01
9.899999999999999911e-01
9.899999999999999911e-01
9.899999999999999911e-01
8.695896385175665433e-01
9.899999999999999911e-01
9.899999999999999911e-01
9.899999999999999911e-01
7.522574242341792949e-01
9.899999999999999911e-01
9.899999999999999911e-01
9.899999999999999911e-01
9.899999999999999911e-01
9.899999999999999911e-01
9.899999999999999911e-01
9.646063776637269216e-01
9.899999999999999911e-01
9.899999999999999911e-01
9.899999999999999911e-01
9.026295097739455153e-01
9.899999999999999911e-01
9.899999999999999911e-01
9.899999999999999911e-01
7.869066129135122711e-01
9.899999999999999911e-01
9.899999999999999911e-01
9.308792407543738934e-01
9.899999999999999911e-01
9.899999999999999911e-01
8.006131886340249748e-01
9.899999999999999911e-01
9.899999999999999911e-01
9.210479865955799594e-01
9.899999999999999911e-01
9.899999999999999911e-01
9.899999999999999911e-01
7.486223767909864213e-01
9.899999999999999911e-01
9.899999999999999911e-01
9.899999999999999911e-01
9.471023447881681268e-01
9.899999999999999911e-01
9.899999999999999911e-01
9.899999999999999911e-01
7.565175284154492807e-01
9.899999999999999911e-01
9.899999999999999911e-01
9.899999999999999911e-01
7.779614218675601212e-01
9.899999999999999911e-01
9.899999999999999911e-01
9.899999999999999911e-01
8.587461106469090888e-01
9.899999999999999911e-01
9.899999999999999911e-01
9.899999999999999911e-01
8.468695381425185298e-01
8.420412849418374979e-01
9.899999999999999911e-01
9.899999999999999911e-01
9.899999999999999911e-01
8.494447846109062228e-01
9.899999999999999911e-01
9.899999999999999911e-01
9.899999999999999911e-01
8.198659772730366724e-01
9.899999999999999911e-01
9.899999999999999911e-01
9.899999999999999911e-01
8.768345885971857712e-01
9.899999999999999911e-01
9.899999999999999911e-01
9.899999999999999911e-01
9.186248749818649584e-01
9.899999999999999911e-01
9.899999999999999911e-01
9.899999999999999911e-01
8.373537139214329850e-01
9.899999999999999911e-01
9.899999999999999911e-01
9.899999999999999911e-01
9.487532863163868901e-01
9.899999999999999911e-01
9.899999999999999911e-01
9.899999999999999911e-01
8.937351512269232634e-01
9.899999999999999911e-01
9.899999999999999911e-01
9.899999999999999911e-01
9.490047521313690337e-01
9.899999999999999911e-01
9.899999999999999911e-01
9.899999999999999911e-01
7.550894468319805375e-01
9.899999999999999911e-01
9.899999999999999911e-01
9.899999999999999911e-01
9.206271072756696539e-01
9.899999999999999911e-01
9.899999999999999911e-01
9.899999999999999911e-01
9.423546266185713893e-01
9.899999999999999911e-01
9.899999999999999911e-01
9.899999999999999911e-01
7.442687231183310326e-01
9.899999999999999911e-01
9.899999999999999911e-01
9.899999999999999911e-01
8.430036848410533690e-01
9.899999999999999911e-01
9.899999999999999911e-01
9.899999999999999911e-01
8.192611891465870766e-01
9.899999999999999911e-01
9.899999999999999911e-01
9.899999999999999911e-01
9.331030257576207187e-01
9.899999999999999911e-01
9.899999999999999911e-01
9.899999999999999911e-01
8.582728672010290216e-01
9.899999999999999911e-01
9.899999999999999911e-01
9.899999999999999911e-01
7.957647345536935646e-01
9.899999999999999911e-01
9.899999999999999911e-01
9.899999999999999911e-01
8.765891006889469095e-01
9.899999999999999911e-01
9.899999999999999911e-01
9.899999999999999911e-01
8.738674053649824192e-01
9.899999999999999911e-01
9.899999999999999911e-01
9.899999999999999911e-01
8.714926573148983335e-01
9.899999999999999911e-01
9.899999999999999911e-01
9.899999999999999911e-01
8.881257957974511008e-01
9.899999999999999911e-01
9.899999999999999911e-01
9.899999999999999911e-01
9.899999999999999911e-01
9.899999999999999911e-01
9.899999999999999911e-01
9.899999999999999911e-01
8.836722131807578373e-01
9.899999999999999911e-01
9.899999999999999911e-01
9.899999999999999911e-01
8.870559902240823247e-01
9.899999999999999911e-01
9.899999999999999911e-01
9.899999999999999911e-01
9.708075728275603611e-01
9.899999999999999911e-01
9.899999999999999911e-01
9.899999999999999911e-01
8.113367491160111689e-01
9.899999999999999911e-01
9.899999999999999911e-01
9.899999999999999911e-01
9.899999999999999911e-01
7.396559926809481711e-01
9.899999999999999911e-01
9.899999999999999911e-01
9.899999999999999911e-01
7.899718120230151408e-01
9.899999999999999911e-01
9.899999999999999911e-01
9.899999999999999911e-01
9.497242803633091368e-01
9.899999999999999911e-01
9.899999999999999911e-01
9.899999999999999911e-01
9.335831270416428129e-01
9.899999999999999911e-01
9.899999999999999911e-01
7.941149317456015488e-01
9.899999999999999911e-01
9.899999999999999911e-01
9.899999999999999911e-01
9.251634513082496181e-01
9.899999999999999911e-01
9.899999999999999911e-01
9.899999999999999911e-01
7.608496182504344008e-01
9.899999999999999911e-01
9.899999999999999911e-01
9.899999999999999911e-01
9.371821155439052919e-01
9.899999999999999911e-01
9.899999999999999911e-01
8.416226062416157783e-01
9.899999999999999911e-01
9.899999999999999911e-01
9.899999999999999911e-01
8.523970950042140116e-01
9.899999999999999911e-01
9.899999999999999911e-01
9.899999999999999911e-01
7.831873157203302904e-01
9.899999999999999911e-01
9.463011536870403750e-01
9.899999999999999911e-01
9.899999999999999911e-01
9.899999999999999911e-01
7.918592148542303866e-01
9.899999999999999911e-01
9.899999999999999911e-01
9.899999999999999911e-01
8.857296870602202610e-01
9.457408646887343062e-01
9.899999999999999911e-01
9.899999999999999911e-01
9.486919828562722090e-01
9.899999999999999911e-01
9.899999999999999911e-01
9.899999999999999911e-01
8.397012011706379564e-01
9.899999999999999911e-01
9.899999999999999911e-01
9.899999999999999911e-01
9.004973084553173912e-01
9.899999999999999911e-01
9.899999999999999911e-01
9.899999999999999911e-01
7.786775222261104190e-01
9.899999999999999911e-01
9.899999999999999911e-01
9.899999999999999911e-01
9.232959134775434729e-01
9.899999999999999911e-01
9.899999999999999911e-01
9.899999999999999911e-01
9.018059222794141405e-01
9.899999999999999911e-01
9.899999999999999911e-01
9.899999999999999911e-01
7.834955760697964733e-01
9.899999999999999911e-01
9.899999999999999911e-01
9.899999999999999911e-01
8.150595089417708161e-01
9.899999999999999911e-01
9.899999999999999911e-01
9.899999999999999911e-01
9.899999999999999911e-01
9.899999999999999911e-01
9.230258907271796653e-01
9.899999999999999911e-01
9.899999999999999911e-01
9.899999999999999911e-01
8.870800553221693807e-01
9.899999999999999911e-01
9.899999999999999911e-01
9.249454800984581171e-01
9.899999999999999911e-01
9.899999999999999911e-01
9.899999999999999911e-01
8.780175571776750454e-01
9.899999999999999911e-01
7.977115159038564718e-01
9.899999999999999911e-01
9.899999999999999911e-01
9.899999999999999911e-01
9.758132057393033021e-01
9.899999999999999911e-01
9.899999999999999911e-01
9.899999999999999911e-01
8.951250107281295554e-01
9.899999999999999911e-01
9.899999999999999911e-01
9.899999999999999911e-01
8.058305160689275271e-01
9.899999999999999911e-01
9.899999999999999911e-01
9.899999999999999911e-01
7.699682108009300308e-01
9.899999999999999911e-01
9.899999999999999911e-01
9.899999999999999911e-01
9.108365871199298747e-01
9.899999999999999911e-01
9.899999999999999911e-01
9.899999999999999911e-01
8.134171482965005806e-01
9.899999999999999911e-01
9.899999999999999911e-01
9.899999999999999911e-01
9.228029775588025840e-01
9.899999999999999911e-01
9.899999999999999911e-01
9.899999999999999911e-01
8.362211481735215557e-01
9.899999999999999911e-01
9.899999999999999911e-01
9.899999999999999911e-01
7.844671360472190713e-01
9.899999999999999911e-01
9.899999999999999911e-01
9.899999999999999911e-01
9.463999490687761140e-01
9.899999999999999911e-01
9.899999999999999911e-01
9.899999999999999911e-01
7.744483712581449186e-01
9.899999999999999911e-01
9.899999999999999911e-01
9.899999999999999911e-01
9.771968177389454002e-01
9.899999999999999911e-01
9.899999999999999911e-01
9.899999999999999911e-01
8.315762877192851565e-01
9.899999999999999911e-01
9.899999999999999911e-01
9.899999999999999911e-01
9.009519770466689614e-01
9.899999999999999911e-01
9.899999999999999911e-01
9.899999999999999911e-01
7.541721826605195522e-01
9.899999999999999911e-01
9.899999999999999911e-01
9.899999999999999911e-01
9.432585525673796711e-01
9.899999999999999911e-01
9.899999999999999911e-01
9.899999999999999911e-01
8.088411260174364070e-01
9.899999999999999911e-01
9.899999999999999911e-01
9.899999999999999911e-01
8.466781490130841359e-01
9.899999999999999911e-01
9.899999999999999911e-01
9.899999999999999911e-01
8.334968136069917932e-01
9.899999999999999911e-01
9.899999999999999911e-01
9.899999999999999911e-01
7.697218598030826087e-01
9.899999999999999911e-01
9.899999999999999911e-01
9.899999999999999911e-01
8.290854620179786139e-01
9.899999999999999911e-01
9.899999999999999911e-01
9.899999999999999911e-01
7.624103689466801281e-01
9.899999999999999911e-01
9.899999999999999911e-01
9.899999999999999911e-01
8.295153903113635652e-01
9.899999999999999911e-01
9.899999999999999911e-01
9.899999999999999911e-01
9.158725821190389915e-01
9.899999999999999911e-01
9.899999999999999911e-01
7.560336820386985845e-01
9.899999999999999911e-01
9.899999999999999911e-01
9.899999999999999911e-01
7.497948601593865670e-01
8.317400005835396959e-01
9.899999999999999911e-01
9.899999999999999911e-01
9.899999999999999911e-01
9.061348882571658159e-01
9.899999999999999911e-01
9.899999999999999911e-01
9.899999999999999911e-01
8.007719718265148279e-01
9.899999999999999911e-01
9.899999999999999911e-01
9.899999999999999911e-01
7.778498667934602429e-01
9.899999999999999911e-01
9.899999999999999911e-01
9.899999999999999911e-01
7.721015021329407091e-01
9.899999999999999911e-01
9.899999999999999911e-01
9.899999999999999911e-01
8.685511265065593012e-01
9.899999999999999911e-01
9.899999999999999911e-01
9.899999999999999911e-01
7.388564570408310272e-01
9.899999999999999911e-01
9.899999999999999911e-01
9.899999999999999911e-01
8.189073514044100666e-01
9.899999999999999911e-01
9.899999999999999911e-01
9.899999999999999911e-01
8.149148973454619638e-01
9.899999999999999911e-01
9.899999999999999911e-01
9.899999999999999911e-01
9.307293344607340257e-01
9.899999999999999911e-01
9.899999999999999911e-01
9.899999999999999911e-01
8.450749921047173707e-01
9.899999999999999911e-01
9.899999999999999911e-01
9.899999999999999911e-01
9.350272882381158723e-01
9.899999999999999911e-01
9.899999999999999911e-01
8.734090763808832758e-01
9.899999999999999911e-01
9.899999999999999911e-01
9.899999999999999911e-01
8.406689801576323617e-01
9.899999999999999911e-01
9.899999999999999911e-01
8.808975008974682108e-01
9.899999999999999911e-01
9.899999999999999911e-01
9.899999999999999911e-01
8.469203183848844629e-01
9.899999999999999911e-01
9.899999999999999911e-01
9.899999999999999911e-01
7.533240613658066520e-01
9.899999999999999911e-01
9.899999999999999911e-01
9.899999999999999911e-01
8.353510858898826053e-01
9.899999999999999911e-01
9.002091303470987071e-01
9.899999999999999911e-01
9.899999999999999911e-01
9.899999999999999911e-01
7.787162085154132329e-01
9.899999999999999911e-01
9.899999999999999911e-01
9.899999999999999911e-01
7.504405520923141948e-01
9.899999999999999911e-01
9.899999999999999911e-01
9.899999999999999911e-01
8.104237641218735577e-01
9.899999999999999911e-01
9.899999999999999911e-01
9.899999999999999911e-01
8.064889930754519654e-01
9.899999999999999911e-01
9.899999999999999911e-01
8.660137798866023306e-01
9.899999999999999911e-01
9.899999999999999911e-01
9.220100873550132192e-01
9.899999999999999911e-01
9.899999999999999911e-01
9.899999999999999911e-01
8.391275531306936486e-01
9.899999999999999911e-01
9.899999999999999911e-01
9.899999999999999911e-01
7.877045194425332797e-01
9.899999999999999911e-01
9.899999999999999911e-01
9.899999999999999911e-01
8.858403911824908050e-01
9.899999999999999911e-01
9.899999999999999911e-01
9.899999999999999911e-01
9.322735845152021472e-01
9.899999999999999911e-01
9.899999999999999911e-01
7.859675673253243566e-01
9.899999999999999911e-01
9.899999999999999911e-01
9.899999999999999911e-01
8.341889223111815799e-01
9.899999999999999911e-01
9.899999999999999911e-01
9.899999999999999911e-01
8.406794876366437963e-01
9.899999999999999911e-01
9.899999999999999911e-01
9.899999999999999911e-01
7.805756107224952611e-01
9.899999999999999911e-01
9.899999999999999911e-01
9.899999999999999911e-01
8.772604967451876901e-01
9.899999999999999911e-01
9.899999999999999911e-01
9.899999999999999911e-01
7.775660789858717115e-01
9.899999999999999911e-01
9.899999999999999911e-01
9.899999999999999911e-01
9.157917899881384827e-01
9.899999999999999911e-01
9.899999999999999911e-01
9.899999999999999911e-01
8.001933727730035084e-01
9.899999999999999911e-01
9.899999999999999911e-01
9.899999999999999911e-01
8.525469219875292382e-01
9.899999999999999911e-01
9.899999999999999911e-01
9.899999999999999911e-01
8.834104370701615361e-01
9.899999999999999911e-01
9.899999999999999911e-01
9.899999999999999911e-01
7.805618464976776805e-01
9.899999999999999911e-01
9.899999999999999911e-01
9.899999999999999911e-01
8.841226354154574363e-01
9.899999999999999911e-01
8.188961747856263740e-01
9.899999999999999911e-01
9.899999999999999911e-01
9.899999999999999911e-01
9.023112231089920332e-01
9.899999999999999911e-01
9.899999999999999911e-01
9.899999999999999911e-01
8.048224174881667414e-01
9.899999999999999911e-01
9.899999999999999911e-01
7.523821639784548099e-01
9.899999999999999911e-01
9.899999999999999911e-01
9.899999999999999911e-01
7.502644478656349536e-01
9.899999999999999911e-01
9.899999999999999911e-01
9.899999999999999911e-01
8.413342592265280473e-01
9.899999999999999911e-01
9.899999999999999911e-01
9.131288589857028404e-01
9.899999999999999911e-01
9.899999999999999911e-01
9.899999999999999911e-01
9.092285531509185503e-01
9.899999999999999911e-01
9.899999999999999911e-01
7.846465795299306656e-01
9.899999999999999911e-01
9.899999999999999911e-01
9.899999999999999911e-01
9.757832293865166262e-01
9.899999999999999911e-01
9.899999999999999911e-01
9.899999999999999911e-01
7.817502711552534178e-01
9.899999999999999911e-01
9.899999999999999911e-01
9.899999999999999911e-01
8.270353058386569201e-01
9.899999999999999911e-01
9.899999999999999911e-01
9.899999999999999911e-01
9.291177423820017323e-01
9.899999999999999911e-01
9.899999999999999911e-01
9.899999999999999911e-01
8.752759965260762387e-01
9.899999999999999911e-01
9.899999999999999911e-01
8.742168289529791414e-01
9.899999999999999911e-01
9.899999999999999911e-01
9.899999999999999911e-01
8.582434763994647442e-01
9.899999999999999911e-01
9.899999999999999911e-01
9.899999999999999911e-01
7.747708394964267775e-01
9.899999999999999911e-01
9.899999999999999911e-01
9.899999999999999911e-01
8.530211879778947237e-01
9.899999999999999911e-01
7.603996553956809956e-01
9.899999999999999911e-01
9.899999999999999911e-01
8.443871239910144544e-01
9.899999999999999911e-01
9.899999999999999911e-01
9.899999999999999911e-01
9.295939044562849807e-01
9.899999999999999911e-01
9.899999999999999911e-01
9.899999999999999911e-01
8.937793516585974540e-01
9.899999999999999911e-01
9.899999999999999911e-01
7.975218469826909073e-01
9.899999999999999911e-01
9.899999999999999911e-01
9.899999999999999911e-01
9.301767715873509035e-01
9.899999999999999911e-01
9.899999999999999911e-01
9.899999999999999911e-01
8.093394626007635040e-01
9.899999999999999911e-01
9.899999999999999911e-01
9.370243497624253237e-01
9.899999999999999911e-01
9.899999999999999911e-01
9.899999999999999911e-01
7.842674273159594422e-01
9.899999999999999911e-01
9.899999999999999911e-01
9.240147347491208807e-01
9.899999999999999911e-01
9.899999999999999911e-01
9.899999999999999911e-01
8.495653291126562534e-01
9.899999999999999911e-01
9.899999999999999911e-01
9.899999999999999911e-01
9.329963116107824472e-01
9.899999999999999911e-01
9.899999999999999911e-01
9.899999999999999911e-01
8.626681755301124355e-01
9.899999999999999911e-01
9.899999999999999911e-01
9.899999999999999911e-01
8.242044000439113782e-01
9.899999999999999911e-01
9.899999999999999911e-01
9.899999999999999911e-01
9.256767881656372543e-01
9.899999999999999911e-01
9.899999999999999911e-01
9.899999999999999911e-01
8.416937328151160580e-01
9.899999999999999911e-01
9.899999999999999911e-01
9.428173164341464574e-01
9.899999999999999911e-01
9.899999999999999911e-01
9.899999999999999911e-01
8.911117190264360444e-01
9.899999999999999911e-01
9.006869936384266362e-01
9.899999999999999911e-01
9.899999999999999911e-01
9.899999999999999911e-01
7.813073276953808044e-01
9.899999999999999911e-01
9.899999999999999911e-01
9.899999999999999911e-01
9.299297500291311414e-01
9.899999999999999911e-01
9.899999999999999911e-01
9.899999999999999911e-01
8.920113181325693974e-01
9.899999999999999911e-01
9.899999999999999911e-01
7.781959693476907525e-01
9.899999999999999911e-01
9.899999999999999911e-01
9.899999999999999911e-01
9.236837194113891591e-01
9.899999999999999911e-01
9.899999999999999911e-01
9.899999999999999911e-01
9.269276505520539500e-01
9.899999999999999911e-01
9.899999999999999911e-01
9.899999999999999911e-01
8.801769352220378817e-01
9.899999999999999911e-01
9.899999999999999911e-01
9.899999999999999911e-01
7.743699611953914763e-01
9.899999999999999911e-01
9.899999999999999911e-01
9.899999999999999911e-01
7.883810051974026178e-01
9.899999999999999911e-01
9.899999999999999911e-01
9.899999999999999911e-01
7.969001887819605612e-01
9.899999999999999911e-01
9.899999999999999911e-01
7.681932814861182068e-01
9.899999999999999911e-01
9.899999999999999911e-01
9.899999999999999911e-01
9.089060854110718735e-01
9.899999999999999911e-01
9.899999999999999911e-01
7.500540231181435091e-01
9.899999999999999911e-01
9.899999999999999911e-01
9.899999999999999911e-01
9.259027720625396807e-01
9.899999999999999911e-01
7.644370348392671710e-01
9.899999999999999911e-01
9.899999999999999911e-01
7.554809893219417427e-01
9.899999999999999911e-01
9.899999999999999911e-01
9.160537751739685763e-01
9.899999999999999911e-01
9.899999999999999911e-01
9.271691909261726705e-01
9.899999999999999911e-01
9.899999999999999911e-01
9.899999999999999911e-01
9.436264529272617718e-01
9.899999999999999911e-01
9.899999999999999911e-01
7.985631331284857026e-01
9.899999999999999911e-01
9.899999999999999911e-01
9.899999999999999911e-01
8.240922796193218547e-01
9.899999999999999911e-01
9.899999999999999911e-01
9.899999999999999911e-01
8.597157669394850377e-01
9.899999999999999911e-01
9.899999999999999911e-01
9.899999999999999911e-01
9.422257357004069078e-01
9.899999999999999911e-01
9.899999999999999911e-01
8.988608957551499357e-01
9.899999999999999911e-01
9.899999999999999911e-01
9.899999999999999911e-01
8.956749048425383108e-01
9.899999999999999911e-01
9.899999999999999911e-01
9.097146703172563909e-01
9.899999999999999911e-01
9.899999999999999911e-01
9.899999999999999911e-01
9.556126943472308399e-01
9.899999999999999911e-01
9.899999999999999911e-01
9.899999999999999911e-01
9.899999999999999911e-01
9.899999999999999911e-01
9.163463249870162919e-01
9.899999999999999911e-01
9.899999999999999911e-01
7.885375960204191736e-01
9.899999999999999911e-01
9.899999999999999911e-01
9.899999999999999911e-01
8.365848030685107961e-01
9.899999999999999911e-01
9.899999999999999911e-01
9.899999999999999911e-01
8.333968689393872475e-01
9.899999999999999911e-01
7.385468996070569947e-01
9.899999999999999911e-01
9.899999999999999911e-01
8.928336790022074476e-01
9.899999999999999911e-01
9.899999999999999911e-01
9.899999999999999911e-01
8.713666078161598216e-01
9.899999999999999911e-01
9.899999999999999911e-01
9.899999999999999911e-01
8.263501279771415797e-01
9.899999999999999911e-01
9.899999999999999911e-01
8.231471998563028025e-01
9.899999999999999911e-01
9.899999999999999911e-01
9.899999999999999911e-01
8.754833795649321626e-01
9.899999999999999911e-01
9.899999999999999911e-01
9.899999999999999911e-01
9.376742359662179060e-01
9.899999999999999911e-01
9.899999999999999911e-01
9.899999999999999911e-01
8.493916343332442720e-01
9.899999999999999911e-01
9.899999999999999911e-01
9.899999999999999911e-01
8.545343607269673125e-01
9.899999999999999911e-01
9.899999999999999911e-01
9.899999999999999911e-01
8.780213446695862567e-01
9.899999999999999911e-01
9.899999999999999911e-01
9.899999999999999911e-01
8.022493941115689253e-01
9.899999999999999911e-01
9.899999999999999911e-01
9.899999999999999911e-01
8.152089226716429105e-01
9.899999999999999911e-01
9.899999999999999911e-01
9.899999999999999911e-01
8.915448360893397650e-01
9.899999999999999911e-01
9.899999999999999911e-01
9.899999999999999911e-01
8.243381136885861160e-01
9.899999999999999911e-01
9.899999999999999911e-01
9.899999999999999911e-01
8.385080970430883740e-01
9.899999999999999911e-01
9.899999999999999911e-01
8.936449214711863487e-01
9.899999999999999911e-01
9.899999999999999911e-01
9.899999999999999911e-01
