9.284627890609734591e-01
9.899999999999999911e-01
9.899999999999999911e-01
9.899999999999991029e-01
7.551253135934208327e-01
9.899999999999999911e-01
9.899999999999999911e-01
9.899999999999999911e-01
8.851948499913545598e-01
9.899999999999999911e-01
9.899999999999999911e-01
9.899999999999999911e-01
8.353933554224963753e-01
9.899999999999999911e-01
9.899999999999999911e-01
9.899999999999999911e-01
9.097727974757896519e-01
9.899999999999999911e-01
9.899999999999999911e-01
9.899999999999999911e-01
8.427097467544167886e-01
9.899999999999999911e-01
9.899999999999999911e-01
9.899999999999999911e-01
9.220366320559736373e-01
9.899999999999999911e-01
9.899999999999999911e-01
9.899999999999999911e-01
8.942732610514508851e-01
9.899999999999999911e-01
9.899999999999999911e-01
9.899999999999999911e-01
9.050588276068460836e-01
9.899999999999999911e-01
9.899999999999999911e-01
9.899999999999999911e-01
9.254064789711694550e-01
9.899999999999999911e-01
9.899999999999999911e-01
9.899999999999999911e-01
9.067896831156386783e-01
9.899999999999999911e-01
9.899999999999999911e-01
9.899999999999999911e-01
9.222008742072472787e-01
9.899999999999999911e-01
9.899999999999999911e-01
9.899999999999999911e-01
9.232941572642185957e-01
9.899999999999999911e-01
9.899999999999999911e-01
9.899999999999999911e-01
9.108218481609617889e-01
9.899999999999999911e-01
9.899999999999999911e-01
9.899999999999999911e-01
7.459727836349969721e-01
9.899999999999999911e-01
9.899999999999999911e-01
9.899999999999999911e-01
8.192424381816100221e-01
9.899999999999999911e-01
9.899999999999999911e-01
9.899999999999999911e-01
7.724227476557405936e-01
9.899999999999999911e-01
9.899999999999999911e-01
9.899999999999999911e-01
8.031682442894902962e-01
9.899999999999999911e-01
9.899999999999999911e-01
9.899999999999999911e-01
9.073936889811494710e-01
9.899999999999999911e-01
9.899999999999999911e-01
9.899999999999999911e-01
9.274666278149623633e-01
9.899999999999999911e-01
9.899999999999997691e-01
9.899999999999999911e-01
8.853436531080032257e-01
9.899999999999999911e-01
9.899999999999999911e-01
9.899999999999999911e-01
8.621069189446557424e-01
9.899999999999999911e-01
9.899999999999999911e-01
9.899999999999999911e-01
9.106512253099999787e-01
9.899999999999999911e-01
9.899999999999999911e-01
9.899999999999999911e-01
8.618547664134954545e-01
9.899999999999999911e-01
9.899999999999999911e-01
9.899999999999999911e-01
8.131860845551910355e-01
9.899999999999999911e-01
9.899999999999999911e-01
9.899999999999999911e-01
8.392126282459970721e-01
9.899999999999999911e-01
9.899999999999999911e-01
9.899999999999999911e-01
8.542395679284368049e-01
9.899999999999999911e-01
9.899999999999999911e-01
9.899999999999999911e-01
8.332300629852379403e-01
9.899999999999999911e-01
8.129044768240717422e-01
9.899999999999999911e-01
9.899999999999999911e-01
9.899999999999999911e-01
9.205317261216388047e-01
9.899999999999999911e-01
7.430827867626501604e-01
9.899999999999999911e-01
9.899999999999999911e-01
9.899999999999999911e-01
7.917745976662399210e-01
9.899999999999999911e-01
9.899999999999999911e-01
9.899999999999999911e-01
7.543615657332268798e-01
9.899999999999999911e-01
9.899999999999999911e-01
9.899999999999999911e-01
7.662766434458573306e-01
9.899999999999999911e-01
9.899999999999999911e-01
9.899999999999999911e-01
8.560230200009194546e-01
9.899999999999999911e-01
9.899999999999999911e-01
9.899999999999999911e-01
8.772617635505025602e-01
9.899999999999999911e-01
9.899999999999999911e-01
9.899999999999999911e-01
8.874448994254804379e-01
9.899999999999999911e-01
9.899999999999999911e-01
8.613641753164881232e-01
9.899999999999999911e-01
9.899999999999999911e-01
9.899999999999999911e-01
8.448496765591029245e-01
9.899999999999999911e-01
9.899999999999999911e-01
9.502214181755763711e-01
9.899999999999999911e-01
9.899999999999999911e-01
9.899999999999999911e-01
8.687213532236542912e-01
9.899999999999999911e-01
9.899999999999999911e-01
9.899999999999999911e-01
9.899999999999999911e-01
9.899999999999999911e-01
8.932659241259894856e-01
9.899999999999999911e-01
9.899999999999999911e-01
9.899999999999999911e-01
9.023222613371943979e-01
9.899999999999999911e-01
9.899999999999999911e-01
9.899999999999999911e-01
9.899999999999999911e-01
9.347233307453881590e-01
9.899999999999999911e-01
9.899999999999999911e-01
9.899999999999999911e-01
9.899999999999999911e-01
8.644507674425921939e-01
9.899999999999999911e-01
9.864884631592867326e-01
9.899999999999999911e-01
8.912695561931808230e-01
9.899999999999999911e-01
9.899999999999999911e-01
9.899999999999999911e-01
9.407720360403002413e-01
9.899999999999999911e-01
9.899999999999999911e-01
9.899999999999999911e-01
9.899999999999999911e-01
9.899999999999999911e-01
9.234946101654333273e-01
9.899999999999999911e-01
9.899999999999999911e-01
9.899999999999999911e-01
8.326706045066473161e-01
9.899999999999999911e-01
9.899999999999999911e-01
9.899999999999999911e-01
8.534030659387419337e-01
9.899999999999999911e-01
9.899999999999999911e-01
9.899999999999999911e-01
7.364772479211753042e-01
9.899999999999999911e-01
9.899999999999999911e-01
9.899999999999999911e-01
9.899999999999999911e-01
9.899999999999999911e-01
9.899999999999999911e-01
9.612508416168564773e-01
9.899999999999999911e-01
9.899999999999999911e-01
9.899999999999999911e-01
8.879715377927230868e-01
9.899999999999999911e-01
9.899999999999999911e-01
9.899999999999999911e-01
7.736931078667311779e-01
9.899999999999999911e-01
9.899999999999999911e-01
9.192692001532738466e-01
9.899999999999999911e-01
9.899999999999999911e-01
7.869111123838670174e-01
9.899999999999999911e-01
9.899999999999999911e-01
9.089896620471802358e-01
9.899999999999999911e-01
9.899999999999999911e-01
9.899999999999999911e-01
7.334509836669094174e-01
9.899999999999999911e-01
9.899999999999999911e-01
9.899999999999999911e-01
9.369878728119759304e-01
9.899999999999999911e-01
9.899999999999999911e-01
9.899999999999999911e-01
7.413222355840158873e-01
9.899999999999999911e-01
9.899999999999999911e-01
9.899999999999999911e-01
7.618583705292489849e-01
9.899999999999999911e-01
9.899999999999999911e-01
9.899999999999999911e-01
8.425947823679899029e-01
9.899999999999999911e-01
9.899999999999999911e-01
9.899999999999999911e-01
8.351987077160794026e-01
8.260359130714206577e-01
9.899999999999999911e-01
9.899999999999999911e-01
9.899999999999999911e-01
8.343283992125140047e-01
9.899999999999999911e-01
9.899999999999999911e-01
9.899999999999999911e-01
8.054883869270091923e-01
9.899999999999999911e-01
9.876364052221608958e-01
9.899999999999999911e-01
8.624198890199747947e-01
9.899999999999999911e-01
9.899999999999999911e-01
9.899999999999999911e-01
9.038450587729898178e-01
9.899999999999999911e-01
9.899999999999999911e-01
9.899999999999999911e-01
8.227772197598254289e-01
9.899999999999999911e-01
9.899999999999999911e-01
9.899999999999999911e-01
9.343331430250843006e-01
9.899999999999999911e-01
9.899999999999999911e-01
9.899999999999999911e-01
8.847251930371752282e-01
9.899999999999999911e-01
9.899999999999999911e-01
9.899999999999999911e-01
9.336763888680973400e-01
9.899999999999999911e-01
9.858977544361593459e-01
9.899999999999999911e-01
7.400035127346606956e-01
9.899999999999999911e-01
9.899999999999999911e-01
9.899999999999999911e-01
9.059810682314458630e-01
9.899999999999999911e-01
9.899999999999999911e-01
9.899999999999999911e-01
9.264911839216010137e-01
9.899999999999999911e-01
9.899999999999999911e-01
9.899999999999999911e-01
7.281029868203948707e-01
9.899999999999999911e-01
9.899999999999999911e-01
9.899999999999999911e-01
8.271479216638317755e-01
9.899999999999999911e-01
9.899999999999999911e-01
9.899999999999999911e-01
8.047659983882418100e-01
9.899999999999999911e-01
9.899999999999999911e-01
9.899999999999999911e-01
9.185035665526237736e-01
9.899999999999999911e-01
9.899999999999999911e-01
9.899999999999999911e-01
8.432183799928195667e-01
9.899999999999999911e-01
9.899999999999999911e-01
9.899999999999999911e-01
7.800038255227772499e-01
9.899999999999999911e-01
9.899999999999999911e-01
9.899999999999999911e-01
8.617099478450596095e-01
9.899999999999999911e-01
9.899999999999999911e-01
9.899999999999999911e-01
8.595160536308812382e-01
9.899999999999999911e-01
9.899999999999999911e-01
9.899999999999999911e-01
8.554203794332149169e-01
9.899999999999999911e-01
9.899999999999999911e-01
9.899999999999999911e-01
8.719404640312541366e-01
9.899999999999999911e-01
9.899999999999999911e-01
9.899999999999999911e-01
9.899999999999999911e-01
9.885388262937077064e-01
9.899999999999999911e-01
9.899999999999999911e-01
8.731672964495688083e-01
9.899999999999999911e-01
9.899999999999999911e-01
9.899999999999999911e-01
8.709439047879110607e-01
9.899999999999999911e-01
9.899999999999999911e-01
9.899999999999999911e-01
9.687135372365665020e-01
9.899999999999999911e-01
9.899999999999999911e-01
9.899999999999999911e-01
7.992817189616594487e-01
9.899999999999999911e-01
9.899999999999999911e-01
9.899999999999999911e-01
9.879456826490089494e-01
7.238304155780934668e-01
9.899999999999999911e-01
9.899999999999999911e-01
9.899999999999999911e-01
7.760906851923387029e-01
9.899999999999999911e-01
9.899999999999999911e-01
9.899999999999999911e-01
9.353819456420188194e-01
9.899999999999999911e-01
9.899999999999999911e-01
9.899999999999999911e-01
9.178554859438053937e-01
9.899999999999999911e-01
9.899999999999999911e-01
7.779494844811317700e-01
9.899999999999999911e-01
9.899999999999999911e-01
9.899999999999999911e-01
9.096808473728900113e-01
9.899999999999999911e-01
9.899999999999999911e-01
9.899999999999999911e-01
7.464050502079803140e-01
9.848912234089566287e-01
9.899999999999999911e-01
9.899999999999999911e-01
9.238532094425998542e-01
9.899999999999999911e-01
9.899999999999999911e-01
8.254834520572330581e-01
9.899999999999999911e-01
9.899999999999999911e-01
9.899999999999999911e-01
8.378599619611222238e-01
9.899999999999999911e-01
9.899999999999999911e-01
9.899999999999999911e-01
7.692794816712229533e-01
9.899999999999999911e-01
9.392669319119448801e-01
9.899999999999999911e-01
9.899999999999999911e-01
9.899999999999999911e-01
7.774732675637959778e-01
9.899999999999999911e-01
9.899999999999999911e-01
9.899999999999999911e-01
8.710724035251128372e-01
9.300988378513174171e-01
9.899999999999999911e-01
9.899999999999999911e-01
9.340799460598161463e-01
9.899999999999999911e-01
9.899999999999999911e-01
9.899999999999999911e-01
8.249526404539747615e-01
9.899999999999999911e-01
9.899999999999999911e-01
9.899999999999999911e-01
8.861086548092381721e-01
9.899999999999999911e-01
9.899999999999999911e-01
9.899999999999999911e-01
7.625387320549932291e-01
9.899999999999999911e-01
9.899999999999999911e-01
9.899999999999999911e-01
9.082801939248538181e-01
9.899999999999999911e-01
9.899999999999999911e-01
9.899999999999999911e-01
8.874295431046416160e-01
9.899999999999999911e-01
9.899999999999999911e-01
9.899999999999999911e-01
7.676285870717470816e-01
9.899999999999999911e-01
9.899999999999999911e-01
9.899999999999999911e-01
8.000122898068700028e-01
9.899999999999999911e-01
9.899999999999999911e-01
9.899999999999999911e-01
9.899999999999999911e-01
9.899999999999999911e-01
9.114495316178021778e-01
9.899999999999999911e-01
9.899999999999999911e-01
9.899999999999999911e-01
8.744010702902766941e-01
9.899999999999999911e-01
9.899999999999999911e-01
9.097216631395519393e-01
9.899999999999999911e-01
9.899999999999999911e-01
9.899999999999999911e-01
8.659227035394884142e-01
9.899999999999999911e-01
7.817642469436265618e-01
9.899999999999999911e-01
9.899999999999999911e-01
9.899999999999999911e-01
9.740631511907402729e-01
9.899999999999999911e-01
9.899999999999999911e-01
9.899999999999999911e-01
8.795103921926419321e-01
9.899999999999999911e-01
9.899999999999999911e-01
9.899999999999999911e-01
7.898626333815284006e-01
9.899999999999999911e-01
9.899999999999999911e-01
9.899999999999999911e-01
7.537716590400767025e-01
9.899999999999999911e-01
9.899999999999999911e-01
9.899999999999999911e-01
8.984180314716558868e-01
9.899999999999999911e-01
9.899999999999999911e-01
9.899999999999999911e-01
7.972662899290313687e-01
9.899999999999999911e-01
9.899999999999999911e-01
9.899999999999999911e-01
9.071251059004746820e-01
9.899999999999999911e-01
9.899999999999999911e-01
9.899999999999999911e-01
8.203868378424898911e-01
9.899999999999999911e-01
9.899999999999999911e-01
9.899999999999999911e-01
7.704102703462351043e-01
9.899999999999999911e-01
9.899999999999999911e-01
9.899999999999999911e-01
9.320327995737173188e-01
9.899999999999999911e-01
9.899999999999999911e-01
9.899999999999999911e-01
7.583794568440893613e-01
9.899999999999999911e-01
9.899999999999999911e-01
9.899999999999999911e-01
9.757898281603550883e-01
9.899999999999999911e-01
9.899999999999999911e-01
9.899999999999999911e-01
8.185581704695279459e-01
9.899999999999999911e-01
9.899999999999999911e-01
9.899999999999999911e-01
8.901400593447170717e-01
9.899999999999999911e-01
9.899999999999999911e-01
9.899999999999999911e-01
7.389343341156436873e-01
9.899999999999999911e-01
9.899999999999999911e-01
9.899999999999999911e-01
9.273486895136525687e-01
9.899999999999999911e-01
9.899999999999999911e-01
9.899999999999999911e-01
7.958437357634289278e-01
9.899999999999999911e-01
9.899999999999999911e-01
9.899999999999999911e-01
8.308569489448071055e-01
9.899999999999999911e-01
9.899999999999999911e-01
9.899999999999999911e-01
8.173685099673790866e-01
9.899999999999999911e-01
9.899999999999999911e-01
9.899999999999999911e-01
7.548825007573852774e-01
9.899999999999999911e-01
9.899999999999999911e-01
9.899999999999999911e-01
8.130597990661286856e-01
9.899999999999999911e-01
9.899999999999999911e-01
9.899999999999999911e-01
7.462281436301508863e-01
9.899999999999999911e-01
9.899999999999999911e-01
9.899999999999999911e-01
8.141753194575463981e-01
9.899999999999999911e-01
9.899999999999999911e-01
9.899999999999999911e-01
9.030282579951260935e-01
9.899999999999999911e-01
9.899999999999999911e-01
7.400274852015119587e-01
9.899999999999999911e-01
9.899999999999999911e-01
9.899999999999999911e-01
7.347017473202203108e-01
8.157763006346688828e-01
9.899999999999999911e-01
9.899999999999999911e-01
9.899999999999999911e-01
8.995767089923868420e-01
9.899999999999999911e-01
9.899999999999999911e-01
9.899999999999999911e-01
7.851376101183444867e-01
9.899999999999999911e-01
9.899999999999999911e-01
9.899999999999999911e-01
7.635279643719419251e-01
9.899999999999999911e-01
9.899999999999999911e-01
9.899999999999999911e-01
7.575421751787309033e-01
9.899999999999999911e-01
9.899999999999999911e-01
9.899999999999999911e-01
8.523611138095301687e-01
9.899999999999999911e-01
9.899999999999999911e-01
9.899999999999999911e-01
7.230775205936573746e-01
9.899999999999999911e-01
9.899999999999999911e-01
9.899999999999999911e-01
8.027687235933775867e-01
9.899999999999999911e-01
9.899999999999999911e-01
9.899999999999999911e-01
7.988457545889903200e-01
9.899999999999999911e-01
9.899999999999999911e-01
9.899999999999999911e-01
9.171260438508644919e-01
9.899999999999999911e-01
9.899999999999999911e-01
9.899999999999999911e-01
8.325179140352665375e-01
9.899999999999999911e-01
9.899999999999999911e-01
9.899999999999999911e-01
9.268274893762991073e-01
9.899999999999999911e-01
9.899999999999999911e-01
8.591482929132590041e-01
9.899999999999999911e-01
9.899999999999999911e-01
9.899999999999999911e-01
8.301004795761832700e-01
9.899999999999999911e-01
9.899999999999999911e-01
8.685442497439366250e-01
9.899999999999999911e-01
9.899999999999999911e-01
9.899999999999999911e-01
8.320436149139314175e-01
9.899999999999999911e-01
9.899999999999999911e-01
9.899999999999999911e-01
7.378155034479197960e-01
9.899999999999999911e-01
9.899999999999999911e-01
9.899999999999999911e-01
8.241427124664172377e-01
9.899999999999999911e-01
8.859335521714799544e-01
9.899999999999999911e-01
9.899999999999999911e-01
9.899999999999999911e-01
7.626633437393869341e-01
9.899999999999999911e-01
9.899999999999999911e-01
9.899999999999999911e-01
7.354340757889139546e-01
9.899999999999999911e-01
9.899999999999999911e-01
9.899999999999999911e-01
7.960756997467284268e-01
9.899999999999999911e-01
9.899999999999999911e-01
9.899999999999999911e-01
7.911234004288820731e-01
9.899999999999999911e-01
9.899999999999999911e-01
8.517068408633161614e-01
9.899999999999999911e-01
9.899999999999999911e-01
9.075733340278805406e-01
9.899999999999999911e-01
9.899999999999999911e-01
9.899999999999999911e-01
8.232250700157308643e-01
9.899999999999999911e-01
9.899999999999999911e-01
9.899999999999999911e-01
7.731955608474012642e-01
9.899999999999999911e-01
9.899999999999999911e-01
9.899999999999999911e-01
8.711465721774640514e-01
9.899999999999999911e-01
9.899999999999999911e-01
9.899999999999999911e-01
9.160879547770675035e-01
9.899999999999999911e-01
9.899999999999999911e-01
7.712647624660775580e-01
9.899999999999999911e-01
9.899999999999999911e-01
9.899999999999999911e-01
8.191937595187631649e-01
9.899999999999999911e-01
9.899999999999999911e-01
9.899999999999999911e-01
8.245064056238712302e-01
9.899999999999999911e-01
9.899999999999999911e-01
9.899999999999999911e-01
7.643874696927315249e-01
9.872315944244326458e-01
9.899999999999999911e-01
9.899999999999999911e-01
8.613487708658211783e-01
9.899999999999999911e-01
9.899999999999999911e-01
9.899999999999999911e-01
7.629589496707920304e-01
9.899999999999999911e-01
9.899999999999999911e-01
9.899999999999999911e-01
8.999947378726176339e-01
9.899999999999999911e-01
9.899999999999999911e-01
9.899999999999999911e-01
7.852839756125548076e-01
9.899999999999999911e-01
9.899999999999999911e-01
9.899999999999999911e-01
8.366096891649805745e-01
9.899999999999999911e-01
9.899999999999999911e-01
9.899999999999999911e-01
8.679023908939320631e-01
9.899999999999999911e-01
9.899999999999999911e-01
9.899999999999999911e-01
7.662320571273671943e-01
9.899999999999999911e-01
9.899999999999999911e-01
9.899999999999999911e-01
8.725491946074007688e-01
9.899999999999999911e-01
8.035571236131858752e-01
9.899999999999999911e-01
9.899999999999999911e-01
9.899999999999999911e-01
8.864162973247273758e-01
9.899999999999999911e-01
9.899999999999999911e-01
9.899999999999999911e-01
7.886301922001950349e-01
9.899999999999999911e-01
9.899999999999999911e-01
7.364541270083266866e-01
9.899999999999999911e-01
9.899999999999999911e-01
9.899999999999999911e-01
7.351450113429467415e-01
9.899999999999999911e-01
9.899999999999999911e-01
9.899999999999999911e-01
8.259003758916485527e-01
9.899999999999999911e-01
9.899999999999999911e-01
8.987693601994080073e-01
9.899999999999999911e-01
9.899999999999999911e-01
9.899999999999999911e-01
8.933496830290947877e-01
9.899999999999999911e-01
9.899999999999999911e-01
7.704129759370631492e-01
9.899999999999999911e-01
9.899999999999999911e-01
9.899999999999999911e-01
9.747565685407174607e-01
9.899999999999999911e-01
9.899999999999999911e-01
9.899999999999999911e-01
7.672718878950631760e-01
9.881578928435735820e-01
9.899999999999999911e-01
9.899999999999999911e-01
8.122539974886328062e-01
9.899999999999999911e-01
9.899999999999999911e-01
9.899999999999999911e-01
9.134822124812410626e-01
9.899999999999999911e-01
9.899999999999999911e-01
9.899999999999999911e-01
8.651733054132474399e-01
9.899999999999999911e-01
9.899999999999999911e-01
8.603547545697366461e-01
9.899999999999999911e-01
9.899999999999999911e-01
9.899999999999999911e-01
8.430758926168876455e-01
9.887482989844283976e-01
9.899999999999999911e-01
9.899999999999999911e-01
7.599545308078041739e-01
9.899999999999999911e-01
9.899999999999999911e-01
9.899999999999999911e-01
8.433177421097430848e-01
9.899999999999999911e-01
7.456129829805255849e-01
9.899999999999999911e-01
9.899999999999999911e-01
8.293171059012508506e-01
9.899999999999999911e-01
9.899999999999999911e-01
9.899999999999999911e-01
9.147217576725972243e-01
9.899999999999999911e-01
9.899999999999999911e-01
9.899999999999999911e-01
8.783138044845838488e-01
9.899999999999999911e-01
9.899999999999999911e-01
7.831569190879261733e-01
9.899999999999999911e-01
9.899999999999999911e-01
9.899999999999999911e-01
9.156720420094068835e-01
9.899999999999999911e-01
9.899999999999999911e-01
9.899999999999999911e-01
7.931654555545937235e-01
9.899999999999999911e-01
9.899999999999999911e-01
9.209901496568998480e-01
9.899999999999999911e-01
9.899999999999999911e-01
9.899999999999999911e-01
7.707236029258754950e-01
9.899999999999999911e-01
9.899999999999999911e-01
9.083156386813655558e-01
9.899999999999999911e-01
9.899999999999999911e-01
9.899999999999999911e-01
8.347722315848713492e-01
9.899999999999999911e-01
9.899999999999999911e-01
9.899999999999999911e-01
9.242676100347503310e-01
9.899999999999999911e-01
9.899999999999999911e-01
9.899999999999999911e-01
8.464817321879773981e-01
9.899999999999999911e-01
9.899999999999999911e-01
9.899999999999999911e-01
8.097946906042919890e-01
9.899999999999999911e-01
9.899999999999999911e-01
9.899999999999999911e-01
9.105108102221177724e-01
9.899999999999999911e-01
9.899999999999999911e-01
9.899999999999999911e-01
8.255342652727530872e-01
9.899999999999999911e-01
9.899999999999999911e-01
9.266342933986976282e-01
9.899999999999999911e-01
9.899999999999999911e-01
9.899999999999999911e-01
8.779585229925277456e-01
9.899999999999999911e-01
8.846213362528652091e-01
9.899999999999999911e-01
9.899999999999999911e-01
9.899999999999999911e-01
7.651182572671820781e-01
9.899999999999999911e-01
9.899999999999999911e-01
9.899999999999999911e-01
9.142246621604526169e-01
9.899999999999999911e-01
9.899999999999999911e-01
9.899999999999999911e-01
8.774291431034176858e-01
9.899999999999999911e-01
9.899999999999999911e-01
7.622902905615253077e-01
9.899999999999999911e-01
9.899999999999999911e-01
9.899999999999999911e-01
9.089095730622025471e-01
9.899999999999999911e-01
9.899999999999999911e-01
9.899999999999999911e-01
9.109344109899207842e-01
9.899999999999999911e-01
9.899999999999999911e-01
9.899999999999999911e-01
8.723524593887995726e-01
9.899999999999999911e-01
9.899999999999999911e-01
9.899999999999999911e-01
7.581745441763010351e-01
9.899999999999999911e-01
9.899999999999999911e-01
9.899999999999999911e-01
7.734023421789472108e-01
9.899999999999999911e-01
9.899999999999999911e-01
9.899999999999999911e-01
7.820851722137440731e-01
9.899999999999999911e-01
9.899999999999999911e-01
7.538326721208860048e-01
9.899999999999999911e-01
9.899999999999999911e-01
9.899999999999999911e-01
8.944196681791911629e-01
9.899999999999999911e-01
9.899999999999999911e-01
7.341115063169754151e-01
9.899999999999999911e-01
9.899999999999999911e-01
9.899999999999999911e-01
9.097362731722377083e-01
9.899999999999999911e-01
7.501131916805481303e-01
9.899999999999999911e-01
9.899999999999999911e-01
7.392898488699251036e-01
9.899999999999999911e-01
9.899999999999999911e-01
9.014672774871614891e-01
9.899999999999999911e-01
9.869181249049313598e-01
9.120821062862247697e-01
9.899999999999999911e-01
9.899999999999999911e-01
9.899999999999999911e-01
9.275044984326028530e-01
9.899999999999999911e-01
9.899999999999999911e-01
7.823449292471711392e-01
9.899999999999999911e-01
9.899999999999999911e-01
9.870896147802687981e-01
8.100295463928746109e-01
9.899999999999999911e-01
9.899999999999999911e-01
9.899999999999999911e-01
8.445856955820112422e-01
9.899999999999999911e-01
9.899999999999999911e-01
9.899999999999999911e-01
9.278242468727135872e-01
9.899999999999999911e-01
9.899999999999999911e-01
8.921981439116380974e-01
9.899999999999999911e-01
9.899999999999999911e-01
9.899999999999999911e-01
8.846348201313889437e-01
9.899999999999999911e-01
9.899999999999999911e-01
8.944238406091906679e-01
9.899999999999999911e-01
9.899999999999999911e-01
9.899999999999999911e-01
9.472277483862295844e-01
9.899999999999999911e-01
9.899999999999999911e-01
9.899999999999999911e-01
9.899999999999999911e-01
9.899999999999999911e-01
9.088003633692921523e-01
9.899999999999999911e-01
9.899999999999999911e-01
7.729068673603265438e-01
9.899999999999999911e-01
9.899999999999999911e-01
9.899999999999999911e-01
8.219545425216515655e-01
9.899999999999999911e-01
9.899999999999999911e-01
9.899999999999999911e-01
8.205108285575195559e-01
9.867873785520969721e-01
7.223491279125202613e-01
9.899999999999999911e-01
9.899999999999999911e-01
8.784065081106217088e-01
9.899999999999999911e-01
9.899999999999999911e-01
9.899999999999999911e-01
8.560399184555590457e-01
9.899999999999999911e-01
9.899999999999999911e-01
9.899999999999999911e-01
8.113620683149410651e-01
9.899999999999999911e-01
9.899999999999999911e-01
8.084840067183305390e-01
9.899999999999999911e-01
9.899999999999999911e-01
9.899999999999999911e-01
8.601814565605624407e-01
9.899999999999999911e-01
9.899999999999999911e-01
9.899999999999999911e-01
9.230476936873877047e-01
9.899999999999999911e-01
9.899999999999999911e-01
9.899999999999999911e-01
8.338236530693639015e-01
9.899999999999999911e-01
9.899999999999999911e-01
9.899999999999999911e-01
8.391011371915234607e-01
9.899999999999999911e-01
9.899999999999999911e-01
9.899999999999999911e-01
8.634235057697873250e-01
9.899999999999999911e-01
9.899999999999999911e-01
9.899999999999999911e-01
7.872313080621735626e-01
9.899999999999999911e-01
9.899999999999999911e-01
9.899999999999999911e-01
7.996900332240829412e-01
9.899999999999999911e-01
9.899999999999999911e-01
9.899999999999999911e-01
8.769470775881837987e-01
9.899999999999999911e-01
9.899999999999999911e-01
9.899999999999999911e-01
8.094263796876375316e-01
9.899999999999999911e-01
9.899999999999999911e-01
9.899999999999999911e-01
8.278437808052245828e-01
9.899999999999999911e-01
9.899999999999999911e-01
8.844432367363309622e-01
9.899999999999999911e-01
9.899999999999999911e-01
9.899999999999999911e-01
