7.880584960940721917e-01
8.006871339916370456e-01
8.001812660312538350e-01
8.000000000000000444e-01
6.621305456762394126e-01
8.087348435271137781e-01
8.359397023524756110e-01
8.272912407565122805e-01
7.802922299866886791e-01
7.985250870996206674e-01
8.058695688825504577e-01
8.073947943853251319e-01
7.603267518674751146e-01
8.242206673008706241e-01
8.095987815797732745e-01
8.391909297986804850e-01
7.569127168524295568e-01
8.483593223757747159e-01
8.508565312368455702e-01
8.247540901336370966e-01
7.087548816891460213e-01
8.210661767843768777e-01
8.288482926030396047e-01
8.514729316386820956e-01
7.693171719735214520e-01
8.126533967634018696e-01
8.274708119936379225e-01
8.047449288041265136e-01
7.601116857697245432e-01
8.104414643748608649e-01
8.034945412069059989e-01
8.412465352270647179e-01
7.620384445903104487e-01
8.397991054081281881e-01
8.101816156743878450e-01
8.045052142574838916e-01
7.802251082028902607e-01
8.328608112195641233e-01
8.411690572803155463e-01
8.284760889772199155e-01
7.627526038606811110e-01
8.573362766547606428e-01
8.401754837395313258e-01
8.063757829800384247e-01
7.818787257846777639e-01
8.084771897469885671e-01
8.239840367884675443e-01
8.008049483273563807e-01
7.513982510733716591e-01
8.564012675164478505e-01
7.897755465472884318e-01
8.238015808754366454e-01
7.546793343072881743e-01
8.575310602305735719e-01
8.502888558692874854e-01
8.807378476367684339e-01
6.659937621957930931e-01
8.528967376232688968e-01
8.099945156022801962e-01
8.489987585809070092e-01
7.512083768112346460e-01
8.051397886736701981e-01
8.537283150880218274e-01
8.262490423471683387e-01
6.887459016661839906e-01
7.973153262469496738e-01
8.524375825937152706e-01
8.139840979402233057e-01
6.873107737782246929e-01
8.320540001208831526e-01
8.418605804331171782e-01
8.088018685400690799e-01
7.427695528139945935e-01
8.536423628308142941e-01
8.642497335111662959e-01
8.489264994602260250e-01
7.861151196306443989e-01
8.844279404028124736e-01
8.000000000000000444e-01
8.022470877412525292e-01
7.770936714509114607e-01
8.036910623310824509e-01
8.156034403890922713e-01
8.053099573016815338e-01
7.238971054619822709e-01
8.005897035622994151e-01
7.979421279427071356e-01
8.761004812451009816e-01
7.481291667595365569e-01
8.217956682981112371e-01
8.416270124835762978e-01
8.348969291218228950e-01
7.281079144584308160e-01
8.460629047267319569e-01
8.585962169838307068e-01
8.242014676621283176e-01
7.308308938874039651e-01
8.239582816405147669e-01
7.964332835680880684e-01
8.029476942248147120e-01
7.344917650671863862e-01
8.382190323095235485e-01
8.483632790637768428e-01
8.209587213813401840e-01
7.155588713707586868e-01
8.551993311196343095e-01
8.199597995375249582e-01
8.384919308942515581e-01
7.607805480701614886e-01
8.134560306021917375e-01
7.475730525272953342e-01
8.029795680106983635e-01
8.300382064832518836e-01
8.045264867891788185e-01
7.816058099382909852e-01
8.008502747077008710e-01
6.725179169035404581e-01
8.106653351263686247e-01
8.137910164474705388e-01
8.385360889796351636e-01
7.035768485508770986e-01
8.046379274478873134e-01
8.433601963520201972e-01
8.152441292939252016e-01
7.219807406507553482e-01
8.192798834322239099e-01
8.233185203447709322e-01
7.999480080420660055e-01
7.392583079699128756e-01
8.030727954879733899e-01
8.439307606614810942e-01
8.132144359828531455e-01
7.465400051503418011e-01
8.065157689311531763e-01
8.734956761124926805e-01
8.405895382307335684e-01
7.317155118554624638e-01
8.175636727109359958e-01
8.888256441745560066e-01
8.424765204904210991e-01
7.812401872814709325e-01
8.073232137695818267e-01
8.232259663499821301e-01
7.748433690950057295e-01
8.132007770272055014e-01
8.095555455200380557e-01
8.150674454235468103e-01
7.723335106474030765e-01
8.041488374648199100e-01
8.156821497420712053e-01
7.927679694639290231e-01
8.010526476551208530e-01
8.046378828170184239e-01
8.141345890827363929e-01
7.735541903929141760e-01
7.990543710633338792e-01
8.416955876971990991e-01
8.053236043971425673e-01
8.127706272268646615e-01
8.253717659509748339e-01
7.792958491478055860e-01
8.219805468606418142e-01
8.029473820884505120e-01
8.057748271615718938e-01
7.791623535235626674e-01
8.323628123234624310e-01
8.011228608813456553e-01
8.209414853284787705e-01
8.104705413824466742e-01
7.833333632436558780e-01
8.184004859377300711e-01
8.105665892161345587e-01
8.237903017313257248e-01
8.120267000202887608e-01
7.726938088540784566e-01
8.261569964731161342e-01
7.955020941280700475e-01
8.189569814799719794e-01
7.794289318562735991e-01
8.042017080691825637e-01
8.086265525339603188e-01
7.978645511635477083e-01
7.859668636398442487e-01
8.035823156254647825e-01
8.007998679635563999e-01
8.048638729136445846e-01
8.064393957002609081e-01
8.040821461640691448e-01
7.821801811987969533e-01
8.135356453592442749e-01
8.357527484625015823e-01
8.201280029016511097e-01
7.662236270958938666e-01
8.322633756212967082e-01
8.095927421042072858e-01
8.007162080383033453e-01
7.505345579219543373e-01
8.056734263742594271e-01
8.035582793361062404e-01
8.040717089338941248e-01
6.983997963237034146e-01
8.830858411330989588e-01
8.812320827001414170e-01
8.271091357672026856e-01
8.172997842822763426e-01
8.115121562894241913e-01
8.193373408134732028e-01
7.947482914350211258e-01
8.040795047418785035e-01
8.000847899100957950e-01
8.044358412803479519e-01
7.389698712681301851e-01
8.158748899588377235e-01
8.370057477957570935e-01
8.314746218366307895e-01
7.526250748226177567e-01
8.105765830359495938e-01
8.013201130124135707e-01
7.825452721017310820e-01
8.360415749098947247e-01
8.293435856736137701e-01
7.534037181662814886e-01
8.291970508432882081e-01
8.005839099783916835e-01
7.800760453773396552e-01
7.972672223106836986e-01
8.250762409477094828e-01
8.266948050513320823e-01
7.353976006660979392e-01
7.936082417427038349e-01
8.018289722725062685e-01
8.116626587219982758e-01
7.871606711541107027e-01
8.043600266967119161e-01
8.091411688617207165e-01
8.080040761826859930e-01
6.860616968648909353e-01
7.904449656065954954e-01
8.624741622145711828e-01
8.137075638076588513e-01
7.297962005825507914e-01
8.186996239586028512e-01
8.682192537190837056e-01
8.320876619258392726e-01
7.494025925744915995e-01
8.498059502703484425e-01
8.746309981143134404e-01
8.165924284449876946e-01
7.672614092401829344e-01
7.337977098213978033e-01
8.230616096934715298e-01
8.457429991907122746e-01
8.400788713800038110e-01
7.215092553813110543e-01
8.234545554109810039e-01
8.006390297635391784e-01
7.971032439007126325e-01
6.891663517425234975e-01
8.119527393020050665e-01
7.871513701316259493e-01
8.860165679722068477e-01
7.228104256484344514e-01
8.499215017239466485e-01
7.905411431463245098e-01
8.097296619025606823e-01
7.741956460568809595e-01
8.041350135480572758e-01
8.358224334110083698e-01
8.118841072148409443e-01
7.572382806714261783e-01
8.140611114557282368e-01
8.053568894292754132e-01
8.166324448647170886e-01
7.591267598887796453e-01
8.319664430776505526e-01
8.734523763493567960e-01
8.428215261831613070e-01
7.792416431251206754e-01
8.027099362105946101e-01
8.166816944512010901e-01
8.000175329112469980e-01
7.654578461633343434e-01
8.182444155891045456e-01
7.901651628647928804e-01
8.718671973370638595e-01
6.830249040201753497e-01
8.085768531833842365e-01
7.939430737051164089e-01
8.485492787047350660e-01
7.474009895555026040e-01
8.028982131408454181e-01
8.779052549413811635e-01
8.512497923256837629e-01
7.666826323506885643e-01
8.184458127477381995e-01
8.310261310693370929e-01
8.417700789859421384e-01
7.187050909130875409e-01
8.083965898880380863e-01
8.005722246839238609e-01
8.567895271618743980e-01
7.503835195907753164e-01
8.011685251755658044e-01
8.092007573414297106e-01
8.176510898046371878e-01
6.880540969744826096e-01
8.305483402389632897e-01
8.420215536182363847e-01
8.800079283896814486e-01
7.487266355303152654e-01
8.277670674056448741e-01
8.235123866384036484e-01
8.092164403569810371e-01
7.242909463026185879e-01
7.994413184348009294e-01
8.845522540851555870e-01
8.130369546928015723e-01
7.126659208164818349e-01
8.052162936450851793e-01
8.436596465190974170e-01
8.174158783935538963e-01
7.188098884660677479e-01
8.503962283210726447e-01
8.385130454469313932e-01
7.927895784852970751e-01
7.195103211488540484e-01
8.413605939949303503e-01
8.169535178133251474e-01
8.155817295062897099e-01
7.547472289475232188e-01
8.355557494031407018e-01
8.017311604745870346e-01
8.234323915966691443e-01
7.544803950226856015e-01
8.297691489782171859e-01
7.963463231060218250e-01
8.334905096807744274e-01
8.059359378946137076e-01
7.986528799032586168e-01
8.229287979060430080e-01
8.202316359931993706e-01
7.755917852073995755e-01
8.002752040147341761e-01
8.197606752187588386e-01
8.165764957484147324e-01
7.511630522337758853e-01
8.069589310521936287e-01
8.348096486140351713e-01
8.508516209492780202e-01
7.963280998909789687e-01
8.018128930805996646e-01
8.014892480746961256e-01
8.062123001394877475e-01
7.602882497050537092e-01
8.033867542659973715e-01
8.128002173925662488e-01
8.321966286519827394e-01
7.955576868798085455e-01
6.954931452864719921e-01
8.107856550538613538e-01
7.976203786040995114e-01
8.434727636953559538e-01
7.507116695917311899e-01
8.545540289012510948e-01
8.327546365930722505e-01
7.968556552659599168e-01
7.822727592137862507e-01
8.016271342194211114e-01
8.563325928943726906e-01
8.191834387604570722e-01
7.742630360690381242e-01
8.016716082548883682e-01
8.132002991984400575e-01
7.244569347277169946e-01
7.920350408817149468e-01
7.899492011952887749e-01
8.297286122530564967e-01
7.567561291537754364e-01
8.171527715407093106e-01
8.178504690465894233e-01
8.643349455699317341e-01
6.690437637711939001e-01
7.906153840730695270e-01
8.681203727292952088e-01
8.578301211803176507e-01
7.813499579906898473e-01
8.066923586537382285e-01
8.257903162474216074e-01
7.451677881276504989e-01
8.128990608346872149e-01
8.203336692447676937e-01
8.357511235414121220e-01
7.134900395869331335e-01
8.312634355768840910e-01
8.276945856600013141e-01
8.276403188076484341e-01
7.493257097339666162e-01
7.971631068756716010e-01
7.895762516731450464e-01
8.015817271129543897e-01
8.015276776137446602e-01
8.072179301518133121e-01
6.812316969950097389e-01
8.136506650057190315e-01
8.015633060739576488e-01
7.916066196523654508e-01
7.672529012866217135e-01
7.777961523596784721e-01
8.238498240442020393e-01
8.213097882886903900e-01
7.607279086105297461e-01
8.029846163937760517e-01
8.400094225595997610e-01
8.579467971495665646e-01
6.989022180623170044e-01
8.040061880968858432e-01
8.408953553006893733e-01
8.111352675548595403e-01
7.340243271062778518e-01
8.068227474208156114e-01
8.316255532554537311e-01
8.777152809904357200e-01
7.287263609799448094e-01
8.094285079352580015e-01
8.031691670280645123e-01
8.066801246975009443e-01
7.520019027409745593e-01
8.266520707273121715e-01
8.675025903605452227e-01
8.100773468458896120e-01
7.324540058359682027e-01
8.103482406326496523e-01
8.175948800430332675e-01
7.935106011329273734e-01
7.358967594278210678e-01
8.493039253805886313e-01
8.424736245581861960e-01
8.425219016401259697e-01
7.062043741400569896e-01
8.409981113380403661e-01
8.715060735093825839e-01
8.586295893619092512e-01
7.989210813868516947e-01
8.023216833276265447e-01
7.811145134293886461e-01
8.008134375501281266e-01
8.015239127008524367e-01
8.106816378494904329e-01
7.725496920055511252e-01
8.086703880291121749e-01
8.221715104870497282e-01
7.544741658557261310e-01
8.361107233574838205e-01
8.197630606590442515e-01
8.099399861635996345e-01
7.719758190577983292e-01
8.275206725631556459e-01
7.380647480912430058e-01
7.953863046475301291e-01
8.131747359221235261e-01
8.325054794547291914e-01
7.972093947295318950e-01
8.005541459668156223e-01
8.000000000000000444e-01
8.000953450077443740e-01
7.652036173450659229e-01
8.222789970928104930e-01
8.039397145181824689e-01
8.337412034770418368e-01
7.397079528619603384e-01
8.751443131677660858e-01
8.782988986320997560e-01
8.257564694556697171e-01
7.209946122727999285e-01
7.990543387785321583e-01
8.620914656349553118e-01
8.127916596435519336e-01
7.775671989511663273e-01
8.230868107278680457e-01
8.070306055001156276e-01
8.011233844104995727e-01
7.372360388682778209e-01
8.173781009671023945e-01
8.796122897253273454e-01
8.143930688258042006e-01
7.717626136390088876e-01
8.046610700579225339e-01
8.695400387572138623e-01
8.154069975970597017e-01
7.489587793126739612e-01
8.113829939928903778e-01
8.170652872818291446e-01
7.996578303720563996e-01
7.489349651185943646e-01
8.121426770374224891e-01
8.284532222314399119e-01
7.982365451450900151e-01
7.814766382151877577e-01
8.103437288264052629e-01
8.109794372032655962e-01
8.007758983902464323e-01
7.141165810289318294e-01
8.113676707775583363e-01
8.420578246722622007e-01
8.372101840296227726e-01
7.975758957132192961e-01
8.000698118675679815e-01
8.053506551303997174e-01
8.007493191605817850e-01
7.613458709729821194e-01
8.188367991680072233e-01
8.372669783313797520e-01
8.074294148981809860e-01
7.781438472472691492e-01
8.090656311371029474e-01
8.137951058182747444e-01
8.156278141049030372e-01
6.861376783304039551e-01
8.306824829216709061e-01
8.613617733222400652e-01
8.379793402556050541e-01
7.757810500870983006e-01
8.521681193197417903e-01
8.661743462996106535e-01
8.055978702913203504e-01
7.572608923258157265e-01
7.990000793162684856e-01
8.338406386022209071e-01
8.007794548243217791e-01
7.516590713142973224e-01
8.005458800370008898e-01
8.764930063870718380e-01
8.479841350224351926e-01
7.346286092620462060e-01
8.389735938231296375e-01
8.156271643030901242e-01
8.110763446951445577e-01
6.832862710195629630e-01
8.081860851182059990e-01
8.458066922860861814e-01
8.341190575243923044e-01
7.445229858312634175e-01
8.065609273314798822e-01
8.590514181292906448e-01
8.095826204053280239e-01
7.164806518050144124e-01
7.986887024569643279e-01
8.059368037814023111e-01
8.592597862610115156e-01
7.170442102608184376e-01
8.054349377075671335e-01
7.926791153444370241e-01
8.167143056069899876e-01
7.778389461881680678e-01
8.044612919615579116e-01
8.092775356985457691e-01
7.269190641906317918e-01
8.203553781529856481e-01
8.234309287834490343e-01
7.986212704316094646e-01
7.362455143317531148e-01
7.462017071672971680e-01
8.140825705492374942e-01
8.297512899874787129e-01
8.513553499772629207e-01
7.838055600535132061e-01
8.005824437158201023e-01
8.004303291655682218e-01
8.010876440258434261e-01
7.426579099326618971e-01
8.080196160582842069e-01
8.286835608837012090e-01
7.970332070105585753e-01
6.714479232880640192e-01
8.387258679205300549e-01
8.225009974311913163e-01
8.504637476226837300e-01
6.774598910228406545e-01
8.079628455712497548e-01
8.038991528885417459e-01
8.113733001794510846e-01
7.493678055018618833e-01
8.155619728995396889e-01
8.009975366168832211e-01
8.099324238868871317e-01
7.269372547835012410e-01
8.239260620007073932e-01
8.105273684216114383e-01
8.271345908389117207e-01
7.305394056184758567e-01
8.546532428723211394e-01
8.696048483515458338e-01
8.347671213273335500e-01
7.267639089584789769e-01
8.400297120074299295e-01
7.971867327171160422e-01
8.358839230107091289e-01
7.795297950731435721e-01
7.981299223449928038e-01
8.147025391628103241e-01
8.166211015745734603e-01
7.649963759516882345e-01
8.206251074350329189e-01
8.081945483350465587e-01
8.077848663386160144e-01
7.868004362095626369e-01
8.017922951882868743e-01
7.990011713842661845e-01
7.659223007367386149e-01
7.973783673619929679e-01
8.093551235349286666e-01
8.055007765220749683e-01
7.683489724643756125e-01
8.080371838293723963e-01
8.027587159590287014e-01
7.720181408987298877e-01
8.061605316726440096e-01
8.304444049429792196e-01
8.017872951894878808e-01
7.579375334392501884e-01
8.109558875393526600e-01
8.385467738149378070e-01
8.454575807917151797e-01
7.333701156737881810e-01
8.300148826370572497e-01
8.189149026157329647e-01
8.238651890117174581e-01
7.662440232415000940e-01
8.023044997005560619e-01
7.715545105013774663e-01
8.251052667271178143e-01
8.385859054633391096e-01
8.028293935993565666e-01
7.313440494801636271e-01
8.460072221429160155e-01
8.729774394602642928e-01
7.973314943299552038e-01
6.676974213793968049e-01
8.520734116543310366e-01
8.686820324271280480e-01
8.002040660119147386e-01
6.848208883117481438e-01
8.629750369299276080e-01
8.544968032306822225e-01
8.749253709883809682e-01
7.462312467977323394e-01
8.150296408945322257e-01
8.336337061915578550e-01
7.642274465666207828e-01
8.170907239657463350e-01
8.025177595960875099e-01
7.429048095599939394e-01
8.304471738715908380e-01
8.320207858621774255e-01
8.253863562128160858e-01
7.058673664696556438e-01
8.656228114783520722e-01
8.811365536007192967e-01
8.359013698680034521e-01
6.830683599255282790e-01
8.308363251305387331e-01
8.036729643190425598e-01
8.369191996884235429e-01
7.315650196321371590e-01
8.151631601545621386e-01
7.969150895529889533e-01
8.222393305151599607e-01
7.686644070094561521e-01
8.232714845246201785e-01
8.221005493962719735e-01
6.870442519013207905e-01
8.208565922908827028e-01
8.351680650099525538e-01
8.016326454479508756e-01
7.132409614828207900e-01
8.422234995347080977e-01
8.725342988215887274e-01
8.303900018153628215e-01
7.435051711860605206e-01
8.101265355723566985e-01
8.010921739271508191e-01
8.039565537493220670e-01
7.223983290757848286e-01
7.965464242813106166e-01
8.000000000000000444e-01
8.005508565281175271e-01
7.281599047517948176e-01
8.463618434084574371e-01
8.128846361523613950e-01
7.967771858476045965e-01
6.661849283083237649e-01
8.294777605845026214e-01
8.525882470414615222e-01
7.962210454593203757e-01
7.561816652578585707e-01
8.319103600587207659e-01
7.963818791908965355e-01
8.165426415027285945e-01
6.786476071056762871e-01
8.178335738329558513e-01
8.134696559553947770e-01
8.047854436195756023e-01
7.157278604834551583e-01
8.184744979360476513e-01
8.382150157295811255e-01
8.128062057537079887e-01
7.250515358819322742e-01
8.406877237495312682e-01
8.685908157116722927e-01
7.948461137852128600e-01
6.700021549202879179e-01
8.509025446393384540e-01
8.742438526566592705e-01
8.735719702143752707e-01
7.740013184223040188e-01
8.065806652607263594e-01
7.129067488908217287e-01
8.010637549365261512e-01
8.656353914462964205e-01
7.955801506481620100e-01
7.374240824986555420e-01
8.276268917143821957e-01
8.228767278280025854e-01
8.349064723287747958e-01
7.301704429336008939e-01
8.188903091278746382e-01
8.168986983550141634e-01
6.625933787790296847e-01
8.395254331148331861e-01
8.078881118875589351e-01
8.445457757005835342e-01
6.819264949976842072e-01
8.253940435695564792e-01
8.001960251093287457e-01
8.318392979694902989e-01
7.231493366546895007e-01
8.249894826064100295e-01
8.080341239616114501e-01
7.388414898307746892e-01
8.017306122272018776e-01
8.372087090824196220e-01
8.572215706309203043e-01
7.669662563968904223e-01
8.438338772567248736e-01
8.175368041844879308e-01
7.026433450145203041e-01
8.359269234112536306e-01
8.266076491184465302e-01
8.533760398559218086e-01
7.975930629495896484e-01
8.229263381289013690e-01
8.000000000000000444e-01
8.183149300938237225e-01
6.686013153696817035e-01
7.886707965897800099e-01
8.724421825438103406e-01
8.800521809781931548e-01
6.923015755319541498e-01
8.120637911265916609e-01
7.962011900769258022e-01
8.786120772585817029e-01
7.491957571986380682e-01
8.302814205830282290e-01
7.966750806707206811e-01
7.942201073574195469e-01
7.747762959539121752e-01
8.054947797986238278e-01
8.019732421435550318e-01
7.349668086983873749e-01
8.199259637382744215e-01
8.381147105102226824e-01
7.893795158565249936e-01
7.102019178837531976e-01
7.938534307562281622e-01
8.202692592591702692e-01
8.797873352907921163e-01
6.848628923552888548e-01
8.432983064616963453e-01
8.218094237462534313e-01
8.726251785935343896e-01
7.717994916726300669e-01
7.996258090109882311e-01
7.404806804500378981e-01
8.092830783205388068e-01
8.395943804996156556e-01
7.187031655998373791e-01
8.394177570791935272e-01
8.692836111036422730e-01
8.112679907623014941e-01
7.471321388652428785e-01
8.091923497363752160e-01
8.680911362733978454e-01
8.086734055902402574e-01
7.440501902054517114e-01
8.009892389816504199e-01
8.430901992535541067e-01
6.777782421361389087e-01
8.247637223880055490e-01
8.557519868193983470e-01
8.293683414819971178e-01
7.506194566978989791e-01
7.999970491130782291e-01
7.948526617248367065e-01
7.915975157143873009e-01
7.295718468326186645e-01
8.236712544120506907e-01
8.364969725859485727e-01
7.665493477912443954e-01
8.000257311409552097e-01
8.334802422901791408e-01
8.471781015368428092e-01
7.509626179718905670e-01
7.970196705999086362e-01
7.972423714965140018e-01
7.469058567789569336e-01
7.940917132839195869e-01
7.955170261347005445e-01
7.897085152166027910e-01
7.042286756627403888e-01
8.205165945405701322e-01
8.376702081773698128e-01
8.463878888427656122e-01
7.859894484506878554e-01
8.000708316911149254e-01
8.188914058093366144e-01
8.243706981256503363e-01
7.467486083758151372e-01
8.138529055598476836e-01
8.632365096635217228e-01
8.454178146655544346e-01
6.972380469396841640e-01
7.959825574022942885e-01
7.991224941780183944e-01
8.758051037119141125e-01
7.457308824527610902e-01
7.971121293866371138e-01
8.174629972413020029e-01
7.965013314003505096e-01
7.444409175677889623e-01
8.219816125432701792e-01
8.198024881787865370e-01
7.722094534617260919e-01
8.308467617147797801e-01
7.983989005568185027e-01
7.995177574985979918e-01
7.723629379795567962e-01
8.029385083503758347e-01
7.546306373481816987e-01
8.174059107250323253e-01
7.931752415675992207e-01
8.537023354994044411e-01
7.227308650856613115e-01
8.112215021097972656e-01
8.072219739785021497e-01
8.361651163706256273e-01
7.734391761644632268e-01
8.086591992139199325e-01
8.036777409363495828e-01
8.292568202106010977e-01
7.688748391328591447e-01
8.083865262341261015e-01
8.259316203105266929e-01
7.102845840386434739e-01
8.221872329248913758e-01
8.061484752752313687e-01
8.206716187372451454e-01
7.500645109786489018e-01
8.457681175409311747e-01
8.680423260838080468e-01
8.155536242016111492e-01
7.707198661049182720e-01
8.087687631273808853e-01
8.314025902217985209e-01
8.066272907406305537e-01
7.785757772672536881e-01
8.019090519607678935e-01
8.016181998537279529e-01
8.021618656257827329e-01
7.234125101656250223e-01
8.786580454266289530e-01
8.438142335407250449e-01
8.242958986563799773e-01
6.939736737941732958e-01
8.516038286284879355e-01
8.929652734075530507e-01
8.320035928320491658e-01
6.765992106959504149e-01
8.170778804389131622e-01
8.212889734749141413e-01
6.692175340613366608e-01
8.160231300189584314e-01
8.765947992980280823e-01
8.256505351018973426e-01
7.398524483856842027e-01
8.100175353988599003e-01
8.332029288819116086e-01
6.617480079480324573e-01
8.015089658213832013e-01
8.300922776136001602e-01
8.852179256787178208e-01
7.653005352834929553e-01
8.265495278560053283e-01
6.654255148117397267e-01
8.203939854820032629e-01
7.939034384675012213e-01
7.155326054762947141e-01
7.971153656590580505e-01
8.048033281238606840e-01
7.445709899328631920e-01
8.324839390981843001e-01
7.875930887269896319e-01
7.543087635291453319e-01
8.005075062059721080e-01
7.936613622843226024e-01
8.183681735701381355e-01
7.700655926751091007e-01
7.978771312418870831e-01
8.137138182720501378e-01
7.274123428970549199e-01
8.096755742340286943e-01
8.618366743874084079e-01
7.942519244229362396e-01
7.082211782320463334e-01
8.323693860814783685e-01
8.478532921163681735e-01
8.371325900682906607e-01
7.108055174473073556e-01
7.992478443721227066e-01
8.235571076592318462e-01
8.428503416094195178e-01
7.540042372243681568e-01
8.023729839627627980e-01
8.350006618673088132e-01
7.826370911976381350e-01
8.035659485260534529e-01
8.000000000000000444e-01
8.082083668032896684e-01
7.768897965759475888e-01
8.080826629834207964e-01
8.119532826534503478e-01
7.377373964479509993e-01
8.184700244718844386e-01
8.085643117681398095e-01
7.916372516848941832e-01
7.901109414723604951e-01
8.272752315854301486e-01
8.025345145964077886e-01
8.125970648795388662e-01
8.067203423085883562e-01
8.114348660351673459e-01
7.843962427943451665e-01
8.224312330770584545e-01
8.131697097534671403e-01
6.860842283613050041e-01
8.531110681627922521e-01
8.273738214987618189e-01
8.325588083744275281e-01
6.970689736628190580e-01
8.224583141259536045e-01
8.236750840378647132e-01
8.483088627074284460e-01
7.620386622481161165e-01
7.934126819081979143e-01
7.120031403938732462e-01
8.045984834235795358e-01
8.138344405047336361e-01
7.272615674191335033e-01
8.058364443805829946e-01
7.901152660232472202e-01
7.889206084256260576e-01
7.178385340570506701e-01
8.611562219981124811e-01
8.450127793307494750e-01
8.183958818551492209e-01
7.098360946942703364e-01
8.146761493005620913e-01
8.245599762404178801e-01
6.900201074241359978e-01
7.936550895377687542e-01
8.595694536685448695e-01
8.522126652787450629e-01
7.347429218421840380e-01
8.243823994544293710e-01
8.286389757558553226e-01
8.147895177771838915e-01
7.554528183079605164e-01
8.165785713614457375e-01
8.348080522911613954e-01
8.428637187453137392e-01
7.283318695628584472e-01
7.957922245620926427e-01
8.313625532122832507e-01
8.095026967782168459e-01
7.282396777366949570e-01
8.013177341350840033e-01
7.983697690212906428e-01
8.780714452225719668e-01
7.479118031424204505e-01
7.925662004509230751e-01
8.085582616325426297e-01
8.105995477599131638e-01
6.944286249851527870e-01
8.681607768720224216e-01
7.954879252953559465e-01
8.305642589143936716e-01
6.899456102158331161e-01
8.443220788792101805e-01
8.339502660740686357e-01
8.111419366812828713e-01
7.263062199963362664e-01
8.339458073703590602e-01
8.865994835011024033e-01
8.783267059901774809e-01
6.913003310338392549e-01
8.143380038007225208e-01
8.012304709029376415e-01
8.041022305746183818e-01
7.678208864102813447e-01
8.233734767091993589e-01
7.974866248014468306e-01
7.789934689674946622e-01
8.101518183108570303e-01
8.000000000000000444e-01
8.167251797142681680e-01
