9.346202527059480625e-01
9.899999999999999911e-01
9.899999999999999911e-01
9.899999999999991029e-01
7.685073916566761421e-01
9.899999999999999911e-01
9.899999999999999911e-01
9.899999999999999911e-01
8.925715579257381682e-01
9.899999999999999911e-01
9.899999999999999911e-01
9.899999999999999911e-01
8.486443104469267862e-01
9.899999999999999911e-01
9.899999999999999911e-01
9.899999999999999911e-01
9.239771335899288340e-01
9.899999999999999911e-01
9.899999999999999911e-01
9.899999999999999911e-01
8.558838797564922718e-01
9.899999999999999911e-01
9.899999999999999911e-01
9.899999999999999911e-01
9.368572056296269324e-01
9.899999999999999911e-01
9.899999999999999911e-01
9.899999999999999911e-01
9.090867153692239189e-01
9.899999999999999911e-01
9.899999999999999911e-01
9.899999999999999911e-01
9.198120164704061130e-01
9.899999999999999911e-01
9.899999999999999911e-01
9.899999999999999911e-01
9.384614104277186897e-01
9.899999999999999911e-01
9.899999999999999911e-01
9.899999999999999911e-01
9.215494115748688042e-01
9.899999999999999911e-01
9.899999999999999911e-01
9.899999999999999911e-01
9.338236863335196425e-01
9.899999999999999911e-01
9.899999999999999911e-01
9.899999999999999911e-01
9.365333996178732967e-01
9.899999999999999911e-01
9.899999999999999911e-01
9.899999999999999911e-01
9.247489979756730039e-01
9.899999999999999911e-01
9.899999999999999911e-01
9.899999999999999911e-01
7.591447966633040334e-01
9.899999999999999911e-01
9.899999999999999911e-01
9.899999999999999911e-01
8.334997286630053681e-01
9.899999999999999911e-01
9.899999999999999911e-01
9.899999999999999911e-01
7.859487241945352087e-01
9.899999999999999911e-01
9.899999999999999911e-01
9.899999999999999911e-01
8.164272488384067827e-01
9.899999999999999911e-01
9.899999999999999911e-01
9.899999999999999911e-01
9.208283519899038705e-01
9.899999999999999911e-01
9.899999999999999911e-01
9.899999999999999911e-01
9.359749754557744605e-01
9.899999999999999911e-01
9.899999999999998801e-01
9.899999999999999911e-01
8.954070930146590390e-01
9.899999999999999911e-01
9.899999999999999911e-01
9.899999999999999911e-01
8.753769111793728852e-01
9.899999999999999911e-01
9.899999999999999911e-01
9.899999999999999911e-01
9.239475147820479517e-01
9.899999999999999911e-01
9.899999999999999911e-01
9.899999999999999911e-01
8.753771808093513407e-01
9.899999999999999911e-01
9.899999999999999911e-01
9.899999999999999911e-01
8.279005681793297766e-01
9.899999999999999911e-01
9.899999999999999911e-01
9.899999999999999911e-01
8.537125775790396220e-01
9.899999999999999911e-01
9.899999999999999911e-01
9.899999999999999911e-01
8.680438391528992881e-01
9.899999999999999911e-01
9.899999999999999911e-01
9.899999999999999911e-01
8.462422525327724099e-01
9.899999999999999911e-01
8.273824706128112272e-01
9.899999999999999911e-01
9.899999999999999911e-01
9.899999999999999911e-01
9.321108971538187848e-01
9.899999999999999911e-01
7.564747498436944495e-01
9.899999999999999911e-01
9.899999999999999911e-01
9.899999999999999911e-01
8.056034008585084560e-01
9.899999999999999911e-01
9.899999999999999911e-01
9.899999999999999911e-01
7.692083470832554726e-01
9.899999999999999911e-01
9.899999999999999911e-01
9.899999999999999911e-01
7.805252516691744136e-01
9.899999999999999911e-01
9.899999999999999911e-01
9.899999999999999911e-01
8.707988519695795127e-01
9.899999999999999911e-01
9.899999999999999911e-01
9.899999999999999911e-01
8.905569085278074448e-01
9.899999999999999911e-01
9.899999999999999911e-01
9.899999999999999911e-01
8.942454185070544126e-01
9.899999999999999911e-01
9.899999999999999911e-01
8.701376515500326425e-01
9.899999999999999911e-01
9.899999999999999911e-01
9.899999999999999911e-01
8.535542442350342318e-01
9.899999999999999911e-01
9.899999999999999911e-01
9.540441543691220438e-01
9.899999999999999911e-01
9.899999999999999911e-01
9.899999999999999911e-01
8.791861906374435209e-01
9.899999999999999911e-01
9.899999999999999911e-01
9.899999999999999911e-01
9.899999999999999911e-01
9.899999999999999911e-01
9.026933345496552796e-01
9.899999999999999911e-01
9.899999999999999911e-01
9.899999999999999911e-01
9.131231781096206257e-01
9.899999999999999911e-01
9.899999999999999911e-01
9.899999999999999911e-01
9.899999999999999911e-01
9.471404529458606891e-01
9.899999999999999911e-01
9.899999999999999911e-01
9.899999999999999911e-01
9.899999999999999911e-01
8.749789019403617640e-01
9.899999999999999911e-01
9.899999999999999911e-01
9.899999999999999911e-01
9.002988194986883963e-01
9.899999999999999911e-01
9.899999999999999911e-01
9.899999999999999911e-01
9.520849986107693397e-01
9.899999999999999911e-01
9.899999999999999911e-01
9.899999999999999911e-01
9.899999999999999911e-01
9.899999999999999911e-01
9.350856101377839069e-01
9.899999999999999911e-01
9.899999999999999911e-01
9.899999999999999911e-01
8.436530920579855541e-01
9.899999999999999911e-01
9.899999999999999911e-01
9.899999999999999911e-01
8.682407271707510699e-01
9.899999999999999911e-01
9.899999999999999911e-01
9.899999999999999911e-01
7.509424015810337583e-01
9.899999999999999911e-01
9.899999999999999911e-01
9.899999999999999911e-01
9.899999999999999911e-01
9.899999999999999911e-01
9.899999999999999911e-01
9.643267573970216722e-01
9.899999999999999911e-01
9.899999999999999911e-01
9.899999999999999911e-01
9.014078740774438270e-01
9.899999999999999911e-01
9.899999999999999911e-01
9.899999999999999911e-01
7.858051282887308364e-01
9.899999999999999911e-01
9.899999999999999911e-01
9.299118650866650126e-01
9.899999999999999911e-01
9.899999999999999911e-01
7.994710644968330282e-01
9.899999999999999911e-01
9.899999999999999911e-01
9.200432249442275223e-01
9.899999999999999911e-01
9.899999999999999911e-01
9.899999999999999911e-01
7.473577508075596176e-01
9.899999999999999911e-01
9.899999999999999911e-01
9.899999999999999911e-01
9.462596314427774713e-01
9.899999999999999911e-01
9.899999999999999911e-01
9.899999999999999911e-01
7.552513398265439104e-01
9.899999999999999911e-01
9.899999999999999911e-01
9.899999999999999911e-01
7.766193363055728938e-01
9.899999999999999911e-01
9.899999999999999911e-01
9.899999999999999911e-01
8.574001268595548009e-01
9.899999999999999911e-01
9.899999999999999911e-01
9.899999999999999911e-01
8.458967630940339433e-01
8.407074509514832483e-01
9.899999999999999911e-01
9.899999999999999911e-01
9.899999999999999911e-01
8.481850455818154000e-01
9.899999999999999911e-01
9.899999999999999911e-01
9.899999999999999911e-01
8.186678643452826032e-01
9.899999999999999911e-01
9.899999999999999911e-01
9.899999999999999911e-01
8.756332783987995638e-01
9.899999999999999911e-01
9.899999999999999911e-01
9.899999999999999911e-01
9.173933403913225870e-01
9.899999999999999911e-01
9.899999999999999911e-01
9.899999999999999911e-01
8.361388798456550475e-01
9.899999999999999911e-01
9.899999999999999911e-01
9.899999999999999911e-01
9.475513646361652942e-01
9.899999999999999911e-01
9.899999999999999911e-01
9.899999999999999911e-01
8.929842094303976907e-01
9.899999999999999911e-01
9.899999999999999911e-01
9.899999999999999911e-01
9.477272203463418254e-01
9.899999999999999911e-01
9.899999999999999911e-01
9.899999999999999911e-01
7.538323893488236838e-01
9.899999999999999911e-01
9.899999999999999911e-01
9.899999999999999911e-01
9.194064284212919436e-01
9.899999999999999911e-01
9.899999999999999911e-01
9.899999999999999911e-01
9.410325924079809834e-01
9.899999999999999911e-01
9.899999999999999911e-01
9.899999999999999911e-01
7.429213846759191719e-01
9.899999999999999911e-01
9.899999999999999911e-01
9.899999999999999911e-01
8.416823014265983893e-01
9.899999999999999911e-01
9.899999999999999911e-01
9.899999999999999911e-01
8.180532599380798686e-01
9.899999999999999911e-01
9.899999999999999911e-01
9.899999999999999911e-01
9.318862412516669691e-01
9.899999999999999911e-01
9.899999999999999911e-01
9.899999999999999911e-01
8.570182737231020198e-01
9.899999999999999911e-01
9.899999999999999911e-01
9.899999999999999911e-01
7.944513007462417065e-01
9.899999999999999911e-01
9.899999999999999911e-01
9.899999999999999911e-01
8.753490889046383616e-01
9.899999999999999911e-01
9.899999999999999911e-01
9.899999999999999911e-01
8.726713805333438101e-01
9.899999999999999911e-01
9.899999999999999911e-01
9.899999999999999911e-01
8.701532830901704818e-01
9.899999999999999911e-01
9.899999999999999911e-01
9.899999999999999911e-01
8.867769986971347773e-01
9.899999999999999911e-01
9.899999999999999911e-01
9.899999999999999911e-01
9.899999999999999911e-01
9.899999999999999911e-01
9.899999999999999911e-01
9.899999999999999911e-01
8.827967039243301839e-01
9.899999999999999911e-01
9.899999999999999911e-01
9.899999999999999911e-01
8.857132781669008192e-01
9.899999999999999911e-01
9.899999999999999911e-01
9.899999999999999911e-01
9.706330571056632772e-01
9.899999999999999911e-01
9.899999999999999911e-01
9.899999999999999911e-01
8.103318344816469176e-01
9.899999999999999911e-01
9.899999999999999911e-01
9.899999999999999911e-01
9.899999999999999911e-01
7.383371817711441576e-01
9.899999999999999911e-01
9.899999999999999911e-01
9.899999999999999911e-01
7.888147409319049563e-01
9.899999999999999911e-01
9.899999999999999911e-01
9.899999999999999911e-01
9.485293011904483151e-01
9.899999999999999911e-01
9.899999999999999911e-01
9.899999999999999911e-01
9.322726123977077561e-01
9.899999999999999911e-01
9.899999999999999911e-01
7.927677236078334300e-01
9.899999999999999911e-01
9.899999999999999911e-01
9.899999999999999911e-01
9.238731112530227385e-01
9.899999999999999911e-01
9.899999999999999911e-01
9.899999999999999911e-01
7.596460712357344658e-01
9.899999999999999911e-01
9.899999999999999911e-01
9.899999999999999911e-01
9.360715504501707640e-01
9.899999999999999911e-01
9.899999999999999911e-01
8.402776132005697063e-01
9.899999999999999911e-01
9.899999999999999911e-01
9.899999999999999911e-01
8.511856341249931512e-01
9.899999999999999911e-01
9.899999999999999911e-01
9.899999999999999911e-01
7.820279979448693242e-01
9.899999999999999911e-01
9.457150275755815683e-01
9.899999999999999911e-01
9.899999999999999911e-01
9.899999999999999911e-01
7.906604872552160934e-01
9.899999999999999911e-01
9.899999999999999911e-01
9.899999999999999911e-01
8.845082672070486707e-01
9.444375177839299251e-01
9.899999999999999911e-01
9.899999999999999911e-01
9.474740769673727359e-01
9.899999999999999911e-01
9.899999999999999911e-01
9.899999999999999911e-01
8.384721092789244601e-01
9.899999999999999911e-01
9.899999999999999911e-01
9.899999999999999911e-01
8.992981169580502865e-01
9.899999999999999911e-01
9.899999999999999911e-01
9.899999999999999911e-01
7.773324683035366389e-01
9.899999999999999911e-01
9.899999999999999911e-01
9.899999999999999911e-01
9.220444432729792972e-01
9.899999999999999911e-01
9.899999999999999911e-01
9.899999999999999911e-01
9.006077568677394174e-01
9.899999999999999911e-01
9.899999999999999911e-01
9.899999999999999911e-01
7.821731373649036811e-01
9.899999999999999911e-01
9.899999999999999911e-01
9.899999999999999911e-01
8.138055898104751273e-01
9.899999999999999911e-01
9.899999999999999911e-01
9.899999999999999911e-01
9.899999999999999911e-01
9.899999999999999911e-01
9.220612896898533473e-01
9.899999999999999911e-01
9.899999999999999911e-01
9.899999999999999911e-01
8.860234578173277198e-01
9.899999999999999911e-01
9.899999999999999911e-01
9.236766817228522219e-01
9.899999999999999911e-01
9.899999999999999911e-01
9.899999999999999911e-01
8.770095853046826484e-01
9.899999999999999911e-01
7.963824238651312504e-01
9.899999999999999911e-01
9.899999999999999911e-01
9.899999999999999911e-01
9.756673670949462807e-01
9.899999999999999911e-01
9.899999999999999911e-01
9.899999999999999911e-01
8.938238352353594651e-01
9.899999999999999911e-01
9.899999999999999911e-01
9.899999999999999911e-01
8.044997235547529657e-01
9.899999999999999911e-01
9.899999999999999911e-01
9.899999999999999911e-01
7.686183703556113134e-01
9.899999999999999911e-01
9.899999999999999911e-01
9.899999999999999911e-01
9.098017748908033830e-01
9.899999999999999911e-01
9.899999999999999911e-01
9.899999999999999911e-01
8.120711414064593070e-01
9.899999999999999911e-01
9.899999999999999911e-01
9.899999999999999911e-01
9.214965903600437214e-01
9.899999999999999911e-01
9.899999999999999911e-01
9.899999999999999911e-01
8.349015379983443230e-01
9.899999999999999911e-01
9.899999999999999911e-01
9.899999999999999911e-01
7.832954121538312497e-01
9.899999999999999911e-01
9.899999999999999911e-01
9.899999999999999911e-01
9.452028913488071948e-01
9.899999999999999911e-01
9.899999999999999911e-01
9.899999999999999911e-01
7.731092246807402812e-01
9.899999999999999911e-01
9.899999999999999911e-01
9.899999999999999911e-01
9.770795604798626632e-01
9.899999999999999911e-01
9.899999999999999911e-01
9.899999999999999911e-01
8.304912368452253002e-01
9.899999999999999911e-01
9.899999999999999911e-01
9.899999999999999911e-01
9.000509676506420753e-01
9.899999999999999911e-01
9.899999999999999911e-01
9.899999999999999911e-01
7.529024445132601606e-01
9.899999999999999911e-01
9.899999999999999911e-01
9.899999999999999911e-01
9.419328539153181135e-01
9.899999999999999911e-01
9.899999999999999911e-01
9.899999999999999911e-01
8.077577187071820486e-01
9.899999999999999911e-01
9.899999999999999911e-01
9.899999999999999911e-01
8.453596524815856217e-01
9.899999999999999911e-01
9.899999999999999911e-01
9.899999999999999911e-01
8.321527284565173321e-01
9.899999999999999911e-01
9.899999999999999911e-01
9.899999999999999911e-01
7.684853577603886210e-01
9.899999999999999911e-01
9.899999999999999911e-01
9.899999999999999911e-01
8.277499008701573180e-01
9.899999999999999911e-01
9.899999999999999911e-01
9.899999999999999911e-01
7.610617330936838565e-01
9.899999999999999911e-01
9.899999999999999911e-01
9.899999999999999911e-01
8.282370299879068254e-01
9.899999999999999911e-01
9.899999999999999911e-01
9.899999999999999911e-01
9.148023164638446891e-01
9.899999999999999911e-01
9.899999999999999911e-01
7.546996102242014004e-01
9.899999999999999911e-01
9.899999999999999911e-01
9.899999999999999911e-01
7.485367533524905914e-01
8.304096045579731911e-01
9.899999999999999911e-01
9.899999999999999911e-01
9.899999999999999911e-01
9.055882199439806435e-01
9.899999999999999911e-01
9.899999999999999911e-01
9.899999999999999911e-01
7.994689355678816778e-01
9.899999999999999911e-01
9.899999999999999911e-01
9.899999999999999911e-01
7.766565027594450887e-01
9.899999999999999911e-01
9.899999999999999911e-01
9.899999999999999911e-01
7.708883596113006442e-01
9.899999999999999911e-01
9.899999999999999911e-01
9.899999999999999911e-01
8.672019249942226615e-01
9.899999999999999911e-01
9.899999999999999911e-01
9.899999999999999911e-01
7.375412503342519965e-01
9.899999999999999911e-01
9.899999999999999911e-01
9.899999999999999911e-01
8.175623979967215904e-01
9.899999999999999911e-01
9.899999999999999911e-01
9.899999999999999911e-01
8.135757412901353236e-01
9.899999999999999911e-01
9.899999999999999911e-01
9.899999999999999911e-01
9.295958832758667301e-01
9.899999999999999911e-01
9.899999999999999911e-01
9.899999999999999911e-01
8.440283921404061473e-01
9.899999999999999911e-01
9.899999999999999911e-01
9.899999999999999911e-01
9.343440186920706214e-01
9.899999999999999911e-01
9.899999999999999911e-01
8.722206539416095250e-01
9.899999999999999911e-01
9.899999999999999911e-01
9.899999999999999911e-01
8.397879926202739265e-01
9.899999999999999911e-01
9.899999999999999911e-01
8.798680151393378779e-01
9.899999999999999911e-01
9.899999999999999911e-01
9.899999999999999911e-01
8.456805050545633806e-01
9.899999999999999911e-01
9.899999999999999911e-01
9.899999999999999911e-01
7.520313847692279285e-01
9.899999999999999911e-01
9.899999999999999911e-01
9.899999999999999911e-01
8.344167822583030691e-01
9.899999999999999911e-01
8.990195597475851841e-01
9.899999999999999911e-01
9.899999999999999911e-01
9.899999999999999911e-01
7.773782966083496726e-01
9.899999999999999911e-01
9.899999999999999911e-01
9.899999999999999911e-01
7.491899507252308688e-01
9.899999999999999911e-01
9.899999999999999911e-01
9.899999999999999911e-01
8.092281353754439133e-01
9.899999999999999911e-01
9.899999999999999911e-01
9.899999999999999911e-01
8.052083507079456082e-01
9.899999999999999911e-01
9.899999999999999911e-01
8.648214889041989650e-01
9.899999999999999911e-01
9.899999999999999911e-01
9.208068594975598042e-01
9.899999999999999911e-01
9.899999999999999911e-01
9.899999999999999911e-01
8.378022681386748660e-01
9.899999999999999911e-01
9.899999999999999911e-01
9.899999999999999911e-01
7.864955451278787812e-01
9.899999999999999911e-01
9.899999999999999911e-01
9.899999999999999911e-01
8.846158030651700699e-01
9.899999999999999911e-01
9.899999999999999911e-01
9.899999999999999911e-01
9.309248100788504177e-01
9.899999999999999911e-01
9.899999999999999911e-01
7.847424279999112295e-01
9.899999999999999911e-01
9.899999999999999911e-01
9.899999999999999911e-01
8.329393131681702700e-01
9.899999999999999911e-01
9.899999999999999911e-01
9.899999999999999911e-01
8.393316677347315569e-01
9.899999999999999911e-01
9.899999999999999911e-01
9.899999999999999911e-01
7.792264909756052571e-01
9.899999999999999911e-01
9.899999999999997691e-01
9.899999999999999911e-01
8.759344799414827687e-01
9.899999999999999911e-01
9.899999999999999911e-01
9.899999999999999911e-01
7.763488614286259137e-01
9.899999999999999911e-01
9.899999999999999911e-01
9.899999999999999911e-01
9.144752882351986356e-01
9.899999999999999911e-01
9.899999999999999911e-01
9.899999999999999911e-01
7.989508989940435901e-01
9.899999999999999911e-01
9.899999999999999911e-01
9.899999999999999911e-01
8.512187578041479075e-01
9.899999999999999911e-01
9.899999999999999911e-01
9.899999999999999911e-01
8.821180328253848124e-01
9.899999999999999911e-01
9.899999999999999911e-01
9.899999999999999911e-01
7.793678026564330175e-01
9.899999999999999911e-01
9.899999999999999911e-01
9.899999999999999911e-01
8.831581216407139445e-01
9.899999999999999911e-01
8.176179120683740864e-01
9.899999999999999911e-01
9.899999999999999911e-01
9.899999999999999911e-01
9.009866125196599462e-01
9.899999999999999911e-01
9.899999999999999911e-01
9.899999999999999911e-01
8.034729734896852715e-01
9.899999999999999911e-01
9.899999999999999911e-01
7.510546845090495527e-01
9.899999999999999911e-01
9.899999999999999911e-01
9.899999999999999911e-01
7.490046006688642066e-01
9.899999999999999911e-01
9.899999999999999911e-01
9.899999999999999911e-01
8.400480643139736081e-01
9.899999999999999911e-01
9.899999999999999911e-01
9.119320750573538525e-01
9.899999999999999911e-01
9.899999999999999911e-01
9.899999999999999911e-01
9.079053751044735554e-01
9.899999999999999911e-01
9.899999999999999911e-01
7.834603126144308316e-01
9.899999999999999911e-01
9.899999999999999911e-01
9.899999999999999911e-01
9.756976419411690360e-01
9.899999999999999911e-01
9.899999999999999911e-01
9.899999999999999911e-01
7.805438022968885781e-01
9.899999999999999911e-01
9.899999999999999911e-01
9.899999999999999911e-01
8.258034954889541535e-01
9.899999999999999911e-01
9.899999999999999911e-01
9.899999999999999911e-01
9.278147353789309992e-01
9.899999999999999911e-01
9.899999999999999911e-01
9.899999999999999911e-01
8.744339548423744057e-01
9.899999999999999911e-01
9.899999999999999911e-01
8.730616002257258756e-01
9.899999999999999911e-01
9.899999999999999911e-01
9.899999999999999911e-01
8.569794403225756696e-01
9.899999999999999911e-01
9.899999999999999911e-01
9.899999999999999911e-01
7.735362517046013853e-01
9.899999999999999911e-01
9.899999999999999911e-01
9.899999999999999911e-01
8.522123030484494155e-01
9.899999999999999911e-01
7.591670893434881995e-01
9.899999999999999911e-01
9.899999999999999911e-01
8.431312578513310285e-01
9.899999999999999911e-01
9.899999999999999911e-01
9.899999999999999911e-01
9.283544310186673254e-01
9.899999999999999911e-01
9.899999999999999911e-01
9.899999999999999911e-01
8.924904638286769165e-01
9.899999999999999911e-01
9.899999999999999911e-01
7.963248322403065904e-01
9.899999999999999911e-01
9.899999999999999911e-01
9.899999999999999911e-01
9.289678430589970448e-01
9.899999999999999911e-01
9.899999999999999911e-01
9.899999999999999911e-01
8.079915484253566982e-01
9.899999999999999911e-01
9.899999999999999911e-01
9.356881239754194501e-01
9.899999999999999911e-01
9.899999999999999911e-01
9.899999999999999911e-01
7.831384258037816792e-01
9.899999999999999911e-01
9.899999999999999911e-01
9.227064356564770309e-01
9.899999999999999911e-01
9.899999999999999911e-01
9.899999999999999911e-01
8.483325138349947503e-01
9.899999999999999911e-01
9.899999999999999911e-01
9.899999999999999911e-01
9.322689754518310723e-01
9.899999999999999911e-01
9.899999999999999911e-01
9.899999999999999911e-01
8.613192641348361711e-01
9.899999999999999911e-01
9.899999999999999911e-01
9.899999999999999911e-01
8.230036211595381790e-01
9.899999999999999911e-01
9.899999999999999911e-01
9.899999999999999911e-01
9.244128613479721812e-01
9.899999999999999911e-01
9.899999999999999911e-01
9.899999999999999911e-01
8.403470479929322501e-01
9.899999999999999911e-01
9.899999999999999911e-01
9.414687761226830931e-01
9.899999999999999911e-01
9.899999999999999911e-01
9.899999999999999911e-01
8.900156306562374553e-01
9.899999999999999911e-01
8.993481472492753648e-01
9.899999999999999911e-01
9.899999999999999911e-01
9.899999999999999911e-01
7.799581303279571332e-01
9.899999999999999911e-01
9.899999999999999911e-01
9.899999999999999911e-01
9.286211086182012409e-01
9.899999999999999911e-01
9.899999999999999911e-01
9.899999999999999911e-01
8.907961753194986176e-01
9.899999999999999911e-01
9.899999999999999911e-01
7.768704574433061838e-01
9.899999999999999911e-01
9.899999999999999911e-01
9.899999999999999911e-01
9.224523648246357732e-01
9.899999999999999911e-01
9.899999999999999911e-01
9.899999999999999911e-01
9.255949631667306221e-01
9.899999999999999911e-01
9.899999999999999911e-01
9.899999999999999911e-01
8.795246724050971299e-01
9.899999999999999911e-01
9.899999999999999911e-01
9.899999999999999911e-01
7.730202114375972489e-01
9.899999999999999911e-01
9.899999999999999911e-01
9.899999999999999911e-01
7.871328476439195532e-01
9.899999999999999911e-01
9.899999999999999911e-01
9.899999999999999911e-01
7.956655940859582721e-01
9.899999999999999911e-01
9.899999999999999911e-01
7.669967171811785667e-01
9.899999999999999911e-01
9.899999999999999911e-01
9.899999999999999911e-01
9.076987288871204429e-01
9.899999999999999911e-01
9.899999999999999911e-01
7.487253333984693615e-01
9.899999999999999911e-01
9.899999999999999911e-01
9.899999999999999911e-01
9.245555625205323924e-01
9.899999999999999911e-01
7.632435395060557237e-01
9.899999999999999911e-01
9.899999999999999911e-01
7.541315974604910766e-01
9.899999999999999911e-01
9.899999999999999911e-01
9.148380655576270337e-01
9.899999999999999911e-01
9.899999999999999911e-01
9.259117725238140695e-01
9.899999999999999911e-01
9.899999999999999911e-01
9.899999999999999911e-01
9.422829441657043503e-01
9.899999999999999911e-01
9.899999999999999911e-01
7.972112862533169420e-01
9.899999999999999911e-01
9.899999999999999911e-01
9.899999999999999911e-01
8.229203646120156757e-01
9.899999999999999911e-01
9.899999999999999911e-01
9.899999999999999911e-01
8.584548565718300717e-01
9.899999999999999911e-01
9.899999999999999911e-01
9.899999999999999911e-01
9.410254030679512383e-01
9.899999999999999911e-01
9.899999999999999911e-01
8.983054822261530292e-01
9.899999999999999911e-01
9.899999999999999911e-01
9.899999999999999911e-01
8.947548669857460224e-01
9.899999999999999911e-01
9.899999999999999911e-01
9.084403544706747269e-01
9.899999999999999911e-01
9.899999999999999911e-01
9.899999999999999911e-01
9.549140968643829996e-01
9.899999999999999911e-01
9.899999999999999911e-01
9.899999999999999911e-01
9.899999999999999911e-01
9.899999999999999911e-01
9.157174305052829810e-01
9.899999999999999911e-01
9.899999999999999911e-01
7.872349385881048933e-01
9.899999999999999911e-01
9.899999999999999911e-01
9.899999999999999911e-01
8.353655807654444265e-01
9.899999999999999911e-01
9.899999999999999911e-01
9.899999999999999911e-01
8.323228255044081703e-01
9.899999999999999911e-01
7.371969307473881239e-01
9.899999999999999911e-01
9.899999999999999911e-01
8.916313008010505747e-01
9.899999999999999911e-01
9.899999999999999911e-01
9.899999999999999911e-01
8.700893108771736717e-01
9.899999999999999911e-01
9.899999999999999911e-01
9.899999999999999911e-01
8.251011240476873176e-01
9.899999999999999911e-01
9.899999999999999911e-01
8.219252468028109826e-01
9.899999999999999911e-01
9.899999999999999911e-01
9.899999999999999911e-01
8.742081424209177110e-01
9.899999999999999911e-01
9.899999999999999911e-01
9.899999999999999911e-01
9.364551453368817890e-01
9.899999999999999911e-01
9.899999999999999911e-01
9.899999999999999911e-01
8.480942539578910644e-01
9.899999999999999911e-01
9.899999999999999911e-01
9.899999999999999911e-01
8.532482068650225626e-01
9.899999999999999911e-01
9.899999999999999911e-01
9.899999999999999911e-01
8.768047554044849923e-01
9.899999999999999911e-01
9.899999999999999911e-01
9.899999999999999911e-01
8.009978319697899085e-01
9.899999999999999911e-01
9.899999999999999911e-01
9.899999999999999911e-01
8.139156036120663851e-01
9.899999999999999911e-01
9.899999999999999911e-01
9.899999999999999911e-01
8.903282507876237872e-01
9.899999999999999911e-01
9.899999999999999911e-01
9.899999999999999911e-01
8.230954270041720422e-01
9.899999999999999911e-01
9.899999999999999911e-01
9.899999999999999911e-01
8.376191200654558022e-01
9.899999999999999911e-01
9.899999999999999911e-01
8.928780094585730964e-01
9.899999999999999911e-01
9.899999999999999911e-01
9.899999999999999911e-01
