9.180387224235119215e-01
9.899999999999999911e-01
9.899999999999999911e-01
9.899999999999997691e-01
7.268190888492299662e-01
9.899999999999999911e-01
9.899999999999999911e-01
9.899999999999999911e-01
8.737504461020300095e-01
9.784128576950064105e-01
9.899999999999999911e-01
9.899999999999999911e-01
8.108281850654096568e-01
9.899999999999999911e-01
9.899999999999999911e-01
9.899999999999999911e-01
8.779626339816243297e-01
9.899999999999999911e-01
9.899999999999999911e-01
9.899999999999999911e-01
8.133730346227697749e-01
9.899999999999999911e-01
9.899999999999999911e-01
9.899999999999999911e-01
8.900837329867890002e-01
9.899999999999999911e-01
9.899999999999999911e-01
9.899999999999999911e-01
8.623835178937951929e-01
9.899999999999999911e-01
9.899999999999999911e-01
9.899999999999999911e-01
8.730003611379684170e-01
9.899999999999999911e-01
9.899999999999999911e-01
9.899999999999999911e-01
8.991869131891457867e-01
9.899999999999999911e-01
9.899999999999999911e-01
9.899999999999999911e-01
8.747373853163404878e-01
9.899999999999999911e-01
9.899999999999999911e-01
9.899999999999999911e-01
8.995825908825699768e-01
9.899999999999999911e-01
9.899999999999999911e-01
9.863355491161139854e-01
8.942845802416554690e-01
9.899999999999999911e-01
9.626156420125552282e-01
9.899999999999999911e-01
8.793783836736949189e-01
9.899999999999999911e-01
9.899999999999999911e-01
9.899999999999999911e-01
7.146257937122262316e-01
9.899999999999999911e-01
9.899999999999999911e-01
9.899999999999999911e-01
7.916517195909775761e-01
9.899999999999999911e-01
9.899999999999999911e-01
9.899999999999999911e-01
7.401090791018705151e-01
9.740118338357396377e-01
9.899999999999999911e-01
9.899999999999999911e-01
7.742654607792600618e-01
9.899999999999999911e-01
9.899999999999999911e-01
9.899999999999999911e-01
8.785256948585141723e-01
9.899999999999999911e-01
9.899999999999999911e-01
9.899999999999999911e-01
9.118575345534075671e-01
9.899999999999999911e-01
9.899999999999997691e-01
9.899999999999999911e-01
8.676268447799335704e-01
9.899999999999999911e-01
9.899999999999999911e-01
9.899999999999999911e-01
8.315118467738746855e-01
9.895075494147813622e-01
9.768108076511282656e-01
9.899999999999999911e-01
8.805007212818601880e-01
9.899999999999999911e-01
9.899999999999999911e-01
9.899999999999999911e-01
8.305672146904435893e-01
9.899999999999999911e-01
9.899999999999999911e-01
9.899999999999999911e-01
7.811085758883661301e-01
9.899999999999999911e-01
9.686116372993893719e-01
9.899999999999999911e-01
8.068873519188051180e-01
9.899999999999999911e-01
9.899999999999999911e-01
9.899999999999999911e-01
8.257768800688275457e-01
9.899999999999999911e-01
9.899999999999999911e-01
9.899999999999999911e-01
8.094250321530124248e-01
9.899999999999999911e-01
7.844918050086682193e-01
9.899999999999999911e-01
9.899999999999999911e-01
9.899999999999999911e-01
8.980676849042196208e-01
9.896102108190312219e-01
7.107312515360827421e-01
9.899999999999999911e-01
9.899999999999999911e-01
9.899999999999999911e-01
7.592719562304116598e-01
9.899999999999999911e-01
9.899999999999999911e-01
9.899999999999999911e-01
7.237027572284665533e-01
9.899999999999999911e-01
9.899999999999999911e-01
9.826119754630485703e-01
7.396763293409894802e-01
9.899999999999999911e-01
9.899999999999999911e-01
9.899999999999999911e-01
8.240864569957147001e-01
9.899999999999999911e-01
9.899999999999999911e-01
9.899999999999999911e-01
8.467445999301885795e-01
9.899999999999999911e-01
9.899999999999999911e-01
9.899999999999999911e-01
8.772257306529601673e-01
9.899999999999999911e-01
9.899999999999999911e-01
8.475620044600140623e-01
9.899999999999999911e-01
9.899999999999999911e-01
9.899999999999999911e-01
8.318147339954818920e-01
9.899999999999999911e-01
9.899999999999999911e-01
9.439530114210789025e-01
9.899999999999999911e-01
9.899999999999999911e-01
9.899999999999999911e-01
8.505885889653819198e-01
9.795903248285275922e-01
9.899999999999999911e-01
9.899999999999999911e-01
9.899999999999999911e-01
9.899999999999999911e-01
8.767797471512387419e-01
9.899999999999999911e-01
9.899999999999999911e-01
9.899999999999999911e-01
8.822841813398898392e-01
9.899999999999999911e-01
9.878331373237815294e-01
9.899999999999999911e-01
9.899999999999999911e-01
9.098386119853288934e-01
9.899999999999999911e-01
9.899999999999999911e-01
9.899999999999999911e-01
9.899999999999999911e-01
8.463028150813026729e-01
9.899999999999999911e-01
9.633565804359962570e-01
9.899999999999999911e-01
8.757842780816147421e-01
9.899999999999999911e-01
9.899999999999999911e-01
9.747163648077227238e-01
9.183217947541092441e-01
9.899999999999999911e-01
9.867124508557276741e-01
9.899999999999999911e-01
9.899999999999999911e-01
9.899999999999999911e-01
9.009136746144149610e-01
9.899999999999999911e-01
9.899999999999999911e-01
9.899999999999999911e-01
8.144029529293618230e-01
9.899999999999999911e-01
9.899999999999999911e-01
9.878318413882589688e-01
8.221981925212497044e-01
9.899999999999999911e-01
9.899999999999999911e-01
9.899999999999999911e-01
7.037299430963354085e-01
9.899999999999999911e-01
9.899999999999999911e-01
9.899999999999999911e-01
9.899999999999999911e-01
9.899999999999999911e-01
9.899999999999999911e-01
9.560948903502216600e-01
9.899999999999999911e-01
9.899999999999999911e-01
9.899999999999999911e-01
8.571771762850596277e-01
9.899999999999999911e-01
9.899999999999999911e-01
9.899999999999999911e-01
7.541208049841612304e-01
9.899999999999999911e-01
9.899999999999999911e-01
8.990590737766044338e-01
9.899999999999999911e-01
9.899999999999999911e-01
7.656511923425733945e-01
9.899999999999999911e-01
9.884124832417422457e-01
8.881363172731275846e-01
9.716149364357160589e-01
9.899999999999999911e-01
9.899999999999999911e-01
7.089175154166924564e-01
9.617738774528855616e-01
9.874562778497750770e-01
9.899999999999999911e-01
9.193183903710788751e-01
9.899999999999999911e-01
9.899999999999999911e-01
9.899999999999999911e-01
7.082753636588390300e-01
9.601899174751901134e-01
9.899999999999999911e-01
9.899999999999999911e-01
7.324550484105583070e-01
9.899999999999999911e-01
9.899999999999999911e-01
9.899999999999999911e-01
8.119179804024309055e-01
9.899999999999999911e-01
9.899999999999999911e-01
9.899999999999999911e-01
8.175789747665143103e-01
7.938630778566165835e-01
9.899999999999999911e-01
9.899999999999999911e-01
9.899999999999999911e-01
8.022234177894910223e-01
9.899999999999999911e-01
9.838778206880254285e-01
9.759242335706238558e-01
7.761597874339172254e-01
9.899999999999999911e-01
9.584553367625169296e-01
9.899999999999999911e-01
8.320773512229564517e-01
9.899999999999999911e-01
9.656350656777943353e-01
9.899999999999999911e-01
8.768315516297925383e-01
9.899999999999999911e-01
9.899999999999999911e-01
9.899999999999999911e-01
7.981748768406027317e-01
9.899999999999999911e-01
9.899999999999999911e-01
9.899999999999999911e-01
9.047146112802034734e-01
9.899999999999999911e-01
9.899999999999999911e-01
9.899999999999999911e-01
8.712681972016010912e-01
9.899999999999999911e-01
9.899999999999999911e-01
9.888048571938380382e-01
9.022610632517531482e-01
9.899999999999999911e-01
9.537073075571772529e-01
9.899999999999999911e-01
7.069851399496778210e-01
9.899999999999999911e-01
9.695759966982087086e-01
9.899999999999999911e-01
8.754203710873690314e-01
9.899999999999999911e-01
9.899999999999999911e-01
9.899999999999999911e-01
8.944583708301455660e-01
9.899999999999999911e-01
9.899999999999999911e-01
9.899999999999999911e-01
6.984231438999793928e-01
9.899999999999999911e-01
9.836635483823048531e-01
9.899999999999999911e-01
7.982566897943874640e-01
9.899999999999999911e-01
9.899999999999999911e-01
9.899999999999999911e-01
7.759690202919257151e-01
9.899999999999999911e-01
9.899999999999999911e-01
9.899999999999999911e-01
8.895863606580853844e-01
9.899999999999999911e-01
9.899999999999999911e-01
9.899999999999999911e-01
8.112700942839212725e-01
9.815958767750375680e-01
9.899999999999999911e-01
9.899999999999999911e-01
7.474073091992975426e-01
9.899999999999999911e-01
9.899999999999999911e-01
9.899999999999999911e-01
8.331688625967530459e-01
9.899999999999999911e-01
9.899999999999999911e-01
9.677188204622864109e-01
8.295846289676431784e-01
9.899999999999999911e-01
9.899999999999999911e-01
9.899999999999999911e-01
8.251313930371584338e-01
9.899999999999999911e-01
9.895049291815514181e-01
9.899999999999999911e-01
8.403347889989584152e-01
9.899999999999999911e-01
9.728956095484707634e-01
9.899999999999999911e-01
9.899999999999999911e-01
9.801983081456997482e-01
9.899999999999999911e-01
9.899999999999999911e-01
8.569051641588039114e-01
9.874618482848139811e-01
9.899999999999999911e-01
9.899999999999999911e-01
8.389628021369883726e-01
9.899999999999999911e-01
9.899999999999999911e-01
9.899999999999999911e-01
9.656739770875246709e-01
9.899999999999999911e-01
9.899999999999999911e-01
9.899999999999999911e-01
7.818940585734883708e-01
9.899999999999999911e-01
9.899999999999999911e-01
9.899999999999999911e-01
9.638148845610132742e-01
6.911182837752247732e-01
9.899999999999999911e-01
9.766822078794401563e-01
9.899999999999999911e-01
7.546241592962928957e-01
9.899999999999999911e-01
9.899999999999999911e-01
9.697381623753578150e-01
9.086848480048974608e-01
9.877494477460037059e-01
9.899999999999999911e-01
9.899999999999999911e-01
8.880154445927925799e-01
9.899999999999999911e-01
9.899999999999999911e-01
7.464643148785828908e-01
9.634089193138701823e-01
9.610076394070736772e-01
9.899999999999999911e-01
8.778834325878699385e-01
9.899999999999999911e-01
9.899999999999999911e-01
9.899999999999999911e-01
7.146358814460453956e-01
9.528210765573980057e-01
9.899999999999999911e-01
9.899999999999999911e-01
8.997506332588648403e-01
9.899999999999999911e-01
9.899999999999999911e-01
7.950829366892315786e-01
9.899999999999999911e-01
9.899999999999999911e-01
9.899999999999999911e-01
8.067968382306248687e-01
9.899999999999999911e-01
9.899999999999999911e-01
9.899999999999999911e-01
7.479173717548657230e-01
9.711127616975869792e-01
9.277702009921693360e-01
9.899999999999999911e-01
9.899999999999999911e-01
9.899999999999999911e-01
7.463647965261297479e-01
9.899999999999999911e-01
9.868075117293082510e-01
9.616283351261718515e-01
8.451214777375383180e-01
9.003047068627978433e-01
9.899999999999999911e-01
9.899999999999999911e-01
9.039184315400624614e-01
9.899999999999999911e-01
9.899999999999999911e-01
9.899999999999999911e-01
7.965858950969744168e-01
9.899999999999999911e-01
9.899999999999999911e-01
9.899999999999999911e-01
8.561491627914472602e-01
9.899999999999999911e-01
9.899999999999999911e-01
9.899999999999999911e-01
7.328086943728338021e-01
9.899999999999999911e-01
9.899999999999999911e-01
9.899999999999999911e-01
8.770668444986491341e-01
9.899999999999999911e-01
9.899999999999999911e-01
9.899999999999999911e-01
8.581873253870540008e-01
9.899999999999999911e-01
9.899999999999999911e-01
9.666131229845562611e-01
7.395835176720462201e-01
9.899999999999999911e-01
9.899999999999999911e-01
9.899999999999999911e-01
7.676271608705894645e-01
9.899999999999999911e-01
9.899999999999999911e-01
9.899999999999999911e-01
9.808522944114895781e-01
9.899999999999999911e-01
8.915657912842854804e-01
9.899999999999999911e-01
9.899999999999999911e-01
9.899999999999999911e-01
8.532108868821615122e-01
9.899999999999999911e-01
9.899999999999999911e-01
8.782272742911945151e-01
9.899999999999999911e-01
9.899999999999999911e-01
9.899999999999999911e-01
8.463401274648973960e-01
9.899999999999999911e-01
7.530998954037709803e-01
9.658656138528514123e-01
9.899999999999999911e-01
9.899999999999999911e-01
9.714448237519938134e-01
9.899999999999999911e-01
9.899999999999999911e-01
9.899993361424885840e-01
8.506555024334242487e-01
9.899999999999999911e-01
9.899999999999999911e-01
9.899999999999999911e-01
7.609752722947452641e-01
9.899999999999999911e-01
9.899999999999999911e-01
9.899999999999999911e-01
7.229631677678455270e-01
9.803219080928161633e-01
9.899999999999999911e-01
9.899999999999999911e-01
8.770950058998627785e-01
9.899999999999999911e-01
9.899999999999999911e-01
9.882819622185852193e-01
7.670498384776150980e-01
9.899999999999999911e-01
9.899999999999999911e-01
9.899999999999999911e-01
8.776088460083741882e-01
9.899999999999999911e-01
9.899999999999999911e-01
9.899999999999999911e-01
7.916892368704532279e-01
9.899999999999999911e-01
9.899999999999999911e-01
9.814497896705300928e-01
7.485919553792236281e-01
9.899999999999999911e-01
9.899999999999999911e-01
9.763017140602985311e-01
9.053596140810855619e-01
9.899999999999999911e-01
9.899999999999999911e-01
9.888357257438723513e-01
7.263792437786577016e-01
9.899999999999999911e-01
9.899999999999999911e-01
9.899999999999999911e-01
9.737537222963487116e-01
9.888724923534912836e-01
9.899999999999999911e-01
9.899999999999999911e-01
7.981973611296910853e-01
9.899999999999999911e-01
9.899999999999999911e-01
9.899999999999999911e-01
8.726232073095115949e-01
9.899999999999999911e-01
9.899999999999999911e-01
9.899999999999999911e-01
7.058581665185256204e-01
9.899999999999999911e-01
9.899999999999999911e-01
9.899999999999999911e-01
8.968047902547239270e-01
9.899999999999999911e-01
9.899999999999999911e-01
9.899999999999999911e-01
7.761977140753254512e-01
9.796070339760649670e-01
9.899999999999999911e-01
9.874995674251746403e-01
8.020533845994508582e-01
9.836458482229833988e-01
9.899999999999999911e-01
9.899999999999999911e-01
7.855405735123036637e-01
9.899999999999999911e-01
9.899999999999999911e-01
9.899999999999999911e-01
7.222447583519847614e-01
9.899999999999999911e-01
9.899999999999999911e-01
9.899999999999999911e-01
7.835480095975114745e-01
9.899999999999999911e-01
9.899999999999999911e-01
9.899999999999999911e-01
7.150503978145642536e-01
9.786034104457650429e-01
9.899999999999999911e-01
9.899999999999999911e-01
7.817227754151935271e-01
9.899999999999999911e-01
9.646899296885471653e-01
9.899999999999999911e-01
8.806106855871518313e-01
9.899999999999999911e-01
9.899999999999999911e-01
7.115932250346767018e-01
9.899999999999999911e-01
9.899999999999999911e-01
9.778456704786926412e-01
7.104275778068959157e-01
7.865543117967900288e-01
9.899999999999999911e-01
9.899999999999999911e-01
9.899999999999999911e-01
8.906484672045549278e-01
9.899999999999999911e-01
9.899999999999999911e-01
9.899999999999999911e-01
7.578406423923647051e-01
9.899999999999999911e-01
9.899999999999999911e-01
9.709808910494022172e-01
7.329082854583391926e-01
9.899999999999999911e-01
9.899999999999999911e-01
9.899999999999999911e-01
7.254910719169531674e-01
9.899999999999999911e-01
9.899492350025705933e-01
9.899999999999999911e-01
8.209959490679741290e-01
9.899999999999999911e-01
9.850413627753463741e-01
9.899999999999999911e-01
6.961746071143563031e-01
9.899999999999999911e-01
9.899999999999999911e-01
9.899999999999999911e-01
7.710243299262971028e-01
9.899999999999999911e-01
9.899999999999999911e-01
9.899999999999999911e-01
7.668220820563612650e-01
9.899999999999999911e-01
9.761477678094521160e-01
9.899999999999999911e-01
8.925896610871558723e-01
9.765030547734507849e-01
9.899999999999999911e-01
9.899999999999999911e-01
8.128780483737167994e-01
9.899999999999999911e-01
9.899999999999999911e-01
9.899999999999999911e-01
9.134608323017396891e-01
9.899999999999999911e-01
9.810221974999090433e-01
8.345227251818716496e-01
9.722851629289224196e-01
9.899999999999999911e-01
9.899999999999999911e-01
8.151919490495203036e-01
9.899999999999999911e-01
9.899999999999999911e-01
8.482854831692525632e-01
9.899999999999999911e-01
9.899999999999999911e-01
9.899999999999999911e-01
8.063633465099936393e-01
9.899999999999999911e-01
9.899999999999999911e-01
9.899999999999999911e-01
7.118825677357767390e-01
9.899999999999999911e-01
9.899999999999999911e-01
9.899999999999999911e-01
8.079650974729435386e-01
9.899999999999999911e-01
8.606072984524845149e-01
9.899999999999999911e-01
9.899999999999999911e-01
9.899999999999999911e-01
7.336229792110705583e-01
9.899999999999999911e-01
9.899999999999999911e-01
9.729123096494295408e-01
7.018237497875440267e-01
9.899999999999999911e-01
9.899999999999999911e-01
9.827354235943088767e-01
7.664980718470921772e-01
9.899999999999999911e-01
9.899999999999999911e-01
9.899999999999999911e-01
7.647276245583356502e-01
9.899999999999999911e-01
9.899999999999999911e-01
8.271445804226355003e-01
9.899999999999999911e-01
9.899999999999999911e-01
8.785440191251907560e-01
9.899999999999999911e-01
9.899999999999999911e-01
9.899999999999999911e-01
7.941208264331701683e-01
9.899999999999999911e-01
9.899999999999999911e-01
9.899999999999999911e-01
7.414822633453554968e-01
9.899999999999999911e-01
9.899999999999999911e-01
9.899999999999999911e-01
8.400813365942916278e-01
9.899999999999999911e-01
9.735416452359946238e-01
9.899999999999999911e-01
8.843536585936125904e-01
9.899999999999999911e-01
9.899999999999999911e-01
7.390337782928968480e-01
9.899999999999999911e-01
9.899999999999999911e-01
9.860302435705592394e-01
7.870630272102944192e-01
9.899999999999999911e-01
9.899999999999999911e-01
9.899999999999999911e-01
7.937768710378777515e-01
9.899999999999999911e-01
9.870790630224355322e-01
9.899999999999999911e-01
7.332482711556360666e-01
9.679976243479520015e-01
9.899999999999999911e-01
9.899999999999999911e-01
8.306452810994556790e-01
9.899999999999999911e-01
9.899999999999999911e-01
9.763129040099924882e-01
7.346440492589212390e-01
9.899999999999999911e-01
9.899999999999999911e-01
9.750917883833428723e-01
8.679016638187906363e-01
9.899999999999999911e-01
9.709052321462089408e-01
9.899999999999999911e-01
7.573982047291392128e-01
9.899999999999999911e-01
9.899999999999999911e-01
9.899999999999999911e-01
8.062203914502287239e-01
9.899999999999999911e-01
9.899999999999999911e-01
9.899999999999999911e-01
8.389869251740837974e-01
9.899999999999999911e-01
9.899999999999999911e-01
9.715122068661949939e-01
7.364157125884348565e-01
9.899999999999999911e-01
9.899999999999999911e-01
9.899999999999999911e-01
8.539380576315477311e-01
9.899999999999999911e-01
7.710161459513175108e-01
9.891041045371827822e-01
9.899999999999999911e-01
9.704274806926475039e-01
8.564765786997732278e-01
9.899999999999999911e-01
9.899999999999999911e-01
9.899999999999999911e-01
7.575104465831375977e-01
9.899999999999999911e-01
9.899999999999999911e-01
7.083822778541358778e-01
9.899999999999999911e-01
9.899999999999999911e-01
9.899999999999999911e-01
7.020637839583977469e-01
9.899999999999999911e-01
9.826663564943142193e-01
9.899999999999999911e-01
7.935038708845381095e-01
9.899999999999999911e-01
9.899999999999999911e-01
8.694291562536917706e-01
9.873514601438521110e-01
9.899999999999999911e-01
9.899999999999999911e-01
8.633926752577858466e-01
9.899999999999999911e-01
9.899999999999999911e-01
7.411044361095560085e-01
9.899999999999999911e-01
9.899999999999999911e-01
9.899999999999999911e-01
9.735006022016978733e-01
9.899999999999999911e-01
9.899999999999999911e-01
9.899999999999999911e-01
7.384894453240556933e-01
9.575375887679865583e-01
9.899999999999999911e-01
9.899999999999999911e-01
7.840097622982701298e-01
9.899999999999999911e-01
9.758096939451013085e-01
9.899999999999999911e-01
8.837450780827859065e-01
9.899999999999999911e-01
9.220139684831004656e-01
9.696335018990359655e-01
8.500735166618265115e-01
9.899999999999999911e-01
9.899999999999999911e-01
8.285704443726094048e-01
9.899999999999999911e-01
9.899999999999999911e-01
9.589229270767867241e-01
8.147148995984874187e-01
9.590901694693264590e-01
9.899999999999999911e-01
9.899999999999999911e-01
7.274050813228066792e-01
9.899999999999999911e-01
9.899999999999999911e-01
9.899999999999999911e-01
8.298810356599651827e-01
9.813609383333788960e-01
7.221552928355072787e-01
9.899999999999999911e-01
9.899999999999999911e-01
7.972090246086854792e-01
9.899999999999999911e-01
9.899999999999999911e-01
9.899999999999999911e-01
8.857681365720896371e-01
9.899999999999999911e-01
9.899999999999999911e-01
9.899999999999999911e-01
8.462968592541159074e-01
9.860515572654116045e-01
9.899999999999999911e-01
7.537260890231172183e-01
9.899999999999999911e-01
9.899999999999999911e-01
9.899999999999999911e-01
8.855784119712906133e-01
9.829630916846673339e-01
9.673130766936172131e-01
9.621684632888510835e-01
7.617153039814901216e-01
9.899999999999999911e-01
9.899999999999999911e-01
8.888912192572815396e-01
9.825329971960634623e-01
9.899999999999999911e-01
9.899999999999999911e-01
7.503396785780118705e-01
9.706186291387129961e-01
9.715708155395458290e-01
8.785403154984198215e-01
9.642036699070866135e-01
9.746538571329970146e-01
9.626166388116104145e-01
8.063855305258638140e-01
9.899999999999999911e-01
9.899999999999999911e-01
9.899999999999999911e-01
9.099154503432692609e-01
9.867846423350573604e-01
9.899999999999999911e-01
9.899999999999999911e-01
8.149977515598916256e-01
9.899999999999999911e-01
9.899999999999999911e-01
9.899999999999999911e-01
7.789063189875816695e-01
9.755669965267625976e-01
9.803167584900353004e-01
9.899999999999999911e-01
8.813961808567041256e-01
9.776022335121176132e-01
9.899999999999999911e-01
9.765893437495041240e-01
7.949485007804680814e-01
9.899999999999999911e-01
9.899999999999999911e-01
8.948940991403918632e-01
9.899999999999999911e-01
9.780460419968959318e-01
9.806327588419788688e-01
8.555560802067634363e-01
9.899999999999999911e-01
8.525455148466992705e-01
9.899999999999999911e-01
9.648711176158182301e-01
9.899999999999999911e-01
7.339961137285658799e-01
9.899999999999999911e-01
9.899999999999999911e-01
9.899999999999999911e-01
8.845104504477006024e-01
9.899999999999999911e-01
9.899999999999999911e-01
9.899999999999999911e-01
8.515277261670372022e-01
9.899999999999999911e-01
9.899999999999999911e-01
7.298403421543756542e-01
9.899999999999999911e-01
9.899999999999999911e-01
9.899999999999999911e-01
8.781175041214136501e-01
9.899999999999999911e-01
9.899999999999999911e-01
9.899999999999999911e-01
8.803214632236360249e-01
9.899999999999999911e-01
9.899999999999999911e-01
9.899999999999999911e-01
8.618769881654518850e-01
9.899999999999999911e-01
9.899999999999999911e-01
9.899999999999999911e-01
7.275652871475135619e-01
9.899999999999999911e-01
9.899999999999999911e-01
9.899999999999999911e-01
7.408060047658756586e-01
9.899999999999999911e-01
9.899999999999999911e-01
9.899999999999999911e-01
7.541026172211924283e-01
9.899999999999999911e-01
9.899999999999999911e-01
7.226416262503331245e-01
9.899999999999999911e-01
9.899999999999999911e-01
9.899999999999999911e-01
8.641479581715192371e-01
9.899999999999999911e-01
9.899999999999999911e-01
7.059573460044290538e-01
9.899999999999999911e-01
9.899999999999999911e-01
9.899999999999999911e-01
8.778215955681869520e-01
9.899999999999999911e-01
7.192833385745293073e-01
9.899999999999999911e-01
9.706175716091842709e-01
7.083092649743625291e-01
9.708900005282329326e-01
9.899999999999999911e-01
8.709952624400957299e-01
9.899999999999999911e-01
9.568516019002526463e-01
8.808012005372219955e-01
9.899999999999999911e-01
9.612955441544555057e-01
9.899999999999999911e-01
8.954417997979359223e-01
9.744117740281330597e-01
9.899999999999999911e-01
7.597672826061432350e-01
9.899999999999999911e-01
9.899999999999999911e-01
9.507846006369604641e-01
7.766119267926434588e-01
9.899999999999999911e-01
9.899999999999999911e-01
9.899999999999999911e-01
8.162153254506411271e-01
9.814499115306773991e-01
9.899999999999999911e-01
9.899999999999999911e-01
8.987534841023346877e-01
9.886123694546812279e-01
9.899999999999999911e-01
8.833547560448600233e-01
9.899999999999999911e-01
9.899999999999999911e-01
9.899999999999999911e-01
8.668066181567275486e-01
9.899999999999999911e-01
9.899999999999999911e-01
8.653858827856341085e-01
9.899999999999999911e-01
9.899999999999999911e-01
9.677924269317584871e-01
9.327041206443712484e-01
9.899999999999999911e-01
9.899999999999999911e-01
9.899999999999999911e-01
9.899999999999999911e-01
9.899999999999999911e-01
8.974748147174724799e-01
9.899999999999999911e-01
9.899999999999999911e-01
7.414561792467535550e-01
9.899999999999999911e-01
9.899999999999999911e-01
9.899999999999999911e-01
7.934319579544185652e-01
9.899999999999999911e-01
9.899999999999999911e-01
9.899999999999999911e-01
8.004230447432941764e-01
9.572767630420536689e-01
6.916578379229123552e-01
9.899999999999999911e-01
9.899999999999999911e-01
8.493400471584624523e-01
9.899999999999999911e-01
9.597505719512067213e-01
9.627718022995130909e-01
8.274503018288884570e-01
9.899999999999999911e-01
9.899999999999999911e-01
9.899999999999999911e-01
7.791566871547099815e-01
9.899999999999999911e-01
9.899999999999999911e-01
7.800847124979648495e-01
9.617020838753006506e-01
9.899999999999999911e-01
9.899999999999999911e-01
8.281490190924484240e-01
9.899999999999999911e-01
9.899999999999999911e-01
9.899999999999999911e-01
8.927268634706542194e-01
9.899999999999999911e-01
9.899999999999999911e-01
9.899999999999999911e-01
8.014467065944398394e-01
9.676714601147763384e-01
9.899999999999999911e-01
9.899999999999999911e-01
8.068061255058978087e-01
9.897277587630265439e-01
9.768413679625683743e-01
9.899999999999999911e-01
8.352887179183375865e-01
9.690106967210873057e-01
9.899999999999999911e-01
9.899999999999999911e-01
7.542934058234177508e-01
9.899999999999999911e-01
9.470657756200704380e-01
9.899999999999999911e-01
7.717025309688820833e-01
9.899999999999999911e-01
9.899999999999999911e-01
9.899999999999999911e-01
8.481635811282741688e-01
9.899999999999999911e-01
9.899999999999999911e-01
9.899999999999999911e-01
7.813349240018178099e-01
9.899999999999999911e-01
9.849422738195693361e-01
9.899999999999999911e-01
8.127947838108771084e-01
9.899999999999999911e-01
9.727034490398508426e-01
8.705892836336418528e-01
9.899999999999999911e-01
9.899999999999999911e-01
9.899999999999999911e-01
