9.362995338451596261e-01
9.899999999999999911e-01
9.899999999999999911e-01
9.899999999999997691e-01
7.721567703300752372e-01
9.899999999999999911e-01
9.899999999999999911e-01
9.899999999999999911e-01
8.945838966114944002e-01
9.899999999999999911e-01
9.899999999999999911e-01
9.899999999999999911e-01
8.522585037985999090e-01
9.899999999999999911e-01
9.899999999999999911e-01
9.899999999999999911e-01
9.278515337622932346e-01
9.899999999999999911e-01
9.899999999999999911e-01
9.899999999999999911e-01
8.594769978889803541e-01
9.899999999999999911e-01
9.899999999999999911e-01
9.899999999999999911e-01
9.408991493258415106e-01
9.899999999999999911e-01
9.899999999999999911e-01
9.899999999999999911e-01
9.131268097995148825e-01
9.899999999999999911e-01
9.899999999999999911e-01
9.899999999999999911e-01
9.238357373767208669e-01
9.899999999999999911e-01
9.899999999999999911e-01
9.899999999999999911e-01
9.420211008419639986e-01
9.899999999999999911e-01
9.899999999999999911e-01
9.899999999999999911e-01
9.255749056228103067e-01
9.899999999999999911e-01
9.899999999999999911e-01
9.899999999999999911e-01
9.369928776844825835e-01
9.899999999999999911e-01
9.899999999999999911e-01
9.899999999999999911e-01
9.401448389778870318e-01
9.899999999999999911e-01
9.899999999999999911e-01
9.899999999999999911e-01
9.285479167638140963e-01
9.899999999999999911e-01
9.899999999999999911e-01
9.899999999999999911e-01
7.627365340736764754e-01
9.899999999999999911e-01
9.899999999999999911e-01
9.899999999999999911e-01
8.373884191355972506e-01
9.899999999999999911e-01
9.899999999999999911e-01
9.899999999999999911e-01
7.896373466874201386e-01
9.899999999999999911e-01
9.899999999999999911e-01
9.899999999999999911e-01
8.200432654565729118e-01
9.899999999999999911e-01
9.899999999999999911e-01
9.899999999999999911e-01
9.244928790180997336e-01
9.899999999999999911e-01
9.899999999999999911e-01
9.899999999999999911e-01
9.382950381799355366e-01
9.899999999999999911e-01
9.899999999999997691e-01
9.899999999999999911e-01
8.981517160349835605e-01
9.899999999999999911e-01
9.899999999999999911e-01
9.899999999999999911e-01
8.789963503614348639e-01
9.899999999999999911e-01
9.899999999999999911e-01
9.899999999999999911e-01
9.275745258246574920e-01
9.899999999999999911e-01
9.899999999999999911e-01
9.899999999999999911e-01
8.790654716777561717e-01
9.899999999999999911e-01
9.899999999999999911e-01
9.899999999999999911e-01
8.319138539029419244e-01
9.899999999999999911e-01
9.899999999999999911e-01
9.899999999999999911e-01
8.576673494943386489e-01
9.899999999999999911e-01
9.899999999999999911e-01
9.899999999999999911e-01
8.718088801555691214e-01
9.899999999999999911e-01
9.899999999999999911e-01
9.899999999999999911e-01
8.497913849196916392e-01
9.899999999999999911e-01
8.313313758751723626e-01
9.899999999999999911e-01
9.899999999999999911e-01
9.899999999999999911e-01
9.352682125693325688e-01
9.899999999999999911e-01
7.601265447722483914e-01
9.899999999999999911e-01
9.899999999999999911e-01
9.899999999999999911e-01
8.093748511257036204e-01
9.899999999999999911e-01
9.899999999999999911e-01
9.899999999999999911e-01
7.732579909300325571e-01
9.899999999999999911e-01
9.899999999999999911e-01
9.899999999999999911e-01
7.844120529342792913e-01
9.899999999999999911e-01
9.899999999999999911e-01
9.899999999999999911e-01
8.748288060040231295e-01
9.899999999999999911e-01
9.899999999999999911e-01
9.899999999999999911e-01
8.941833333744473311e-01
9.899999999999999911e-01
9.899999999999999911e-01
9.899999999999999911e-01
8.961006858069046066e-01
9.899999999999999911e-01
9.899999999999999911e-01
8.725310658012289666e-01
9.899999999999999911e-01
9.899999999999999911e-01
9.899999999999999911e-01
8.559291496338682359e-01
9.899999999999999911e-01
9.899999999999999911e-01
9.550867268804018595e-01
9.899999999999999911e-01
9.899999999999999911e-01
9.899999999999999911e-01
8.820404778373629462e-01
9.899999999999999911e-01
9.899999999999999911e-01
9.899999999999999911e-01
9.899999999999999911e-01
9.899999999999999911e-01
9.052644674455682106e-01
9.899999999999999911e-01
9.899999999999999911e-01
9.899999999999999911e-01
9.160685770818534079e-01
9.899999999999999911e-01
9.899999999999999911e-01
9.899999999999999911e-01
9.899999999999999911e-01
9.505260752421588188e-01
9.899999999999999911e-01
9.899999999999999911e-01
9.899999999999999911e-01
9.899999999999999911e-01
8.778505062557876437e-01
9.899999999999999911e-01
9.899999999999999911e-01
9.899999999999999911e-01
9.027614619739083857e-01
9.899999999999999911e-01
9.899999999999999911e-01
9.899999999999999911e-01
9.551694450079656340e-01
9.899999999999999911e-01
9.899999999999999911e-01
9.899999999999999911e-01
9.899999999999999911e-01
9.899999999999999911e-01
9.382461096554087776e-01
9.899999999999999911e-01
9.899999999999999911e-01
9.899999999999999911e-01
8.466490045671902775e-01
9.899999999999999911e-01
9.899999999999999911e-01
9.899999999999999911e-01
8.722874790452906923e-01
9.899999999999999911e-01
9.899999999999999911e-01
9.899999999999999911e-01
7.548875343425561768e-01
9.899999999999999911e-01
9.899999999999999911e-01
9.899999999999999911e-01
9.899999999999999911e-01
9.899999999999999911e-01
9.899999999999999911e-01
9.651655866331454448e-01
9.899999999999999911e-01
9.899999999999999911e-01
9.899999999999999911e-01
9.050728875040112698e-01
9.899999999999999911e-01
9.899999999999999911e-01
9.899999999999999911e-01
7.891096892331644908e-01
9.899999999999999911e-01
9.899999999999999911e-01
9.328138712763628382e-01
9.899999999999999911e-01
9.899999999999999911e-01
8.028975138919277610e-01
9.899999999999999911e-01
9.899999999999999911e-01
9.230574023968681763e-01
9.899999999999999911e-01
9.899999999999999911e-01
9.899999999999999911e-01
7.511517593379249957e-01
9.899999999999999911e-01
9.899999999999999911e-01
9.899999999999999911e-01
9.487876385456315287e-01
9.899999999999999911e-01
9.899999999999999911e-01
9.899999999999999911e-01
7.590499281026996670e-01
9.899999999999999911e-01
9.899999999999999911e-01
9.899999999999999911e-01
7.806456760578525111e-01
9.899999999999999911e-01
9.899999999999999911e-01
9.899999999999999911e-01
8.614380953151116183e-01
9.899999999999999911e-01
9.899999999999999911e-01
9.899999999999999911e-01
8.488151175159174278e-01
8.447090116439244234e-01
9.899999999999999911e-01
9.899999999999999911e-01
9.899999999999999911e-01
8.519643314782527899e-01
9.899999999999999911e-01
9.899999999999999911e-01
9.899999999999999911e-01
8.222621696524187174e-01
9.899999999999999911e-01
9.899999999999999911e-01
9.899999999999999911e-01
8.792372772955077131e-01
9.899999999999999911e-01
9.899999999999999911e-01
9.899999999999999911e-01
9.210878418566623704e-01
9.899999999999999911e-01
9.899999999999999911e-01
9.899999999999999911e-01
8.397833947588259074e-01
9.899999999999999911e-01
9.899999999999999911e-01
9.899999999999999911e-01
9.511572823687860501e-01
9.899999999999999911e-01
9.899999999999999911e-01
9.899999999999999911e-01
8.952370236830942130e-01
9.899999999999999911e-01
9.899999999999999911e-01
9.899999999999999911e-01
9.515599291043829178e-01
9.899999999999999911e-01
9.899999999999999911e-01
9.899999999999999911e-01
7.576035740581106293e-01
9.899999999999999911e-01
9.899999999999999911e-01
9.899999999999999911e-01
9.230685890114467274e-01
9.899999999999999911e-01
9.899999999999999911e-01
9.899999999999999911e-01
9.449987525667986610e-01
9.899999999999999911e-01
9.899999999999999911e-01
9.899999999999999911e-01
7.469635096605139468e-01
9.899999999999999911e-01
9.899999999999999911e-01
9.899999999999999911e-01
8.456464663934789572e-01
9.899999999999999911e-01
9.899999999999999911e-01
9.899999999999999911e-01
8.216770052078107289e-01
9.899999999999999911e-01
9.899999999999999911e-01
9.899999999999999911e-01
9.355366766477295482e-01
9.899999999999999911e-01
9.899999999999999911e-01
9.899999999999999911e-01
8.607821276203445615e-01
9.899999999999999911e-01
9.899999999999999911e-01
9.899999999999999911e-01
7.983916665817342162e-01
9.899999999999999911e-01
9.899999999999999911e-01
9.899999999999999911e-01
8.790691282286113850e-01
9.899999999999999911e-01
9.899999999999999911e-01
9.899999999999999911e-01
8.762595095142464707e-01
9.899999999999999911e-01
9.899999999999999911e-01
9.899999999999999911e-01
8.741714033404404116e-01
9.899999999999999911e-01
9.899999999999999911e-01
9.899999999999999911e-01
8.908234050729849640e-01
9.899999999999999911e-01
9.899999999999999911e-01
9.899999999999999911e-01
9.899999999999999911e-01
9.899999999999999911e-01
9.899999999999999911e-01
9.899999999999999911e-01
8.854232126166597938e-01
9.899999999999999911e-01
9.899999999999999911e-01
9.899999999999999911e-01
8.897414493385041867e-01
9.899999999999999911e-01
9.899999999999999911e-01
9.899999999999999911e-01
9.711565912651588528e-01
9.899999999999999911e-01
9.899999999999999911e-01
9.899999999999999911e-01
8.133466643348900016e-01
9.899999999999999911e-01
9.899999999999999911e-01
9.899999999999999911e-01
9.899999999999999911e-01
7.422936829363160349e-01
9.899999999999999911e-01
9.899999999999999911e-01
9.899999999999999911e-01
7.922860453951504622e-01
9.899999999999999911e-01
9.899999999999999911e-01
9.899999999999999911e-01
9.521140850910703168e-01
9.899999999999999911e-01
9.899999999999999911e-01
9.899999999999999911e-01
9.362040658859801523e-01
9.899999999999999911e-01
9.899999999999999911e-01
7.968094193984077700e-01
9.899999999999999911e-01
9.899999999999999911e-01
9.899999999999999911e-01
9.277442240740086943e-01
9.899999999999999911e-01
9.899999999999999911e-01
9.899999999999999911e-01
7.632566554695092709e-01
9.899999999999999911e-01
9.899999999999999911e-01
9.899999999999999911e-01
9.394031051480814520e-01
9.899999999999999911e-01
9.899999999999999911e-01
8.443126218414364059e-01
9.899999999999999911e-01
9.899999999999999911e-01
9.899999999999999911e-01
8.548200678221544724e-01
9.899999999999999911e-01
9.899999999999999911e-01
9.899999999999999911e-01
7.855060526892537753e-01
9.899999999999999911e-01
9.474733287240795221e-01
9.899999999999999911e-01
9.899999999999999911e-01
9.899999999999999911e-01
7.942566373087878162e-01
9.899999999999999911e-01
9.899999999999999911e-01
9.899999999999999911e-01
8.881724697682197300e-01
9.483474490640971810e-01
9.899999999999999911e-01
9.899999999999999911e-01
9.511279475779527148e-01
9.899999999999999911e-01
9.899999999999999911e-01
9.899999999999999911e-01
8.421593578931145796e-01
9.899999999999999911e-01
9.899999999999999911e-01
9.899999999999999911e-01
9.028957844616547490e-01
9.899999999999999911e-01
9.899999999999999911e-01
9.899999999999999911e-01
7.813677122117077545e-01
9.899999999999999911e-01
9.899999999999999911e-01
9.899999999999999911e-01
9.257989713027497958e-01
9.899999999999999911e-01
9.899999999999999911e-01
9.899999999999999911e-01
9.042023261411138435e-01
9.899999999999999911e-01
9.899999999999999911e-01
9.899999999999999911e-01
7.861405322779838611e-01
9.899999999999999911e-01
9.899999999999999911e-01
9.899999999999999911e-01
8.175673930410763957e-01
9.899999999999999911e-01
9.899999999999999911e-01
9.899999999999999911e-01
9.899999999999999911e-01
9.899999999999999911e-01
9.249549864473429750e-01
9.899999999999999911e-01
9.899999999999999911e-01
9.899999999999999911e-01
8.891931961685614061e-01
9.899999999999999911e-01
9.899999999999999911e-01
9.274831855808881587e-01
9.899999999999999911e-01
9.899999999999999911e-01
9.899999999999999911e-01
8.800334687203067441e-01
9.899999999999999911e-01
8.003697638589032382e-01
9.899999999999999911e-01
9.899999999999999911e-01
9.899999999999999911e-01
9.761048678904232778e-01
9.899999999999999911e-01
9.899999999999997691e-01
9.899999999999999911e-01
8.977273098817296626e-01
9.899999999999999911e-01
9.899999999999999911e-01
9.899999999999999911e-01
8.084921569001870534e-01
9.899999999999999911e-01
9.899999999999999911e-01
9.899999999999999911e-01
7.726679779870102571e-01
9.899999999999999911e-01
9.899999999999999911e-01
9.899999999999999911e-01
9.129061188704298280e-01
9.899999999999999911e-01
9.899999999999999911e-01
9.899999999999999911e-01
8.161092155615273791e-01
9.899999999999999911e-01
9.899999999999999911e-01
9.899999999999999911e-01
9.254156708597570669e-01
9.899999999999999911e-01
9.899999999999999911e-01
9.899999999999999911e-01
8.388603900103394073e-01
9.899999999999999911e-01
9.899999999999999911e-01
9.899999999999999911e-01
7.868106809388707434e-01
9.899999999999999911e-01
9.899999999999999911e-01
9.899999999999999911e-01
9.487939161522289666e-01
9.899999999999999911e-01
9.899999999999999911e-01
9.899999999999999911e-01
7.771267415348079854e-01
9.899999999999999911e-01
9.899999999999999911e-01
9.899999999999999911e-01
9.774313230967125454e-01
9.899999999999999911e-01
9.899999999999999911e-01
9.899999999999999911e-01
8.337464252414643617e-01
9.899999999999999911e-01
9.899999999999999911e-01
9.899999999999999911e-01
9.027539396246757608e-01
9.899999999999999911e-01
9.899999999999999911e-01
9.899999999999999911e-01
7.567116838994105699e-01
9.899999999999999911e-01
9.899999999999999911e-01
9.899999999999999911e-01
9.459098631197607743e-01
9.899999999999999911e-01
9.899999999999999911e-01
9.899999999999999911e-01
8.110080147812376294e-01
9.899999999999999911e-01
9.899999999999999911e-01
9.899999999999999911e-01
8.493151518640161823e-01
9.899999999999999911e-01
9.899999999999999911e-01
9.899999999999999911e-01
8.361850387039564403e-01
9.899999999999999911e-01
9.899999999999999911e-01
9.899999999999999911e-01
7.721948633935239448e-01
9.899999999999999911e-01
9.899999999999999911e-01
9.899999999999999911e-01
8.317566185646861898e-01
9.899999999999999911e-01
9.899999999999999911e-01
9.899999999999999911e-01
7.651077293614645392e-01
9.899999999999999911e-01
9.899999999999999911e-01
9.899999999999999911e-01
8.320721734680629478e-01
9.899999999999999911e-01
9.899999999999999911e-01
9.899999999999999911e-01
9.180130093214255993e-01
9.899999999999999911e-01
9.899999999999999911e-01
7.587019311707358105e-01
9.899999999999999911e-01
9.899999999999999911e-01
9.899999999999999911e-01
7.523112042666459942e-01
8.344008222261239949e-01
9.899999999999999911e-01
9.899999999999999911e-01
9.899999999999999911e-01
9.072282411269353419e-01
9.899999999999999911e-01
9.899999999999999911e-01
9.899999999999999911e-01
8.033781040061283019e-01
9.899999999999999911e-01
9.899999999999999911e-01
9.899999999999999911e-01
7.802365293354537323e-01
9.899999999999999911e-01
9.899999999999999911e-01
9.899999999999999911e-01
7.745277585545849997e-01
9.899999999999999911e-01
9.899999999999999911e-01
9.899999999999999911e-01
8.712495523201666536e-01
9.899999999999999911e-01
9.899999999999999911e-01
9.899999999999999911e-01
7.414869999946487322e-01
9.899999999999999911e-01
9.899999999999999911e-01
9.899999999999999911e-01
8.215973186759881752e-01
9.899999999999999911e-01
9.899999999999999911e-01
9.899999999999999911e-01
8.175932735812008190e-01
9.899999999999999911e-01
9.899999999999999911e-01
9.899999999999999911e-01
9.329961070063087503e-01
9.899999999999999911e-01
9.899999999999999911e-01
9.899999999999999911e-01
8.471682111230389722e-01
9.899999999999999911e-01
9.899999999999999911e-01
9.899999999999999911e-01
9.363937498525976011e-01
9.899999999999999911e-01
9.899999999999999911e-01
8.757858811026794088e-01
9.899999999999999911e-01
9.899999999999999911e-01
9.899999999999999911e-01
8.424310157446912584e-01
9.899999999999999911e-01
9.899999999999999911e-01
8.829564321539006277e-01
9.899999999999999911e-01
9.899999999999999911e-01
9.899999999999999911e-01
8.493999438512224165e-01
9.899999999999999911e-01
9.899999999999999911e-01
9.899999999999999911e-01
7.559095328044397322e-01
9.899999999999999911e-01
9.899999999999999911e-01
9.899999999999999911e-01
8.372197513861285856e-01
9.899999999999999911e-01
9.025881911667964497e-01
9.899999999999999911e-01
9.899999999999999911e-01
9.899999999999999911e-01
7.813921150560880768e-01
9.899999999999999911e-01
9.899999999999999911e-01
9.899999999999999911e-01
7.529420217829180251e-01
9.899999999999999911e-01
9.899999999999999911e-01
9.899999999999999911e-01
8.128149801783247641e-01
9.899999999999999911e-01
9.899999999999999911e-01
9.899999999999999911e-01
8.090503307250423992e-01
9.899999999999999911e-01
9.899999999999999911e-01
8.683983327764618343e-01
9.899999999999999911e-01
9.899999999999999911e-01
9.244166316457822496e-01
9.899999999999999911e-01
9.899999999999999911e-01
9.899999999999999911e-01
8.417781301394844373e-01
9.899999999999999911e-01
9.899999999999999911e-01
9.899999999999999911e-01
7.901224489691162089e-01
9.899999999999999911e-01
9.899999999999999911e-01
9.899999999999999911e-01
8.882896581410992809e-01
9.899999999999999911e-01
9.899999999999999911e-01
9.899999999999999911e-01
9.349711146937840223e-01
9.899999999999999911e-01
9.899999999999999911e-01
7.884178460839406100e-01
9.899999999999999911e-01
9.899999999999999911e-01
9.899999999999999911e-01
8.366881968884848364e-01
9.899999999999999911e-01
9.899999999999999911e-01
9.899999999999999911e-01
8.433751617365587983e-01
9.899999999999999911e-01
9.899999999999999911e-01
9.899999999999999911e-01
7.832739292134720532e-01
9.899999999999999911e-01
9.899999999999999911e-01
9.899999999999999911e-01
8.799125691182706488e-01
9.899999999999999911e-01
9.899999999999999911e-01
9.899999999999999911e-01
7.800004230241802672e-01
9.899999999999999911e-01
9.899999999999999911e-01
9.899999999999999911e-01
9.184248590264976198e-01
9.899999999999999911e-01
9.899999999999999911e-01
9.899999999999999911e-01
8.026782571533020993e-01
9.899999999999999911e-01
9.899999999999999911e-01
9.899999999999999911e-01
8.552032994701940227e-01
9.899999999999999911e-01
9.899999999999999911e-01
9.899999999999999911e-01
8.859952376208001246e-01
9.899999999999999911e-01
9.899999999999999911e-01
9.899999999999999911e-01
7.829498570964101845e-01
9.899999999999999911e-01
9.899999999999999911e-01
9.899999999999999911e-01
8.860516266832959564e-01
9.899999999999999911e-01
8.214527584760284995e-01
9.899999999999999911e-01
9.899999999999999911e-01
9.899999999999999911e-01
9.049604384850957750e-01
9.899999999999999911e-01
9.899999999999999911e-01
9.899999999999999911e-01
8.075213699111029042e-01
9.899999999999999911e-01
9.899999999999999911e-01
7.550371563314742795e-01
9.899999999999999911e-01
9.899999999999999911e-01
9.899999999999999911e-01
7.527841548485402212e-01
9.899999999999999911e-01
9.899999999999999911e-01
9.899999999999999911e-01
8.439067168437672795e-01
9.899999999999999911e-01
9.899999999999999911e-01
9.155225201878863794e-01
9.899999999999999911e-01
9.899999999999999911e-01
9.899999999999999911e-01
9.118748550225365124e-01
9.899999999999999911e-01
9.899999999999999911e-01
7.870190594889270308e-01
9.899999999999999911e-01
9.899999999999999911e-01
9.899999999999999911e-01
9.759544084706925915e-01
9.899999999999999911e-01
9.899999999999999911e-01
9.899999999999999911e-01
7.841631227707374086e-01
9.899999999999999911e-01
9.899999999999999911e-01
9.899999999999999911e-01
8.294988866561332497e-01
9.899999999999999911e-01
9.899999999999999911e-01
9.899999999999999911e-01
9.317237564774800695e-01
9.899999999999999911e-01
9.899999999999999911e-01
9.899999999999999911e-01
8.769600837731222898e-01
9.899999999999999911e-01
9.899999999999999911e-01
8.765274332515978761e-01
9.899999999999999911e-01
9.899999999999999911e-01
9.899999999999999911e-01
8.607715314315077526e-01
9.899999999999999911e-01
9.899999999999999911e-01
9.899999999999999911e-01
7.772400163855298638e-01
9.899999999999999911e-01
9.899999999999999911e-01
9.899999999999999911e-01
8.546390121345042168e-01
9.899999999999999911e-01
7.628649087439470788e-01
9.899999999999999911e-01
9.899999999999999911e-01
8.468989212165964897e-01
9.899999999999999911e-01
9.899999999999999911e-01
9.899999999999999911e-01
9.320729038204139671e-01
9.899999999999999911e-01
9.899999999999999911e-01
9.899999999999999911e-01
8.963572112207788267e-01
9.899999999999999911e-01
9.899999999999999911e-01
7.999158158855104173e-01
9.899999999999999911e-01
9.899999999999999911e-01
9.899999999999999911e-01
9.325947622867104547e-01
9.899999999999999911e-01
9.899999999999999911e-01
9.899999999999999911e-01
8.120353542408891290e-01
9.899999999999999911e-01
9.899999999999999911e-01
9.396968334913775589e-01
9.899999999999999911e-01
9.899999999999999911e-01
9.899999999999999911e-01
7.865255360234351123e-01
9.899999999999999911e-01
9.899999999999999911e-01
9.266313291717674927e-01
9.899999999999999911e-01
9.899999999999999911e-01
9.899999999999999911e-01
8.520309412612211419e-01
9.899999999999999911e-01
9.899999999999999911e-01
9.899999999999999911e-01
9.344509006595304035e-01
9.899999999999999911e-01
9.899999999999999911e-01
9.899999999999999911e-01
8.653660287154146813e-01
9.899999999999999911e-01
9.899999999999999911e-01
9.899999999999999911e-01
8.266059654710359306e-01
9.899999999999999911e-01
9.899999999999999911e-01
9.899999999999999911e-01
9.282046690398197963e-01
9.899999999999999911e-01
9.899999999999999911e-01
9.899999999999999911e-01
8.443871340852137086e-01
9.899999999999999911e-01
9.899999999999999911e-01
9.455143667816648945e-01
9.899999999999999911e-01
9.899999999999999911e-01
9.899999999999999911e-01
8.933038312514206547e-01
9.899999999999999911e-01
9.033647237531468033e-01
9.899999999999999911e-01
9.899999999999999911e-01
9.899999999999999911e-01
7.840058010458406113e-01
9.899999999999999911e-01
9.899999999999999911e-01
9.899999999999999911e-01
9.325469451601243742e-01
9.899999999999999911e-01
9.899999999999999911e-01
9.899999999999999911e-01
8.944415371997650466e-01
9.899999999999999911e-01
9.899999999999999911e-01
7.808470631100028481e-01
9.899999999999999911e-01
9.899999999999999911e-01
9.899999999999999911e-01
9.261465537444498741e-01
9.899999999999999911e-01
9.899999999999999911e-01
9.899999999999999911e-01
9.295929632528294739e-01
9.899999999999999911e-01
9.899999999999999911e-01
9.899999999999999911e-01
8.814815016500109346e-01
9.899999999999999911e-01
9.899999999999999911e-01
9.899999999999999911e-01
7.770695447754507601e-01
9.899999999999999911e-01
9.899999999999999911e-01
9.899999999999999911e-01
7.908773447913384214e-01
9.899999999999999911e-01
9.899999999999999911e-01
9.899999999999999911e-01
7.993693100013421482e-01
9.899999999999999911e-01
9.899999999999999911e-01
7.705863453273168462e-01
9.899999999999999911e-01
9.899999999999999911e-01
9.899999999999999911e-01
9.113209079419641867e-01
9.899999999999999911e-01
9.899999999999999911e-01
7.527114434575187252e-01
9.899999999999999911e-01
9.899999999999999911e-01
9.899999999999999911e-01
9.285971943285210584e-01
9.899999999999999911e-01
7.668239458681376242e-01
9.899999999999999911e-01
9.899999999999999911e-01
7.581798668593334734e-01
9.899999999999999911e-01
9.899999999999999911e-01
9.184853137214719077e-01
9.899999999999999911e-01
9.899999999999999911e-01
9.296841446535432096e-01
9.899999999999999911e-01
9.899999999999999911e-01
9.899999999999999911e-01
9.463134806270641075e-01
9.899999999999999911e-01
9.899999999999999911e-01
8.012664429742101246e-01
9.899999999999999911e-01
9.899999999999999911e-01
9.899999999999999911e-01
8.264363149399718278e-01
9.899999999999999911e-01
9.899999999999999911e-01
9.899999999999999911e-01
8.622375718988122273e-01
9.899999999999999911e-01
9.899999999999999911e-01
9.899999999999999911e-01
9.446265217217840737e-01
9.899999999999999911e-01
9.899999999999999911e-01
8.999717517362868513e-01
9.899999999999999911e-01
9.899999999999999911e-01
9.899999999999999911e-01
8.975149307523327957e-01
9.899999999999999911e-01
9.899999999999999911e-01
9.122633122977872322e-01
9.899999999999999911e-01
9.899999999999999911e-01
9.899999999999999911e-01
9.570097672682656986e-01
9.899999999999999911e-01
9.899999999999999911e-01
9.899999999999999911e-01
9.899999999999999911e-01
9.899999999999999911e-01
9.176040873630140204e-01
9.899999999999999911e-01
9.899999999999999911e-01
7.911430724950837545e-01
9.899999999999999911e-01
9.899999999999999911e-01
9.899999999999999911e-01
8.390232202742153866e-01
9.899999999999999911e-01
9.899999999999999911e-01
9.899999999999999911e-01
8.355449903016531898e-01
9.899999999999999911e-01
7.412469431363388761e-01
9.899999999999999911e-01
9.899999999999999911e-01
8.952384884749705618e-01
9.899999999999999911e-01
9.899999999999999911e-01
9.899999999999999911e-01
8.739211906879146285e-01
9.899999999999999911e-01
9.899999999999999911e-01
9.899999999999999911e-01
8.288481865432789641e-01
9.899999999999999911e-01
9.899999999999999911e-01
8.255910634625415190e-01
9.899999999999999911e-01
9.899999999999999911e-01
9.899999999999999911e-01
8.780339357731340444e-01
9.899999999999999911e-01
9.899999999999999911e-01
9.899999999999999911e-01
9.401125585882346147e-01
9.899999999999999911e-01
9.899999999999999911e-01
9.899999999999999911e-01
8.519864645171987272e-01
9.899999999999999911e-01
9.899999999999999911e-01
9.899999999999999911e-01
8.571067405657585292e-01
9.899999999999999911e-01
9.899999999999999911e-01
9.899999999999999911e-01
8.804544435799955826e-01
9.899999999999999911e-01
9.899999999999999911e-01
9.899999999999999911e-01
8.047527293930174519e-01
9.899999999999999911e-01
9.899999999999999911e-01
9.899999999999999911e-01
8.177955311757663104e-01
9.899999999999999911e-01
9.899999999999999911e-01
9.899999999999999911e-01
8.939780416985488865e-01
9.899999999999999911e-01
9.899999999999999911e-01
9.899999999999999911e-01
8.268234445918031250e-01
9.899999999999999911e-01
9.899999999999999911e-01
9.899999999999999911e-01
8.402861136936345954e-01
9.899999999999999911e-01
9.899999999999999911e-01
8.951787308204997018e-01
9.899999999999999911e-01
9.899999999999999911e-01
9.899999999999999911e-01
