9.346202527059480625e-01
9.899999999999999911e-01
9.899999999999999911e-01
9.899999999999997691e-01
7.685073916566762531e-01
9.899999999999999911e-01
9.899999999999999911e-01
9.899999999999999911e-01
8.925715579257379462e-01
9.899999999999999911e-01
9.899999999999999911e-01
9.899999999999999911e-01
8.486443104469265641e-01
9.899999999999999911e-01
9.899999999999999911e-01
9.899999999999999911e-01
9.239771335899288340e-01
9.899999999999999911e-01
9.899999999999999911e-01
9.899999999999999911e-01
8.558838797564921608e-01
9.899999999999999911e-01
9.899999999999999911e-01
9.899999999999999911e-01
9.368572056296269324e-01
9.899999999999999911e-01
9.899999999999999911e-01
9.899999999999999911e-01
9.090867153692239189e-01
9.899999999999999911e-01
9.899999999999999911e-01
9.899999999999999911e-01
9.198120164704061130e-01
9.899999999999999911e-01
9.899999999999999911e-01
9.899999999999999911e-01
9.384614104277185787e-01
9.899999999999999911e-01
9.899999999999999911e-01
9.899999999999999911e-01
9.215494115748688042e-01
9.899999999999999911e-01
9.899999999999999911e-01
9.899999999999999911e-01
9.338236863335195315e-01
9.899999999999999911e-01
9.899999999999999911e-01
9.899999999999999911e-01
9.365333996178732967e-01
9.899999999999999911e-01
9.899999999999999911e-01
9.899999999999999911e-01
9.247489979756730039e-01
9.899999999999999911e-01
9.899999999999999911e-01
9.899999999999999911e-01
7.591447966633041444e-01
9.899999999999999911e-01
9.899999999999999911e-01
9.899999999999999911e-01
8.334997286630052571e-01
9.899999999999999911e-01
9.899999999999999911e-01
9.899999999999999911e-01
7.859487241945353198e-01
9.899999999999999911e-01
9.899999999999999911e-01
9.899999999999999911e-01
8.164272488384067827e-01
9.899999999999999911e-01
9.899999999999999911e-01
9.899999999999999911e-01
9.208283519899038705e-01
9.899999999999999911e-01
9.899999999999999911e-01
9.899999999999999911e-01
9.359749754557744605e-01
9.899999999999999911e-01
9.899999999999998801e-01
9.899999999999999911e-01
8.954070930146591500e-01
9.899999999999999911e-01
9.899999999999999911e-01
9.899999999999999911e-01
8.753769111793728852e-01
9.899999999999999911e-01
9.899999999999999911e-01
9.899999999999999911e-01
9.239475147820479517e-01
9.899999999999999911e-01
9.899999999999999911e-01
9.899999999999999911e-01
8.753771808093513407e-01
9.899999999999999911e-01
9.899999999999999911e-01
9.899999999999999911e-01
8.279005681793297766e-01
9.899999999999999911e-01
9.899999999999999911e-01
9.899999999999999911e-01
8.537125775790396220e-01
9.899999999999999911e-01
9.899999999999999911e-01
9.899999999999999911e-01
8.680438391528992881e-01
9.899999999999999911e-01
9.899999999999999911e-01
9.899999999999999911e-01
8.462422525327724099e-01
9.899999999999999911e-01
8.273824706128113382e-01
9.899999999999999911e-01
9.899999999999999911e-01
9.899999999999999911e-01
9.321108971538187848e-01
9.899999999999999911e-01
7.564747498436944495e-01
9.899999999999999911e-01
9.899999999999999911e-01
9.899999999999999911e-01
8.056034008585086781e-01
9.899999999999999911e-01
9.899999999999999911e-01
9.899999999999999911e-01
7.692083470832554726e-01
9.899999999999999911e-01
9.899999999999999911e-01
9.899999999999999911e-01
7.805252516691743025e-01
9.899999999999999911e-01
9.899999999999999911e-01
9.899999999999999911e-01
8.707988519695796237e-01
9.899999999999999911e-01
9.899999999999999911e-01
9.899999999999999911e-01
8.905569085278073338e-01
9.899999999999999911e-01
9.899999999999999911e-01
9.899999999999999911e-01
8.942454185070545236e-01
9.899999999999999911e-01
9.899999999999999911e-01
8.701376515500324205e-01
9.899999999999999911e-01
9.899999999999999911e-01
9.899999999999999911e-01
8.535542442350341208e-01
9.899999999999999911e-01
9.899999999999999911e-01
9.540441543691220438e-01
9.899999999999999911e-01
9.899999999999999911e-01
9.899999999999999911e-01
8.791861906374436320e-01
9.899999999999999911e-01
9.899999999999999911e-01
9.899999999999999911e-01
9.899999999999999911e-01
9.899999999999999911e-01
9.026933345496550576e-01
9.899999999999999911e-01
9.899999999999999911e-01
9.899999999999999911e-01
9.131231781096206257e-01
9.899999999999999911e-01
9.899999999999999911e-01
9.899999999999999911e-01
9.899999999999999911e-01
9.471404529458605781e-01
9.899999999999999911e-01
9.899999999999999911e-01
9.899999999999999911e-01
9.899999999999999911e-01
8.749789019403619861e-01
9.899999999999999911e-01
9.899999999999999911e-01
9.899999999999999911e-01
9.002988194986882853e-01
9.899999999999999911e-01
9.899999999999999911e-01
9.899999999999999911e-01
9.520849986107694507e-01
9.899999999999999911e-01
9.899999999999999911e-01
9.899999999999999911e-01
9.899999999999999911e-01
9.899999999999999911e-01
9.350856101377837959e-01
9.899999999999999911e-01
9.899999999999999911e-01
9.899999999999999911e-01
8.436530920579853321e-01
9.899999999999999911e-01
9.899999999999999911e-01
9.899999999999999911e-01
8.682407271707509588e-01
9.899999999999999911e-01
9.899999999999999911e-01
9.899999999999999911e-01
7.509424015810336472e-01
9.899999999999999911e-01
9.899999999999999911e-01
9.899999999999999911e-01
9.899999999999999911e-01
9.899999999999999911e-01
9.899999999999999911e-01
9.643267573970217832e-01
9.899999999999999911e-01
9.899999999999999911e-01
9.899999999999999911e-01
9.014078740774438270e-01
9.899999999999999911e-01
9.899999999999999911e-01
9.899999999999999911e-01
7.858051282887308364e-01
9.899999999999999911e-01
9.899999999999999911e-01
9.299118650866649016e-01
9.899999999999999911e-01
9.899999999999999911e-01
7.994710644968326951e-01
9.899999999999999911e-01
9.899999999999999911e-01
9.200432249442274113e-01
9.899999999999999911e-01
9.899999999999999911e-01
9.899999999999999911e-01
7.473577508075596176e-01
9.899999999999999911e-01
9.899999999999999911e-01
9.899999999999999911e-01
9.462596314427775823e-01
9.899999999999999911e-01
9.899999999999999911e-01
9.899999999999999911e-01
7.552513398265439104e-01
9.899999999999999911e-01
9.899999999999999911e-01
9.899999999999999911e-01
7.766193363055728938e-01
9.899999999999999911e-01
9.899999999999999911e-01
9.899999999999999911e-01
8.574001268595546899e-01
9.899999999999999911e-01
9.899999999999999911e-01
9.899999999999999911e-01
8.458967630940338323e-01
8.407074509514831373e-01
9.899999999999999911e-01
9.899999999999999911e-01
9.899999999999999911e-01
8.481850455818154000e-01
9.899999999999999911e-01
9.899999999999999911e-01
9.899999999999999911e-01
8.186678643452826032e-01
9.899999999999999911e-01
9.899999999999999911e-01
9.899999999999999911e-01
8.756332783987995638e-01
9.899999999999999911e-01
9.899999999999999911e-01
9.899999999999999911e-01
9.173933403913224760e-01
9.899999999999999911e-01
9.899999999999999911e-01
9.899999999999999911e-01
8.361388798456550475e-01
9.899999999999999911e-01
9.899999999999999911e-01
9.899999999999999911e-01
9.475513646361652942e-01
9.899999999999999911e-01
9.899999999999999911e-01
9.899999999999999911e-01
8.929842094303974687e-01
9.899999999999999911e-01
9.899999999999999911e-01
9.899999999999999911e-01
9.477272203463418254e-01
9.899999999999999911e-01
9.899999999999999911e-01
9.899999999999999911e-01
7.538323893488237948e-01
9.899999999999999911e-01
9.899999999999999911e-01
9.899999999999999911e-01
9.194064284212918325e-01
9.899999999999999911e-01
9.899999999999999911e-01
9.899999999999999911e-01
9.410325924079809834e-01
9.899999999999999911e-01
9.899999999999999911e-01
9.899999999999999911e-01
7.429213846759191719e-01
9.899999999999999911e-01
9.899999999999999911e-01
9.899999999999999911e-01
8.416823014265982783e-01
9.899999999999999911e-01
9.899999999999999911e-01
9.899999999999999911e-01
8.180532599380798686e-01
9.899999999999999911e-01
9.899999999999999911e-01
9.899999999999999911e-01
9.318862412516669691e-01
9.899999999999999911e-01
9.899999999999999911e-01
9.899999999999999911e-01
8.570182737231019088e-01
9.899999999999999911e-01
9.899999999999999911e-01
9.899999999999999911e-01
7.944513007462419285e-01
9.899999999999999911e-01
9.899999999999999911e-01
9.899999999999999911e-01
8.753490889046383616e-01
9.899999999999999911e-01
9.899999999999999911e-01
9.899999999999999911e-01
8.726713805333440321e-01
9.899999999999999911e-01
9.899999999999999911e-01
9.899999999999999911e-01
8.701532830901704818e-01
9.899999999999999911e-01
9.899999999999999911e-01
9.899999999999999911e-01
8.867769986971347773e-01
9.899999999999999911e-01
9.899999999999999911e-01
9.899999999999999911e-01
9.899999999999999911e-01
9.899999999999999911e-01
9.899999999999999911e-01
9.899999999999999911e-01
8.827967039243300729e-01
9.899999999999999911e-01
9.899999999999999911e-01
9.899999999999999911e-01
8.857132781669008192e-01
9.899999999999999911e-01
9.899999999999999911e-01
9.899999999999999911e-01
9.706330571056632772e-01
9.899999999999999911e-01
9.899999999999999911e-01
9.899999999999999911e-01
8.103318344816466956e-01
9.899999999999999911e-01
9.899999999999999911e-01
9.899999999999999911e-01
9.899999999999999911e-01
7.383371817711441576e-01
9.899999999999999911e-01
9.899999999999999911e-01
9.899999999999999911e-01
7.888147409319049563e-01
9.899999999999999911e-01
9.899999999999999911e-01
9.899999999999999911e-01
9.485293011904482041e-01
9.899999999999999911e-01
9.899999999999999911e-01
9.899999999999999911e-01
9.322726123977077561e-01
9.899999999999999911e-01
9.899999999999999911e-01
7.927677236078335410e-01
9.899999999999999911e-01
9.899999999999999911e-01
9.899999999999999911e-01
9.238731112530227385e-01
9.899999999999999911e-01
9.899999999999999911e-01
9.899999999999999911e-01
7.596460712357342437e-01
9.899999999999999911e-01
9.899999999999999911e-01
9.899999999999999911e-01
9.360715504501707640e-01
9.899999999999999911e-01
9.899999999999999911e-01
8.402776132005698173e-01
9.899999999999999911e-01
9.899999999999999911e-01
9.899999999999999911e-01
8.511856341249932623e-01
9.899999999999999911e-01
9.899999999999999911e-01
9.899999999999999911e-01
7.820279979448694352e-01
9.899999999999999911e-01
9.457150275755816793e-01
9.899999999999999911e-01
9.899999999999999911e-01
9.899999999999999911e-01
7.906604872552160934e-01
9.899999999999999911e-01
9.899999999999999911e-01
9.899999999999999911e-01
8.845082672070487817e-01
9.444375177839299251e-01
9.899999999999999911e-01
9.899999999999999911e-01
9.474740769673728469e-01
9.899999999999999911e-01
9.899999999999999911e-01
9.899999999999999911e-01
8.384721092789245711e-01
9.899999999999999911e-01
9.899999999999999911e-01
9.899999999999999911e-01
8.992981169580502865e-01
9.899999999999999911e-01
9.899999999999999911e-01
9.899999999999999911e-01
7.773324683035363059e-01
9.899999999999999911e-01
9.899999999999999911e-01
9.899999999999999911e-01
9.220444432729792972e-01
9.899999999999999911e-01
9.899999999999999911e-01
9.899999999999999911e-01
9.006077568677393064e-01
9.899999999999999911e-01
9.899999999999999911e-01
9.899999999999999911e-01
7.821731373649037922e-01
9.899999999999999911e-01
9.899999999999999911e-01
9.899999999999999911e-01
8.138055898104751273e-01
9.899999999999999911e-01
9.899999999999999911e-01
9.899999999999999911e-01
9.899999999999999911e-01
9.899999999999999911e-01
9.220612896898532362e-01
9.899999999999999911e-01
9.899999999999999911e-01
9.899999999999999911e-01
8.860234578173276088e-01
9.899999999999999911e-01
9.899999999999999911e-01
9.236766817228522219e-01
9.899999999999999911e-01
9.899999999999999911e-01
9.899999999999999911e-01
8.770095853046826484e-01
9.899999999999999911e-01
7.963824238651311394e-01
9.899999999999999911e-01
9.899999999999999911e-01
9.899999999999999911e-01
9.756673670949463917e-01
9.899999999999999911e-01
9.899999999999999911e-01
9.899999999999999911e-01
8.938238352353594651e-01
9.899999999999999911e-01
9.899999999999999911e-01
9.899999999999999911e-01
8.044997235547529657e-01
9.899999999999999911e-01
9.899999999999999911e-01
9.899999999999999911e-01
7.686183703556113134e-01
9.899999999999999911e-01
9.899999999999999911e-01
9.899999999999999911e-01
9.098017748908031610e-01
9.899999999999999911e-01
9.899999999999999911e-01
9.899999999999999911e-01
8.120711414064591960e-01
9.899999999999999911e-01
9.899999999999999911e-01
9.899999999999999911e-01
9.214965903600437214e-01
9.899999999999999911e-01
9.899999999999999911e-01
9.899999999999999911e-01
8.349015379983442120e-01
9.899999999999999911e-01
9.899999999999999911e-01
9.899999999999999911e-01
7.832954121538311387e-01
9.899999999999999911e-01
9.899999999999999911e-01
9.899999999999999911e-01
9.452028913488071948e-01
9.899999999999999911e-01
9.899999999999999911e-01
9.899999999999999911e-01
7.731092246807402812e-01
9.899999999999999911e-01
9.899999999999999911e-01
9.899999999999999911e-01
9.770795604798627743e-01
9.899999999999999911e-01
9.899999999999999911e-01
9.899999999999999911e-01
8.304912368452250782e-01
9.899999999999999911e-01
9.899999999999999911e-01
9.899999999999999911e-01
9.000509676506420753e-01
9.899999999999999911e-01
9.899999999999999911e-01
9.899999999999999911e-01
7.529024445132602716e-01
9.899999999999999911e-01
9.899999999999999911e-01
9.899999999999999911e-01
9.419328539153180024e-01
9.899999999999999911e-01
9.899999999999999911e-01
9.899999999999999911e-01
8.077577187071821596e-01
9.899999999999999911e-01
9.899999999999999911e-01
9.899999999999999911e-01
8.453596524815853996e-01
9.899999999999999911e-01
9.899999999999999911e-01
9.899999999999999911e-01
8.321527284565173321e-01
9.899999999999999911e-01
9.899999999999999911e-01
9.899999999999999911e-01
7.684853577603887320e-01
9.899999999999999911e-01
9.899999999999999911e-01
9.899999999999999911e-01
8.277499008701572070e-01
9.899999999999999911e-01
9.899999999999999911e-01
9.899999999999999911e-01
7.610617330936837455e-01
9.899999999999999911e-01
9.899999999999999911e-01
9.899999999999999911e-01
8.282370299879067144e-01
9.899999999999999911e-01
9.899999999999999911e-01
9.899999999999999911e-01
9.148023164638448002e-01
9.899999999999999911e-01
9.899999999999999911e-01
7.546996102242014004e-01
9.899999999999999911e-01
9.899999999999999911e-01
9.899999999999999911e-01
7.485367533524905914e-01
8.304096045579733021e-01
9.899999999999999911e-01
9.899999999999999911e-01
9.899999999999999911e-01
9.055882199439804214e-01
9.899999999999999911e-01
9.899999999999999911e-01
9.899999999999999911e-01
7.994689355678815668e-01
9.899999999999999911e-01
9.899999999999999911e-01
9.899999999999999911e-01
7.766565027594451998e-01
9.899999999999999911e-01
9.899999999999999911e-01
9.899999999999999911e-01
7.708883596113006442e-01
9.899999999999999911e-01
9.899999999999999911e-01
9.899999999999999911e-01
8.672019249942225505e-01
9.899999999999999911e-01
9.899999999999999911e-01
9.899999999999999911e-01
7.375412503342519965e-01
9.899999999999999911e-01
9.899999999999999911e-01
9.899999999999999911e-01
8.175623979967217014e-01
9.899999999999999911e-01
9.899999999999999911e-01
9.899999999999999911e-01
8.135757412901353236e-01
9.899999999999999911e-01
9.899999999999999911e-01
9.899999999999999911e-01
9.295958832758666190e-01
9.899999999999999911e-01
9.899999999999999911e-01
9.899999999999999911e-01
8.440283921404059253e-01
9.899999999999999911e-01
9.899999999999999911e-01
9.899999999999999911e-01
9.343440186920706214e-01
9.899999999999999911e-01
9.899999999999999911e-01
8.722206539416094140e-01
9.899999999999999911e-01
9.899999999999999911e-01
9.899999999999999911e-01
8.397879926202738154e-01
9.899999999999999911e-01
9.899999999999999911e-01
8.798680151393377669e-01
9.899999999999999911e-01
9.899999999999999911e-01
9.899999999999999911e-01
8.456805050545634916e-01
9.899999999999999911e-01
9.899999999999999911e-01
9.899999999999999911e-01
7.520313847692279285e-01
9.899999999999999911e-01
9.899999999999999911e-01
9.899999999999999911e-01
8.344167822583031802e-01
9.899999999999999911e-01
8.990195597475850731e-01
9.899999999999999911e-01
9.899999999999999911e-01
9.899999999999999911e-01
7.773782966083496726e-01
9.899999999999999911e-01
9.899999999999999911e-01
9.899999999999999911e-01
7.491899507252312018e-01
9.899999999999999911e-01
9.899999999999999911e-01
9.899999999999999911e-01
8.092281353754440243e-01
9.899999999999999911e-01
9.899999999999999911e-01
9.899999999999999911e-01
8.052083507079454971e-01
9.899999999999999911e-01
9.899999999999999911e-01
8.648214889041987430e-01
9.899999999999999911e-01
9.899999999999999911e-01
9.208068594975595822e-01
9.899999999999999911e-01
9.899999999999999911e-01
9.899999999999999911e-01
8.378022681386748660e-01
9.899999999999999911e-01
9.899999999999999911e-01
9.899999999999999911e-01
7.864955451278787812e-01
9.899999999999999911e-01
9.899999999999999911e-01
9.899999999999999911e-01
8.846158030651701809e-01
9.899999999999999911e-01
9.899999999999999911e-01
9.899999999999999911e-01
9.309248100788505287e-01
9.899999999999999911e-01
9.899999999999999911e-01
7.847424279999112295e-01
9.899999999999999911e-01
9.899999999999999911e-01
9.899999999999999911e-01
8.329393131681702700e-01
9.899999999999999911e-01
9.899999999999999911e-01
9.899999999999999911e-01
8.393316677347315569e-01
9.899999999999999911e-01
9.899999999999999911e-01
9.899999999999999911e-01
7.792264909756052571e-01
9.899999999999999911e-01
9.899999999999997691e-01
9.899999999999999911e-01
8.759344799414831018e-01
9.899999999999999911e-01
9.899999999999999911e-01
9.899999999999999911e-01
7.763488614286259137e-01
9.899999999999999911e-01
9.899999999999999911e-01
9.899999999999999911e-01
9.144752882351986356e-01
9.899999999999999911e-01
9.899999999999999911e-01
9.899999999999999911e-01
7.989508989940438122e-01
9.899999999999999911e-01
9.899999999999999911e-01
9.899999999999999911e-01
8.512187578041479075e-01
9.899999999999999911e-01
9.899999999999999911e-01
9.899999999999999911e-01
8.821180328253849234e-01
9.899999999999999911e-01
9.899999999999999911e-01
9.899999999999999911e-01
7.793678026564329064e-01
9.899999999999999911e-01
9.899999999999999911e-01
9.899999999999999911e-01
8.831581216407139445e-01
9.899999999999999911e-01
8.176179120683740864e-01
9.899999999999999911e-01
9.899999999999999911e-01
9.899999999999999911e-01
9.009866125196600573e-01
9.899999999999999911e-01
9.899999999999999911e-01
9.899999999999999911e-01
8.034729734896851605e-01
9.899999999999999911e-01
9.899999999999999911e-01
7.510546845090493306e-01
9.899999999999999911e-01
9.899999999999999911e-01
9.899999999999999911e-01
7.490046006688644287e-01
9.899999999999999911e-01
9.899999999999999911e-01
9.899999999999999911e-01
8.400480643139736081e-01
9.899999999999999911e-01
9.899999999999999911e-01
9.119320750573538525e-01
9.899999999999999911e-01
9.899999999999999911e-01
9.899999999999999911e-01
9.079053751044736664e-01
9.899999999999999911e-01
9.899999999999999911e-01
7.834603126144303875e-01
9.899999999999999911e-01
9.899999999999999911e-01
9.899999999999999911e-01
9.756976419411691470e-01
9.899999999999999911e-01
9.899999999999999911e-01
9.899999999999999911e-01
7.805438022968884670e-01
9.899999999999999911e-01
9.899999999999999911e-01
9.899999999999999911e-01
8.258034954889541535e-01
9.899999999999999911e-01
9.899999999999999911e-01
9.899999999999999911e-01
9.278147353789309992e-01
9.899999999999999911e-01
9.899999999999999911e-01
9.899999999999999911e-01
8.744339548423742947e-01
9.899999999999999911e-01
9.899999999999999911e-01
8.730616002257257646e-01
9.899999999999999911e-01
9.899999999999999911e-01
9.899999999999999911e-01
8.569794403225755586e-01
9.899999999999999911e-01
9.899999999999999911e-01
9.899999999999999911e-01
7.735362517046012742e-01
9.899999999999999911e-01
9.899999999999999911e-01
9.899999999999999911e-01
8.522123030484491935e-01
9.899999999999999911e-01
7.591670893434879774e-01
9.899999999999999911e-01
9.899999999999999911e-01
8.431312578513310285e-01
9.899999999999999911e-01
9.899999999999999911e-01
9.899999999999999911e-01
9.283544310186673254e-01
9.899999999999999911e-01
9.899999999999999911e-01
9.899999999999999911e-01
8.924904638286769165e-01
9.899999999999999911e-01
9.899999999999999911e-01
7.963248322403063684e-01
9.899999999999999911e-01
9.899999999999999911e-01
9.899999999999999911e-01
9.289678430589971558e-01
9.899999999999999911e-01
9.899999999999999911e-01
9.899999999999999911e-01
8.079915484253566982e-01
9.899999999999999911e-01
9.899999999999999911e-01
9.356881239754194501e-01
9.899999999999999911e-01
9.899999999999999911e-01
9.899999999999999911e-01
7.831384258037815682e-01
9.899999999999999911e-01
9.899999999999999911e-01
9.227064356564769199e-01
9.899999999999999911e-01
9.899999999999999911e-01
9.899999999999999911e-01
8.483325138349947503e-01
9.899999999999999911e-01
9.899999999999999911e-01
9.899999999999999911e-01
9.322689754518309613e-01
9.899999999999999911e-01
9.899999999999999911e-01
9.899999999999999911e-01
8.613192641348361711e-01
9.899999999999999911e-01
9.899999999999999911e-01
9.899999999999999911e-01
8.230036211595379569e-01
9.899999999999999911e-01
9.899999999999999911e-01
9.899999999999999911e-01
9.244128613479721812e-01
9.899999999999999911e-01
9.899999999999999911e-01
9.899999999999999911e-01
8.403470479929322501e-01
9.899999999999999911e-01
9.899999999999999911e-01
9.414687761226829821e-01
9.899999999999999911e-01
9.899999999999999911e-01
9.899999999999999911e-01
8.900156306562374553e-01
9.899999999999999911e-01
8.993481472492752538e-01
9.899999999999999911e-01
9.899999999999999911e-01
9.899999999999999911e-01
7.799581303279570221e-01
9.899999999999999911e-01
9.899999999999999911e-01
9.899999999999999911e-01
9.286211086182014629e-01
9.899999999999999911e-01
9.899999999999999911e-01
9.899999999999999911e-01
8.907961753194987287e-01
9.899999999999999911e-01
9.899999999999999911e-01
7.768704574433062948e-01
9.899999999999999911e-01
9.899999999999999911e-01
9.899999999999999911e-01
9.224523648246356622e-01
9.899999999999999911e-01
9.899999999999999911e-01
9.899999999999999911e-01
9.255949631667306221e-01
9.899999999999999911e-01
9.899999999999999911e-01
9.899999999999999911e-01
8.795246724050972409e-01
9.899999999999999911e-01
9.899999999999999911e-01
9.899999999999999911e-01
7.730202114375972489e-01
9.899999999999999911e-01
9.899999999999999911e-01
9.899999999999999911e-01
7.871328476439195532e-01
9.899999999999999911e-01
9.899999999999999911e-01
9.899999999999999911e-01
7.956655940859581611e-01
9.899999999999999911e-01
9.899999999999999911e-01
7.669967171811786777e-01
9.899999999999999911e-01
9.899999999999999911e-01
9.899999999999999911e-01
9.076987288871205539e-01
9.899999999999999911e-01
9.899999999999999911e-01
7.487253333984694725e-01
9.899999999999999911e-01
9.899999999999999911e-01
9.899999999999999911e-01
9.245555625205322814e-01
9.899999999999999911e-01
7.632435395060558347e-01
9.899999999999999911e-01
9.899999999999999911e-01
7.541315974604910766e-01
9.899999999999999911e-01
9.899999999999999911e-01
9.148380655576270337e-01
9.899999999999999911e-01
9.899999999999999911e-01
9.259117725238140695e-01
9.899999999999999911e-01
9.899999999999999911e-01
9.899999999999999911e-01
9.422829441657043503e-01
9.899999999999999911e-01
9.899999999999999911e-01
7.972112862533170530e-01
9.899999999999999911e-01
9.899999999999999911e-01
9.899999999999999911e-01
8.229203646120155646e-01
9.899999999999999911e-01
9.899999999999999911e-01
9.899999999999999911e-01
8.584548565718299606e-01
9.899999999999999911e-01
9.899999999999999911e-01
9.899999999999999911e-01
9.410254030679514603e-01
9.899999999999999911e-01
9.899999999999999911e-01
8.983054822261528072e-01
9.899999999999999911e-01
9.899999999999999911e-01
9.899999999999999911e-01
8.947548669857456893e-01
9.899999999999999911e-01
9.899999999999999911e-01
9.084403544706747269e-01
9.899999999999999911e-01
9.899999999999999911e-01
9.899999999999999911e-01
9.549140968643828886e-01
9.899999999999999911e-01
9.899999999999999911e-01
9.899999999999999911e-01
9.899999999999999911e-01
9.899999999999999911e-01
9.157174305052827590e-01
9.899999999999999911e-01
9.899999999999999911e-01
7.872349385881051154e-01
9.899999999999999911e-01
9.899999999999999911e-01
9.899999999999999911e-01
8.353655807654442045e-01
9.899999999999999911e-01
9.899999999999999911e-01
9.899999999999999911e-01
8.323228255044080592e-01
9.899999999999999911e-01
7.371969307473880129e-01
9.899999999999999911e-01
9.899999999999999911e-01
8.916313008010505747e-01
9.899999999999999911e-01
9.899999999999999911e-01
9.899999999999999911e-01
8.700893108771736717e-01
9.899999999999999911e-01
9.899999999999999911e-01
9.899999999999999911e-01
8.251011240476873176e-01
9.899999999999999911e-01
9.899999999999999911e-01
8.219252468028110936e-01
9.899999999999999911e-01
9.899999999999999911e-01
9.899999999999999911e-01
8.742081424209177110e-01
9.899999999999999911e-01
9.899999999999999911e-01
9.899999999999999911e-01
9.364551453368819001e-01
9.899999999999999911e-01
9.899999999999999911e-01
9.899999999999999911e-01
8.480942539578911754e-01
9.899999999999999911e-01
9.899999999999999911e-01
9.899999999999999911e-01
8.532482068650226736e-01
9.899999999999999911e-01
9.899999999999999911e-01
9.899999999999999911e-01
8.768047554044854364e-01
9.899999999999999911e-01
9.899999999999999911e-01
9.899999999999999911e-01
8.009978319697899085e-01
9.899999999999999911e-01
9.899999999999999911e-01
9.899999999999999911e-01
8.139156036120662741e-01
9.899999999999999911e-01
9.899999999999999911e-01
9.899999999999999911e-01
8.903282507876238983e-01
9.899999999999999911e-01
9.899999999999999911e-01
9.899999999999999911e-01
8.230954270041722642e-01
9.899999999999999911e-01
9.899999999999999911e-01
9.899999999999999911e-01
8.376191200654558022e-01
9.899999999999999911e-01
9.899999999999999911e-01
8.928780094585730964e-01
9.899999999999999911e-01
9.899999999999999911e-01
9.899999999999999911e-01
