7.880803638541379330e-01
8.004316468628637216e-01
8.001300681331335873e-01
8.000000000000000444e-01
6.598685177657942491e-01
8.061911080241791483e-01
8.341776343028612928e-01
8.247065035157019608e-01
7.804711342434592636e-01
7.981058870134343231e-01
8.050026899585760454e-01
8.066979660601317770e-01
7.603652955261359647e-01
8.226752749638676088e-01
8.084503404760802203e-01
8.364651825669284779e-01
7.555713124931721092e-01
8.455957800427532645e-01
8.480698500830984310e-01
8.224060463682937305e-01
7.066771638022081303e-01
8.185999129774225169e-01
8.263166154089875981e-01
8.485412453688917500e-01
7.682664795110839551e-01
8.113198523540009477e-01
8.256445908893917940e-01
8.031835543123992949e-01
7.592489300030642596e-01
8.090835261837601156e-01
8.018144163045997086e-01
8.386336134630264505e-01
7.610328293860902926e-01
8.373722007552822921e-01
8.083838056727711274e-01
8.026795484805065994e-01
7.797323322202714957e-01
8.310304310572631525e-01
8.389601425076554930e-01
8.265499470143199412e-01
7.617400808436129989e-01
8.543183592056633469e-01
8.374843893708929787e-01
8.048592655365092163e-01
7.815638866176219945e-01
8.076617357520388119e-01
8.226252539328735569e-01
7.996955579029146888e-01
7.489690119661593926e-01
8.538625139570487077e-01
7.870862173792396721e-01
8.213046494630092953e-01
7.532001158980938804e-01
8.546001431898494483e-01
8.482776052259711763e-01
8.773773650030398663e-01
6.649481784364645875e-01
8.501510339350235590e-01
8.074166182329398644e-01
8.461383861931678352e-01
7.512004266848338885e-01
8.037792988583767340e-01
8.509546284941037486e-01
8.243336069804478861e-01
6.879972208095770370e-01
7.956987297649944502e-01
8.497981476196150297e-01
8.121825937075988211e-01
6.851435711833776532e-01
8.295585338440866208e-01
8.408377323551925464e-01
8.062752917225916027e-01
7.401603617531044010e-01
8.507019061125723480e-01
8.618160809452486415e-01
8.462163415174772663e-01
7.860073699402493341e-01
8.826710113999667318e-01
8.000000000000000444e-01
8.017969399207547365e-01
7.771155707063281959e-01
8.031171679822229903e-01
8.136953137055290552e-01
8.046638700257624510e-01
7.222796668173301349e-01
8.001394322386089497e-01
7.960534965840303512e-01
8.733476334640940530e-01
7.462465986988349176e-01
8.199545230530416173e-01
8.389881619560384252e-01
8.322252729637332758e-01
7.267353645109344562e-01
8.435051845567284046e-01
8.556635077417138469e-01
8.218557375420127986e-01
7.304572250222779450e-01
8.225809510869250829e-01
7.954355475920005247e-01
8.011355936001665068e-01
7.338103877313537637e-01
8.361403785137636602e-01
8.455138897726792724e-01
8.185148027337726395e-01
7.126359137230079410e-01
8.522815430461040398e-01
8.173801158287035129e-01
8.365889508578712164e-01
7.608580897065265747e-01
8.122192018147500470e-01
7.475566054512945424e-01
8.023680022182988480e-01
8.282442122120402539e-01
8.032600019517668333e-01
7.813050688697885660e-01
8.002368604329102020e-01
6.718482170990501823e-01
8.089118762306442001e-01
8.112563101289631540e-01
8.357792206563740001e-01
7.028991893760195842e-01
8.030847776612662914e-01
8.405454773321988649e-01
8.132832687516480252e-01
7.221626971447938637e-01
8.178995122225179992e-01
8.210860438435056974e-01
7.987701932747484079e-01
7.395806772878790181e-01
8.022311214956261427e-01
8.414365351146244620e-01
8.117999614058080127e-01
7.459085607066232582e-01
8.053422630879216726e-01
8.704583935418839236e-01
8.382608394907878901e-01
7.300352733550108386e-01
8.158463958126538351e-01
8.858474522253020345e-01
8.396910019406306214e-01
7.814359030672202167e-01
8.066909581078919311e-01
8.218557095384030342e-01
7.750706123058079822e-01
8.120420317223472351e-01
8.085916727379954816e-01
8.140456556265233123e-01
7.726476958367390901e-01
8.032987028868389112e-01
8.144711678539167110e-01
7.927943541990045695e-01
8.007913453527720771e-01
8.042363998967640981e-01
8.131565459802032603e-01
7.736400524106363807e-01
7.981719051362300421e-01
8.394529611410037617e-01
8.043591617432267471e-01
8.117807658384506020e-01
8.238325205232367443e-01
7.793163793668450579e-01
8.206755933676180836e-01
8.021961029233077856e-01
8.047325731055308129e-01
7.790349103774731887e-01
8.304391806329401993e-01
8.000446304746956505e-01
8.196868880236455324e-01
8.096480391038766156e-01
7.828599014073811535e-01
8.169105817581772122e-01
8.092041935881637560e-01
8.223639543425509402e-01
8.111937119024400511e-01
7.727987465825620905e-01
8.244710805885218097e-01
7.948533476285624122e-01
8.177382613469016404e-01
7.794851229005996807e-01
8.034171371580185461e-01
8.077496175809542045e-01
7.973730716211484548e-01
7.855688477444864315e-01
8.025458765031465713e-01
7.997717601775582441e-01
8.037308465970331994e-01
8.055679251199630020e-01
8.029512163668234281e-01
7.818605453980288500e-01
8.121076301715479673e-01
8.337371041061784060e-01
8.187709674855577768e-01
7.664706809048791314e-01
8.303678671379949305e-01
8.082759787483930758e-01
7.999472192817578264e-01
7.500548820240219294e-01
8.042962488655416298e-01
8.020608707745143784e-01
8.022589769400541027e-01
6.984374050090439434e-01
8.798086873858430579e-01
8.779004002510132354e-01
8.246221563802568211e-01
8.160231269919021591e-01
8.104042086553837620e-01
8.182210167000599776e-01
7.947544739261277469e-01
8.038301962482922169e-01
8.000785893708111107e-01
8.040896268813412240e-01
7.373566603550942844e-01
8.136716878164192979e-01
8.342592378848727730e-01
8.289971188650844258e-01
7.531142470812824952e-01
8.095220127280077227e-01
8.005460527527410441e-01
7.823324887758666968e-01
8.340208582382225844e-01
8.275277251633569309e-01
7.537880484345665932e-01
8.275475030081543837e-01
7.999960072873719685e-01
7.798896423088736984e-01
7.966981423844802235e-01
8.234648950934663203e-01
8.249338431634731794e-01
7.359614347454410677e-01
7.921771216491341194e-01
8.000668413785366750e-01
8.100140067884832318e-01
7.869485179931524632e-01
8.039093002646999775e-01
8.084019257747192544e-01
8.073071715069038978e-01
6.858040971869191482e-01
7.884783359435452166e-01
8.596381539616453349e-01
8.111353205504878705e-01
7.300148700140935976e-01
8.162769499227346959e-01
8.650869443419173521e-01
8.300106713872625885e-01
7.490493986686539429e-01
8.470124835445059785e-01
8.713373491666260851e-01
8.146548668758660794e-01
7.675133688166406731e-01
7.333053187921884097e-01
8.205105431223208567e-01
8.434278775948368390e-01
8.377534120632340597e-01
7.205418033311448145e-01
8.211027592025863520e-01
7.980430217524874248e-01
7.949791425419155955e-01
6.871900241333782633e-01
8.106195962247487730e-01
7.848027414687568371e-01
8.828596665370747054e-01
7.211012198014367103e-01
8.471753700848001500e-01
7.880512924590252766e-01
8.073607798155985060e-01
7.737704831746792244e-01
8.033857509537462027e-01
8.337524640562110623e-01
8.105271370409956599e-01
7.573395415069279490e-01
8.130916278396123076e-01
8.041671227885899276e-01
8.152148748195585659e-01
7.570138003042069519e-01
8.296791877383032920e-01
8.702402430383098242e-01
8.400525293422311801e-01
7.793767889484949363e-01
8.022548865403685836e-01
8.153995607000658064e-01
7.998770067616731705e-01
7.638718785691855917e-01
8.169017287647667436e-01
7.886131392796625894e-01
8.685895974170759759e-01
6.827192712582625944e-01
8.074402819160304556e-01
7.917790146495361503e-01
8.457319691073043044e-01
7.456626518342091003e-01
8.017913010529672535e-01
8.745734440220753747e-01
8.484551684180070552e-01
7.653816536353740263e-01
8.172226263127854162e-01
8.285424328892502244e-01
8.392124851112290340e-01
7.191074050926975492e-01
8.066211807007553913e-01
7.985293330270106793e-01
8.538865741993376668e-01
7.502595275614123427e-01
8.006670148558125977e-01
8.078131571861745241e-01
8.159359626251345698e-01
6.858264521387518187e-01
8.281059575340553591e-01
8.399145332851397638e-01
8.782353134478794177e-01
7.461534189647772708e-01
8.255028870165602717e-01
8.216979682909389959e-01
8.066477774895751685e-01
7.232277595130294223e-01
7.970915114464630635e-01
8.818950530073255134e-01
8.107240541835013525e-01
7.123858538853637956e-01
8.036149248584270044e-01
8.408631504728497630e-01
8.156288150778556734e-01
7.160381023147542878e-01
8.478188513529528736e-01
8.381927995639690820e-01
7.905755943201905334e-01
7.176511537895422510e-01
8.391391523554310172e-01
8.146851229864550126e-01
8.130061046771559496e-01
7.543573644379915066e-01
8.335502995402372939e-01
8.005043054517306800e-01
8.215314867153094003e-01
7.538238633544990241e-01
8.272355340918590150e-01
7.944477021860679722e-01
8.312303486539825981e-01
8.054791891918360314e-01
7.984686669001975767e-01
8.215832465971206755e-01
8.189564338957990852e-01
7.757079213962815301e-01
7.997824023874425814e-01
8.183933347074321407e-01
8.153248735646347889e-01
7.504188583384270306e-01
8.047652001128772214e-01
8.321326243865189154e-01
8.481118245565627545e-01
7.963491461044412967e-01
8.016645449821141467e-01
8.013989191861315975e-01
8.051539033695209735e-01
7.607085147016513504e-01
8.024666114266594263e-01
8.118509404494844706e-01
8.301513190698734945e-01
7.948565914377487829e-01
6.956387444703692191e-01
8.086301180296011637e-01
7.955777286258677305e-01
8.407693568622492952e-01
7.511431036792928229e-01
8.517357985069025084e-01
8.303756214787884060e-01
7.961406849485449522e-01
7.817035717070103251e-01
8.001261702820247068e-01
8.533538712278312399e-01
8.176315944805179203e-01
7.735677227189015071e-01
8.007841307253056318e-01
8.112155206008485608e-01
7.244138380670505084e-01
7.900851741928304195e-01
7.878387705284621845e-01
8.276587882288093390e-01
7.554097955827830946e-01
8.160556806709665656e-01
8.158778352238684750e-01
8.611985518277980312e-01
6.681454900500792826e-01
7.892077918027609051e-01
8.649866196886634162e-01
8.549517322546142939e-01
7.809657007648778126e-01
8.058830081862233818e-01
8.241587255297792014e-01
7.449419375964011492e-01
8.118655662727544131e-01
8.190563306550250333e-01
8.336891772818062485e-01
7.120982103478550318e-01
8.292397747066883040e-01
8.250446511276812167e-01
8.252077648116040720e-01
7.497929667185063707e-01
7.965261155961014250e-01
7.895263147245774604e-01
8.014407268987060462e-01
8.012316107512634789e-01
8.067101614447383939e-01
6.800111919273661432e-01
8.124102460135739223e-01
7.998530446148973683e-01
7.897267125911636709e-01
7.670506946062828346e-01
7.770395024855197841e-01
8.222862076573589363e-01
8.194327981223328283e-01
7.587899100512940365e-01
8.016813259702356698e-01
8.372768758464826933e-01
8.549167390357802487e-01
6.962868765344492061e-01
8.014275940007338228e-01
8.392791740326838168e-01
8.085639816325497220e-01
7.321237575646980522e-01
8.044847798058962773e-01
8.289949973820058826e-01
8.744263899271546014e-01
7.289218332188847072e-01
8.083375914095556336e-01
8.019625729339734388e-01
8.052535968386210774e-01
7.504586662844706657e-01
8.243329670839670831e-01
8.650682022765944224e-01
8.079231938046960160e-01
7.302341595511701033e-01
8.079584088583706691e-01
8.149956400134771295e-01
7.915675759738866057e-01
7.361514530251195287e-01
8.467222470393518385e-01
8.398077502107653691e-01
8.399538861718132132e-01
7.054465095706531352e-01
8.407312236598396549e-01
8.697124722680263931e-01
8.556340265110801147e-01
7.985624359506325876e-01
8.012863980063056335e-01
7.809494057152170932e-01
8.004926593498933318e-01
8.008672645397313383e-01
8.098234553867866836e-01
7.725161726414632168e-01
8.077943698851791643e-01
8.207841465506185985e-01
7.530162745321911100e-01
8.335224868463849690e-01
8.172500248783212129e-01
8.082042328029028777e-01
7.720327695737841944e-01
8.259268223031455136e-01
7.382093674563661168e-01
7.941554819482314898e-01
8.109251435153751464e-01
8.299782346997733873e-01
7.972182459308525537e-01
8.004569737467095436e-01
8.000000000000000444e-01
8.000319658622221386e-01
7.647937421455904827e-01
8.205162276928223974e-01
8.021633006467459026e-01
8.314200585490791884e-01
7.397944457005930508e-01
8.718367546271463819e-01
8.750986424482926074e-01
8.238643572590159669e-01
7.211686409017540322e-01
7.968962701208711641e-01
8.590590092618429763e-01
8.108656097739679325e-01
7.774146753012840527e-01
8.212190512858527081e-01
8.058892946202498297e-01
8.001231155787023042e-01
7.371924484447119896e-01
8.159757203982821450e-01
8.762626596569531578e-01
8.130955604601156628e-01
7.711532102524019106e-01
8.025225971323981522e-01
8.663270341089736037e-01
8.134122599171039747e-01
7.488843317910769404e-01
8.102117792778059657e-01
8.156788025646096729e-01
7.984696216722829698e-01
7.493850102972108296e-01
8.110299413893746756e-01
8.267456420700847186e-01
7.975983853028358883e-01
7.809258116642956438e-01
8.094508671395291843e-01
8.099863982173018950e-01
8.001100197031002503e-01
7.141366209221421402e-01
8.099787391755952637e-01
8.393667588607763852e-01
8.349329279520141256e-01
7.975898532863061607e-01
7.999006752061175174e-01
8.048456002593770142e-01
8.006558535678331978e-01
7.616029794076604187e-01
8.173925977120268804e-01
8.350583122258767865e-01
8.061721537554237260e-01
7.781496720559396563e-01
8.084554817176373698e-01
8.127575653024164959e-01
8.145398309647631230e-01
6.859184623556998650e-01
8.284119739664573823e-01
8.583886128037314656e-01
8.352271589276030195e-01
7.749632330347717701e-01
8.494488122903797178e-01
8.630254365775904546e-01
8.043635994927046395e-01
7.576439976686878408e-01
7.982196430393942999e-01
8.318295185428695726e-01
7.999091333662857739e-01
7.515198552817276001e-01
7.983918462435455332e-01
8.733249535427507482e-01
8.453453078715417179e-01
7.342783138728160575e-01
8.362122708547274907e-01
8.131303384612554863e-01
8.093475781274528380e-01
6.827229251961858258e-01
8.070285810255890535e-01
8.429887774091455732e-01
8.316686714898827715e-01
7.444383069901652217e-01
8.055014607716377562e-01
8.561023369393944149e-01
8.084027902756835138e-01
7.166712504853930410e-01
7.980774797591660974e-01
8.045868595807993406e-01
8.563165293081863583e-01
7.163307822163127447e-01
8.042458657739744998e-01
7.907419371926224239e-01
8.147512157558087775e-01
7.776246029361538747e-01
8.035330490411517479e-01
8.082422399849702455e-01
7.273121118301132393e-01
8.190426003935368238e-01
8.219935761416676812e-01
7.978398920930657168e-01
7.368100117763443091e-01
7.461207515383984079e-01
8.132441431176931079e-01
8.279285308750388150e-01
8.486439130846186174e-01
7.839787181617687839e-01
8.003985444812287131e-01
8.001740827242246334e-01
8.008144345944377962e-01
7.428493833355684917e-01
8.074060682959890434e-01
8.270367502724947917e-01
7.960499208916095304e-01
6.700955096410973200e-01
8.366061217476318257e-01
8.199371265811778997e-01
8.475957346360538658e-01
6.766366257451617017e-01
8.055866485943584676e-01
8.013332334092305720e-01
8.091007931948422938e-01
7.488716254755740653e-01
8.138593306940586913e-01
7.992642308159647602e-01
8.082302519456016077e-01
7.274842448402204509e-01
8.225315828859345313e-01
8.091629376111858507e-01
8.253534562738855662e-01
7.302997909388702080e-01
8.520350502439565377e-01
8.666636137073023827e-01
8.323866254675077458e-01
7.265018661680681111e-01
8.373345807437203581e-01
7.950543260809888046e-01
8.335250229955362133e-01
7.791597098439101421e-01
7.977818708978894335e-01
8.134257728265055221e-01
8.152304773714769137e-01
7.652076356503818566e-01
8.193260811196180216e-01
8.071095217975536862e-01
8.069168054793309786e-01
7.867563876118891519e-01
8.013196651510252622e-01
7.985875410933984675e-01
7.658383526101297800e-01
7.964712000333317166e-01
8.076319328088460425e-01
8.043385872385654389e-01
7.686867596256680146e-01
8.072586314812364439e-01
8.022533566030559671e-01
7.720422365252729291e-01
8.050260649511438160e-01
8.286927392428181660e-01
8.010003944694877864e-01
7.579487505259598912e-01
8.097633517128900449e-01
8.362496751676817830e-01
8.430562553832396944e-01
7.338690442263353653e-01
8.280191544295640860e-01
8.168238847081216170e-01
8.224387915076915023e-01
7.665799215379579534e-01
8.014502927886217876e-01
7.713052278692704711e-01
8.231756243536829665e-01
8.359063896421461415e-01
8.019805143194687069e-01
7.315779496785674851e-01
8.432510894303961724e-01
8.696797140599854536e-01
7.960370961026944636e-01
6.617016566802166322e-01
8.493027578417451373e-01
8.659024961321357683e-01
7.977113806221838299e-01
6.829787437146033202e-01
8.599057074496015973e-01
8.517619375651781510e-01
8.717221354228499308e-01
7.464282486189083299e-01
8.140969458504558887e-01
8.315851096506632345e-01
7.641835728701400487e-01
8.157922550072326251e-01
8.015692103970296634e-01
7.405164755162448875e-01
8.284982907976382593e-01
8.294481636145877301e-01
8.228023851174185443e-01
7.020382609362906257e-01
8.624602257331722699e-01
8.792503276127898726e-01
8.333685090568925258e-01
6.820777118452955312e-01
8.290601994339996672e-01
8.019839953238159236e-01
8.341738481038375452e-01
7.300891400632761874e-01
8.137734343985786323e-01
7.951584538285471071e-01
8.198133999264666238e-01
7.677180414882108783e-01
8.214372490810100125e-01
8.198711207237400211e-01
6.862618273435421301e-01
8.191794114238514224e-01
8.326300999956541826e-01
7.993568228225703676e-01
7.123168808573314692e-01
8.394745149183469035e-01
8.693271234929160762e-01
8.277413360167674705e-01
7.432541451599692373e-01
8.092957091654827684e-01
7.998913368962430326e-01
8.024741014082452661e-01
7.224776439367270875e-01
7.960472584235444016e-01
8.000000000000000444e-01
8.004623423388388392e-01
7.241945994759225735e-01
8.457797447931807433e-01
8.118596790135754748e-01
7.941678167043786374e-01
6.638873689696671576e-01
8.268081850886592754e-01
8.502447958532073358e-01
7.939175629302335224e-01
7.550449920012106686e-01
8.296873949873321274e-01
7.948374585526579716e-01
8.145007681179262660e-01
6.758965049311811413e-01
8.168699921996900315e-01
8.125982177501118731e-01
8.022545174407180735e-01
7.115913714776962440e-01
8.177354605825559730e-01
8.379517257038138212e-01
8.104549193092837056e-01
7.218127348595959614e-01
8.383817752646335331e-01
8.658621092332423608e-01
7.926698524387576494e-01
6.683495154289362805e-01
8.481002146147953447e-01
8.714253819400732404e-01
8.702870592886319256e-01
7.740560725037860523e-01
8.059308714787077887e-01
7.122697914646758388e-01
8.002346699610602965e-01
8.624950233794435039e-01
7.937666037312024470e-01
7.339568291648368437e-01
8.251219249183894267e-01
8.207509769396148513e-01
8.323020075215911140e-01
7.300994868864849607e-01
8.172332995710346326e-01
8.152272681684876732e-01
6.583423931836502874e-01
8.369076568611151234e-01
8.053159612882199170e-01
8.427269700634230087e-01
6.816738672722574277e-01
8.237637495995464576e-01
7.983085742827296105e-01
8.295746958726487597e-01
7.223935065511332132e-01
8.228448431992605450e-01
8.060156759909461455e-01
7.366557587052643408e-01
8.000294811745429779e-01
8.344895669276586325e-01
8.542248627318553833e-01
7.663936923253884537e-01
8.413217782535880040e-01
8.158238087185392118e-01
6.961646515300916604e-01
8.332053714484597418e-01
8.252907224046446277e-01
8.528947437808817034e-01
7.976257930663291917e-01
8.203207414550718335e-01
8.000000000000000444e-01
8.162154563933045059e-01
6.665178604150218122e-01
7.866302602730991245e-01
8.700678183980813385e-01
8.770836330831504046e-01
6.896660396140771310e-01
8.102022620801532238e-01
7.937407527698810972e-01
8.760332714411531718e-01
7.460556822243560315e-01
8.276746850690818169e-01
7.959535243042661357e-01
7.917054391437385874e-01
7.749567608034523269e-01
8.047042556935000146e-01
8.013773928342997621e-01
7.302802129069805304e-01
8.173279400737010203e-01
8.373016001982981349e-01
7.867552419439742817e-01
7.071807483078483836e-01
7.928041832424718161e-01
8.177003260166346710e-01
8.772075752611495636e-01
6.842472841176563403e-01
8.408996065988387780e-01
8.193613150168898018e-01
8.693469286204387192e-01
7.721117900736552686e-01
7.984561313384026526e-01
7.410112834439649410e-01
8.075573044311004089e-01
8.373676518078240205e-01
7.177475852216113061e-01
8.371524721226603072e-01
8.660580244771657332e-01
8.089218118578346273e-01
7.443782764886338610e-01
8.075608660990269971e-01
8.652107988079490442e-01
8.062941702390169496e-01
7.429261483755992268e-01
7.996387570517490273e-01
8.405334618858020246e-01
6.759175433533938238e-01
8.230896745279684401e-01
8.529488715015766109e-01
8.267618659808469994e-01
7.487065766945798506e-01
7.988748631323132621e-01
7.931973353416763572e-01
7.896714492951494302e-01
7.294351989578817808e-01
8.219372895916531307e-01
8.341965169418363857e-01
7.653839892454589178e-01
7.986796858538243171e-01
8.310703777354699895e-01
8.445100540523233779e-01
7.514468881895390862e-01
7.962020503990517861e-01
7.964540806154323249e-01
7.437069628336194782e-01
7.925521046202248510e-01
7.929021123489614631e-01
7.870189612831892667e-01
7.015538120370807817e-01
8.179321894230840995e-01
8.362954012609035148e-01
8.435979326935955092e-01
7.859305295911221956e-01
7.996390730765828847e-01
8.176468935010043904e-01
8.227491982152967953e-01
7.462702988471734411e-01
8.123950960164465496e-01
8.601179674225993832e-01
8.427057367988413095e-01
6.958525992305076846e-01
7.934744514597309450e-01
7.968687688820336179e-01
8.726033784363457224e-01
7.428118767948108658e-01
7.945087049155136194e-01
8.152979643056007530e-01
7.939429109201797674e-01
7.441977348278228099e-01
8.201781123950112606e-01
8.179222065919270479e-01
7.712026232263582415e-01
8.288485074753643156e-01
7.964876201348194407e-01
7.980610735115670762e-01
7.722705407114424103e-01
8.021253091757771791e-01
7.537527652171156500e-01
8.157439720935278915e-01
7.913278725282935078e-01
8.509344503899100021e-01
7.228071670284307304e-01
8.102271603913114850e-01
8.060761209722122622e-01
8.337625549644254175e-01
7.727746368816224010e-01
8.079337583179668769e-01
8.025729791268693125e-01
8.273276972195693357e-01
7.686423345922615002e-01
8.073463737924501116e-01
8.241841092772671518e-01
7.101950668697152302e-01
8.208509124384661959e-01
8.042614269267073235e-01
8.185580757889443504e-01
7.483893342843178642e-01
8.432861144138888987e-01
8.651061918631857139e-01
8.132796609459747028e-01
7.699836023213270098e-01
8.072784543728211970e-01
8.290991502771852817e-01
8.052028965533264415e-01
7.788278549624078062e-01
8.017614540987101357e-01
8.013759648680951475e-01
8.018105379624521634e-01
7.235747999982935497e-01
8.753189296749093185e-01
8.410950998765215347e-01
8.219455795064337655e-01
6.933672747104467904e-01
8.486840360285041740e-01
8.905616768811459583e-01
8.293657712854608510e-01
6.739676185993531687e-01
8.146404125093850146e-01
8.188091723717425552e-01
6.680942039309084590e-01
8.148096879468492704e-01
8.734750528190985408e-01
8.231072517460794602e-01
7.380477201619893846e-01
8.082552405380236671e-01
8.304977704041576203e-01
6.574359759099519529e-01
8.006934499221328716e-01
8.275530254422396315e-01
8.828417552315925843e-01
7.643361019737980877e-01
8.248519435653407506e-01
6.641883729968039995e-01
8.179336908454349908e-01
7.915997888639301205e-01
7.157833058520024494e-01
7.964665941220340217e-01
8.033170901516785145e-01
7.428163387557701336e-01
8.301968465799610675e-01
7.854495384878840136e-01
7.527725025229603517e-01
8.002869967543171370e-01
7.922965518833428034e-01
8.158995307386966989e-01
7.689194486955516217e-01
7.970204601137421685e-01
8.118315044107646816e-01
7.218868085352905251e-01
8.087235036752729034e-01
8.601627311002018050e-01
7.929088167202598125e-01
7.026601146991092728e-01
8.302849507806531193e-01
8.470607425791983891e-01
8.363834106840534188e-01
7.078173446759140619e-01
7.986457683715574296e-01
8.209903585293142347e-01
8.402782099823455919e-01
7.516263716295776831e-01
8.004834846568852358e-01
8.322770447128395865e-01
7.828415159374610965e-01
8.032631157135988742e-01
8.000000000000000444e-01
8.074477264414524624e-01
7.769117454421927693e-01
8.075864168860455994e-01
8.109911269884819696e-01
7.347131846019701040e-01
8.170487255052710784e-01
8.059895827397403067e-01
7.890902395930609048e-01
7.899457366255229207e-01
8.256331837035508769e-01
8.017630306451859479e-01
8.117967983081579852e-01
8.061307826965172785e-01
8.104727389681662952e-01
7.844793392191432568e-01
8.210804519911140131e-01
8.119228818465263897e-01
6.810185960716756970e-01
8.502686331992916902e-01
8.249597807457638154e-01
8.300954919653700248e-01
6.946002942239370981e-01
8.198888907985998342e-01
8.215010554160997458e-01
8.454976638041641346e-01
7.622940380236963298e-01
7.923865217072826317e-01
7.123803467049386606e-01
8.035796788983866623e-01
8.123825180796085954e-01
7.249566482684625113e-01
8.045786479156693538e-01
7.881292431108186669e-01
7.863028059605332576e-01
7.147066750219260856e-01
8.581018794790029602e-01
8.426260107267908861e-01
8.157946268994474837e-01
7.089638421636479393e-01
8.125715946648042198e-01
8.222394463946594012e-01
6.875350221368872194e-01
7.922458780416785640e-01
8.571108842377268555e-01
8.494093144234382553e-01
7.336781180083905562e-01
8.228717487111845141e-01
8.261138856622547433e-01
8.126376593850643815e-01
7.535929123513611660e-01
8.154276325637004330e-01
8.320871651401297031e-01
8.400637426128076957e-01
7.275778158773134052e-01
7.944907015117341764e-01
8.287449882168882453e-01
8.071805664532596403e-01
7.273874995492105588e-01
8.004058540939931188e-01
7.968958807468494721e-01
8.747155133582035225e-01
7.436283550134847875e-01
7.901335579199384451e-01
8.073463035367147711e-01
8.051874938790266611e-01
6.890507024777300371e-01
8.684039254516945361e-01
7.943962998271378861e-01
8.288552082622366868e-01
6.865313715093892544e-01
8.414888853500106514e-01
8.321310548225928638e-01
8.085610334254511589e-01
7.237825932941480689e-01
8.315397421827590563e-01
8.837294327893878698e-01
8.752808348140888040e-01
6.885227951710195526e-01
8.120827727954063047e-01
7.988939779431475374e-01
8.015987810918423495e-01
7.681654658816392534e-01
8.218943592717302682e-01
7.969210847691329258e-01
7.791203523301764022e-01
8.087352085969486959e-01
8.000000000000000444e-01
8.157051108981585585e-01
