9.452527670924968373e-01
9.899999999999999911e-01
9.899999999999999911e-01
9.899999999999992140e-01
7.916144907202786740e-01
9.899999999999999911e-01
9.899999999999999911e-01
9.899999999999999911e-01
9.053166202524779438e-01
9.899999999999999911e-01
9.899999999999999911e-01
9.899999999999999911e-01
8.715335832376294167e-01
9.899999999999999911e-01
9.899999999999999911e-01
9.899999999999999911e-01
9.485200724365411284e-01
9.899999999999999911e-01
9.899999999999999911e-01
9.899999999999999911e-01
8.786414698816440438e-01
9.899999999999999911e-01
9.899999999999999911e-01
9.899999999999999911e-01
9.624555232234853763e-01
9.899999999999999911e-01
9.899999999999999911e-01
9.899999999999999911e-01
9.346744392592439832e-01
9.899999999999999911e-01
9.899999999999999911e-01
9.899999999999999911e-01
9.452967072765438017e-01
9.899999999999999911e-01
9.899999999999999911e-01
9.899999999999999911e-01
9.609977186278494399e-01
9.899999999999999911e-01
9.899999999999999911e-01
9.899999999999999911e-01
9.470452015103213439e-01
9.899999999999999911e-01
9.899999999999999911e-01
9.899999999999999911e-01
9.538871372583317410e-01
9.899999999999999911e-01
9.899999999999999911e-01
9.899999999999999911e-01
9.594123658288856715e-01
9.899999999999999911e-01
9.899999999999999911e-01
9.899999999999999911e-01
9.488150712825610400e-01
9.899999999999999911e-01
9.899999999999999911e-01
9.899999999999999911e-01
7.818888211997265802e-01
9.899999999999999911e-01
9.899999999999999911e-01
9.899999999999999911e-01
8.581289143555322907e-01
9.899999999999999911e-01
9.899999999999999911e-01
9.899999999999999911e-01
8.093108099358248264e-01
9.899999999999999911e-01
9.899999999999999911e-01
9.899999999999999911e-01
8.393264543967254854e-01
9.899999999999999911e-01
9.899999999999999911e-01
9.899999999999999911e-01
9.440410375175118940e-01
9.899999999999999911e-01
9.899999999999999911e-01
9.899999999999999911e-01
9.506627160937601850e-01
9.899999999999999911e-01
9.899999999999993250e-01
9.899999999999999911e-01
9.127865216563980644e-01
9.899999999999999911e-01
9.899999999999999911e-01
9.899999999999999911e-01
8.983044734897914774e-01
9.899999999999999911e-01
9.899999999999999911e-01
9.899999999999999911e-01
9.469260776535575186e-01
9.899999999999999911e-01
9.899999999999999911e-01
9.899999999999999911e-01
8.987413224183641303e-01
9.899999999999999911e-01
9.899999999999999911e-01
9.899999999999999911e-01
8.533215178746728080e-01
9.899999999999999911e-01
9.899999999999999911e-01
9.899999999999999911e-01
8.787631623144001036e-01
9.899999999999999911e-01
9.899999999999999911e-01
9.899999999999999911e-01
8.918888289714447248e-01
9.899999999999999911e-01
9.899999999999999911e-01
9.899999999999999911e-01
8.687197300237229358e-01
9.899999999999999911e-01
8.523936468527160137e-01
9.899999999999999911e-01
9.899999999999999911e-01
9.899999999999999911e-01
9.520993146051367484e-01
9.899999999999999911e-01
7.796012558594930253e-01
9.899999999999999911e-01
9.899999999999999911e-01
9.899999999999999911e-01
8.294920622678633171e-01
9.899999999999999911e-01
9.899999999999999911e-01
9.899999999999999911e-01
7.948611405799610452e-01
9.899999999999999911e-01
9.899999999999999911e-01
9.899999999999999911e-01
8.051462467736215656e-01
9.899999999999999911e-01
9.899999999999999911e-01
9.899999999999999911e-01
8.963240124614164639e-01
9.899999999999999911e-01
9.899999999999999911e-01
9.899999999999999911e-01
9.135297190602341688e-01
9.899999999999999911e-01
9.899999999999999911e-01
9.899999999999999911e-01
9.059962971036493729e-01
9.899999999999999911e-01
9.899999999999999911e-01
8.852968889931908114e-01
9.899999999999999911e-01
9.899999999999999911e-01
9.899999999999999911e-01
8.685981678516507820e-01
9.899999999999999911e-01
9.899999999999999911e-01
9.606452869013105689e-01
9.899999999999999911e-01
9.899999999999999911e-01
9.899999999999999911e-01
8.972614757161824217e-01
9.899999999999999911e-01
9.899999999999999911e-01
9.899999999999999911e-01
9.899999999999999911e-01
9.899999999999999911e-01
9.189738447165858304e-01
9.899999999999999911e-01
9.899999999999999911e-01
9.899999999999999911e-01
9.317717543330642505e-01
9.899999999999999911e-01
9.899999999999999911e-01
9.899999999999999911e-01
9.899999999999999911e-01
9.685733099611404384e-01
9.899999999999999911e-01
9.899999999999999911e-01
9.899999999999999911e-01
9.899999999999999911e-01
8.931642377813282518e-01
9.899999999999999911e-01
9.899999999999999911e-01
9.899999999999999911e-01
9.158929075745496640e-01
9.899999999999999911e-01
9.899999999999999911e-01
9.899999999999999911e-01
9.716100365174648035e-01
9.899999999999999911e-01
9.899999999999999911e-01
9.899999999999999911e-01
9.899999999999999911e-01
9.899999999999999911e-01
9.550938996451002749e-01
9.899999999999999911e-01
9.899999999999999911e-01
9.899999999999999911e-01
8.626284792912420896e-01
9.899999999999999911e-01
9.899999999999999911e-01
9.899999999999999911e-01
8.938709505257306231e-01
9.899999999999999911e-01
9.899999999999999911e-01
9.899999999999999911e-01
7.759323820653181158e-01
9.899999999999999911e-01
9.899999999999999911e-01
9.899999999999999911e-01
9.899999999999999911e-01
9.899999999999999911e-01
9.899999999999999911e-01
9.696374302205716944e-01
9.899999999999999911e-01
9.899999999999999911e-01
9.899999999999999911e-01
9.246258630968192671e-01
9.899999999999999911e-01
9.899999999999999911e-01
9.899999999999999911e-01
8.067398245749222152e-01
9.899999999999999911e-01
9.899999999999999911e-01
9.482840132112607678e-01
9.899999999999999911e-01
9.899999999999999911e-01
8.211760132934807777e-01
9.899999999999999911e-01
9.899999999999999911e-01
9.391265388470519948e-01
9.899999999999999911e-01
9.899999999999999911e-01
9.899999999999999911e-01
7.713937990592872884e-01
9.899999999999999911e-01
9.899999999999999911e-01
9.899999999999999911e-01
9.622624748084804835e-01
9.899999999999999911e-01
9.899999999999999911e-01
9.899999999999999911e-01
7.793108946097080381e-01
9.899999999999999911e-01
9.899999999999999911e-01
9.899999999999999911e-01
8.021242286823164758e-01
9.899999999999999911e-01
9.899999999999999911e-01
9.899999999999999911e-01
8.829746872956056869e-01
9.899999999999999911e-01
9.899999999999999911e-01
9.899999999999999911e-01
8.643810051081869394e-01
8.660540286136669819e-01
9.899999999999999911e-01
9.899999999999999911e-01
9.899999999999999911e-01
8.721246687762344019e-01
9.899999999999999911e-01
9.899999999999999911e-01
9.899999999999999911e-01
8.414301506491651539e-01
9.899999999999999911e-01
9.899999999999999911e-01
9.899999999999999911e-01
8.984627958666852043e-01
9.899999999999999911e-01
9.899999999999999911e-01
9.899999999999999911e-01
9.407856019835713068e-01
9.899999999999999911e-01
9.899999999999999911e-01
9.899999999999999911e-01
8.592212327325833288e-01
9.899999999999999911e-01
9.899999999999999911e-01
9.899999999999999911e-01
9.703977684964468775e-01
9.899999999999999911e-01
9.899999999999999911e-01
9.899999999999999911e-01
9.072510945460149356e-01
9.899999999999999911e-01
9.899999999999999911e-01
9.899999999999999911e-01
9.720073101457620268e-01
9.899999999999999911e-01
9.899999999999999911e-01
9.899999999999999911e-01
7.777178190877909181e-01
9.899999999999999911e-01
9.899999999999999911e-01
9.899999999999999911e-01
9.426073196303361712e-01
9.899999999999999911e-01
9.899999999999999911e-01
9.899999999999999911e-01
9.661545508726415710e-01
9.899999999999999911e-01
9.899999999999999911e-01
9.899999999999999911e-01
7.685279088355078114e-01
9.899999999999999911e-01
9.899999999999999911e-01
9.899999999999999911e-01
8.667892852586057684e-01
9.899999999999999911e-01
9.899999999999999911e-01
9.899999999999999911e-01
8.410014320097233265e-01
9.899999999999999911e-01
9.899999999999999911e-01
9.899999999999999911e-01
9.550107333731954196e-01
9.899999999999999911e-01
9.899999999999999911e-01
9.899999999999999911e-01
8.808604087057712029e-01
9.899999999999999911e-01
9.899999999999999911e-01
9.899999999999999911e-01
8.194109012400032643e-01
9.899999999999999911e-01
9.899999999999999911e-01
9.899999999999999911e-01
8.989097936876346839e-01
9.899999999999999911e-01
9.899999999999999911e-01
9.899999999999999911e-01
8.953996199012588253e-01
9.899999999999999911e-01
9.899999999999999911e-01
9.899999999999999911e-01
8.956009630546937217e-01
9.899999999999999911e-01
9.899999999999999911e-01
9.899999999999999911e-01
9.124048367917781954e-01
9.899999999999999911e-01
9.899999999999999911e-01
9.899999999999999911e-01
9.899999999999999911e-01
9.899999999999999911e-01
9.899999999999999911e-01
9.899999999999999911e-01
8.994298453360813905e-01
9.899999999999999911e-01
9.899999999999999911e-01
9.899999999999999911e-01
9.112268176281238530e-01
9.899999999999999911e-01
9.899999999999999911e-01
9.899999999999999911e-01
9.739479529862131724e-01
9.899999999999999911e-01
9.899999999999999911e-01
9.899999999999999911e-01
8.294303243470976250e-01
9.899999999999999911e-01
9.899999999999999911e-01
9.899999999999999911e-01
9.899999999999999911e-01
7.633994051113159873e-01
9.899999999999999911e-01
9.899999999999999911e-01
9.899999999999999911e-01
8.108045983580850491e-01
9.899999999999999911e-01
9.899999999999999911e-01
9.899999999999999911e-01
9.712237306656106295e-01
9.899999999999999911e-01
9.899999999999999911e-01
9.899999999999999911e-01
9.571661987412737327e-01
9.899999999999999911e-01
9.899999999999999911e-01
8.183693035907453339e-01
9.899999999999999911e-01
9.899999999999999911e-01
9.899999999999999911e-01
9.483952868994357521e-01
9.899999999999999911e-01
9.899999999999999911e-01
9.899999999999999911e-01
7.825103488369972160e-01
9.899999999999999911e-01
9.899999999999999911e-01
9.899999999999999911e-01
9.571629897330972137e-01
9.899999999999999911e-01
9.899999999999999911e-01
8.658341833487218642e-01
9.899999999999999911e-01
9.899999999999999911e-01
9.899999999999999911e-01
8.742069412240095483e-01
9.899999999999999911e-01
9.899999999999999911e-01
9.899999999999999911e-01
8.040611978994168796e-01
9.899999999999999911e-01
9.568463207438073770e-01
9.899999999999999911e-01
9.899999999999999911e-01
9.899999999999999911e-01
8.134346426564251775e-01
9.899999999999999911e-01
9.899999999999999911e-01
9.899999999999999911e-01
9.077112690979419751e-01
9.691936873857946999e-01
9.899999999999999911e-01
9.899999999999999911e-01
9.706240667535658284e-01
9.899999999999999911e-01
9.899999999999999911e-01
9.899999999999999911e-01
8.618233049801343748e-01
9.899999999999999911e-01
9.899999999999999911e-01
9.899999999999999911e-01
9.220889305383009882e-01
9.899999999999999911e-01
9.899999999999999911e-01
9.899999999999999911e-01
8.028937183463443761e-01
9.899999999999999911e-01
9.899999999999999911e-01
9.899999999999999911e-01
9.458298114299341641e-01
9.899999999999999911e-01
9.899999999999999911e-01
9.899999999999999911e-01
9.233778625841252419e-01
9.899999999999999911e-01
9.899999999999999911e-01
9.899999999999999911e-01
8.073043814577590682e-01
9.899999999999999911e-01
9.899999999999999911e-01
9.899999999999999911e-01
8.376333121806931459e-01
9.899999999999999911e-01
9.899999999999999911e-01
9.899999999999999911e-01
9.899999999999999911e-01
9.899999999999999911e-01
9.403816364841954822e-01
9.899999999999999911e-01
9.899999999999999911e-01
9.899999999999999911e-01
9.060950294470193622e-01
9.899999999999999911e-01
9.899999999999999911e-01
9.477906629049135390e-01
9.899999999999999911e-01
9.899999999999999911e-01
9.899999999999999911e-01
8.961586692623729755e-01
9.899999999999999911e-01
8.216391178218804825e-01
9.899999999999999911e-01
9.899999999999999911e-01
9.899999999999999911e-01
9.784372805180641119e-01
9.899999999999999911e-01
9.899999999999998801e-01
9.899999999999999911e-01
9.185425118356823626e-01
9.899999999999999911e-01
9.899999999999999911e-01
9.899999999999999911e-01
8.297881984790302923e-01
9.899999999999999911e-01
9.899999999999999911e-01
9.899999999999999911e-01
7.942709410409940496e-01
9.899999999999999911e-01
9.899999999999999911e-01
9.899999999999999911e-01
9.294569807783973348e-01
9.899999999999999911e-01
9.899999999999999911e-01
9.899999999999999911e-01
8.376485851230461854e-01
9.899999999999999911e-01
9.899999999999999911e-01
9.899999999999999911e-01
9.463123730851655813e-01
9.899999999999999911e-01
9.899999999999999911e-01
9.899999999999999911e-01
8.599752728176563998e-01
9.899999999999999911e-01
9.899999999999999911e-01
9.899999999999999911e-01
8.055640612122915156e-01
9.899999999999999911e-01
9.899999999999999911e-01
9.899999999999999911e-01
9.679371496699975541e-01
9.899999999999999911e-01
9.899999999999999911e-01
9.899999999999999911e-01
7.985581393987806198e-01
9.899999999999999911e-01
9.899999999999999911e-01
9.899999999999999911e-01
9.793068147759458331e-01
9.899999999999999911e-01
9.899999999999999911e-01
9.899999999999999911e-01
8.511091455267807415e-01
9.899999999999999911e-01
9.899999999999999911e-01
9.899999999999999911e-01
9.171662613215613158e-01
9.899999999999999911e-01
9.899999999999999911e-01
9.899999999999999911e-01
7.770295988859334813e-01
9.899999999999999911e-01
9.899999999999999911e-01
9.899999999999999911e-01
9.671151443179173413e-01
9.899999999999999911e-01
9.899999999999999911e-01
9.899999999999999911e-01
8.283468415803594276e-01
9.899999999999999911e-01
9.899999999999999911e-01
9.899999999999999911e-01
8.704114595599662385e-01
9.899999999999999911e-01
9.899999999999999911e-01
9.899999999999999911e-01
8.576938035875834032e-01
9.899999999999999911e-01
9.899999999999999911e-01
9.899999999999999911e-01
7.919793866357471845e-01
9.899999999999999911e-01
9.899999999999999911e-01
9.899999999999999911e-01
8.531275652447665170e-01
9.899999999999999911e-01
9.899999999999999911e-01
9.899999999999999911e-01
7.866916333183544552e-01
9.899999999999999911e-01
9.899999999999999911e-01
9.899999999999999911e-01
8.525300848275778609e-01
9.899999999999999911e-01
9.899999999999999911e-01
9.899999999999999911e-01
9.351304036756085125e-01
9.899999999999999911e-01
9.899999999999999911e-01
7.800536846870710361e-01
9.899999999999999911e-01
9.899999999999999911e-01
9.899999999999999911e-01
7.724489203637167067e-01
8.556888159162315821e-01
9.899999999999999911e-01
9.899999999999999911e-01
9.899999999999999911e-01
9.159756849879989726e-01
9.899999999999999911e-01
9.899999999999999911e-01
9.899999999999999911e-01
8.242302413742237377e-01
9.899999999999999911e-01
9.899999999999999911e-01
9.899999999999999911e-01
7.993266303079228363e-01
9.899999999999999911e-01
9.899999999999999911e-01
9.899999999999999911e-01
7.939367475122418583e-01
9.899999999999999911e-01
9.899999999999999911e-01
9.899999999999999911e-01
8.928379917931298371e-01
9.899999999999999911e-01
9.899999999999999911e-01
9.899999999999999911e-01
7.625383889259452763e-01
9.899999999999999911e-01
9.899999999999999911e-01
9.899999999999999911e-01
8.431203764280786883e-01
9.899999999999999911e-01
9.899999999999999911e-01
9.899999999999999911e-01
8.390238574408526162e-01
9.899999999999999911e-01
9.899999999999999911e-01
9.899999999999999911e-01
9.511228357159270397e-01
9.899999999999999911e-01
9.899999999999999911e-01
9.899999999999999911e-01
8.639146663534705839e-01
9.899999999999999911e-01
9.899999999999999911e-01
9.899999999999999911e-01
9.473209808417533129e-01
9.899999999999999911e-01
9.899999999999999911e-01
8.947977875980149820e-01
9.899999999999999911e-01
9.899999999999999911e-01
9.899999999999999911e-01
8.565302456691209487e-01
9.899999999999999911e-01
9.899999999999999911e-01
8.994253497083937177e-01
9.899999999999999911e-01
9.899999999999999911e-01
9.899999999999999911e-01
8.692365796493936037e-01
9.899999999999999911e-01
9.899999999999999911e-01
9.899999999999999911e-01
7.765996513048765149e-01
9.899999999999999911e-01
9.899999999999999911e-01
9.899999999999999911e-01
8.521718983381680879e-01
9.899999999999999911e-01
9.216159285108213028e-01
9.899999999999999911e-01
9.899999999999999911e-01
9.899999999999999911e-01
8.028038447070675598e-01
9.899999999999999911e-01
9.899999999999999911e-01
9.899999999999999911e-01
7.729688893214688994e-01
9.899999999999999911e-01
9.899999999999999911e-01
9.899999999999999911e-01
8.319427325668868889e-01
9.899999999999999911e-01
9.899999999999999911e-01
9.899999999999999911e-01
8.295437040308617505e-01
9.899999999999999911e-01
9.899999999999999911e-01
8.874728359165596769e-01
9.899999999999999911e-01
9.899999999999999911e-01
9.436741673061869173e-01
9.899999999999999911e-01
9.899999999999999911e-01
9.899999999999999911e-01
8.629829557916496308e-01
9.899999999999999911e-01
9.899999999999999911e-01
9.899999999999999911e-01
8.094652961329149576e-01
9.899999999999999911e-01
9.899999999999999911e-01
9.899999999999999911e-01
9.078889302342245671e-01
9.899999999999999911e-01
9.899999999999999911e-01
9.899999999999999911e-01
9.565499148961793541e-01
9.899999999999999911e-01
9.899999999999999911e-01
8.080205537374492986e-01
9.899999999999999911e-01
9.899999999999999911e-01
9.899999999999999911e-01
8.566857511783463330e-01
9.899999999999999911e-01
9.899999999999999911e-01
9.899999999999999911e-01
8.649422740362949780e-01
9.899999999999999911e-01
9.899999999999999911e-01
9.899999999999999911e-01
8.048648937701876616e-01
9.899999999999999911e-01
9.899999999999999911e-01
9.899999999999999911e-01
9.011308425604135364e-01
9.899999999999999911e-01
9.899999999999999911e-01
9.899999999999999911e-01
7.994702907055163399e-01
9.899999999999999911e-01
9.899999999999999911e-01
9.899999999999999911e-01
9.394927625517771608e-01
9.899999999999999911e-01
9.899999999999999911e-01
9.899999999999999911e-01
8.225539150243856845e-01
9.899999999999999911e-01
9.899999999999999911e-01
9.899999999999999911e-01
8.764566695683103648e-01
9.899999999999999911e-01
9.899999999999999911e-01
9.899999999999999911e-01
9.066732836406354856e-01
9.899999999999999911e-01
9.899999999999999911e-01
9.899999999999999911e-01
8.020500252367132044e-01
9.899999999999999911e-01
9.899999999999999911e-01
9.899999999999999911e-01
9.014812480283940221e-01
9.899999999999999911e-01
8.419088834030613588e-01
9.899999999999999911e-01
9.899999999999999911e-01
9.899999999999999911e-01
9.261537050073547217e-01
9.899999999999999911e-01
9.899999999999999911e-01
9.899999999999999911e-01
8.291165157153876919e-01
9.899999999999999911e-01
9.899999999999999911e-01
7.762787170543496984e-01
9.899999999999999911e-01
9.899999999999999911e-01
9.899999999999999911e-01
7.729430705305593285e-01
9.899999999999999911e-01
9.899999999999999911e-01
9.899999999999999911e-01
8.644902444875439684e-01
9.899999999999999911e-01
9.899999999999999911e-01
9.346772138730194968e-01
9.899999999999999911e-01
9.899999999999999911e-01
9.899999999999999911e-01
9.330419229917381596e-01
9.899999999999999911e-01
9.899999999999999911e-01
8.059959092788270274e-01
9.899999999999999911e-01
9.899999999999999911e-01
9.899999999999999911e-01
9.773240177500117642e-01
9.899999999999999911e-01
9.899999999999999911e-01
9.899999999999999911e-01
8.034613969371064979e-01
9.899999999999999911e-01
9.899999999999999911e-01
9.899999999999999911e-01
8.492054888768948429e-01
9.899999999999999911e-01
9.899999999999999911e-01
9.899999999999999911e-01
9.525719829350509649e-01
9.899999999999999911e-01
9.899999999999999911e-01
9.899999999999999911e-01
8.904326660967289975e-01
9.899999999999999911e-01
9.899999999999999911e-01
8.950199651429969760e-01
9.899999999999999911e-01
9.899999999999999911e-01
9.899999999999999911e-01
8.809951524364898479e-01
9.899999999999999911e-01
9.899999999999999911e-01
9.899999999999999911e-01
7.969940082955643268e-01
9.899999999999999911e-01
9.899999999999999911e-01
9.899999999999999911e-01
8.675842180024558870e-01
9.899999999999999911e-01
7.825933480573564749e-01
9.899999999999999911e-01
9.899999999999999911e-01
8.669970785465319629e-01
9.899999999999999911e-01
9.899999999999999911e-01
9.899999999999999911e-01
9.519081224657357509e-01
9.899999999999999911e-01
9.899999999999999911e-01
9.899999999999999911e-01
9.169846191275947689e-01
9.899999999999999911e-01
9.899999999999999911e-01
8.190645204513422595e-01
9.899999999999999911e-01
9.899999999999999911e-01
9.899999999999999911e-01
9.519461335975053506e-01
9.899999999999999911e-01
9.899999999999999911e-01
9.899999999999999911e-01
8.336059659106621611e-01
9.899999999999999911e-01
9.899999999999999911e-01
9.610780829892004995e-01
9.899999999999999911e-01
9.899999999999999911e-01
9.899999999999999911e-01
8.045958697128086090e-01
9.899999999999999911e-01
9.899999999999999911e-01
9.475639375845337220e-01
9.899999999999999911e-01
9.899999999999999911e-01
9.899999999999999911e-01
8.717550159269904508e-01
9.899999999999999911e-01
9.899999999999999911e-01
9.899999999999999911e-01
9.460828231859400583e-01
9.899999999999999911e-01
9.899999999999999911e-01
9.899999999999999911e-01
8.869503344225029284e-01
9.899999999999999911e-01
9.899999999999999911e-01
9.899999999999999911e-01
8.458192718915964470e-01
9.899999999999999911e-01
9.899999999999999911e-01
9.899999999999999911e-01
9.484294940969535403e-01
9.899999999999999911e-01
9.899999999999999911e-01
9.899999999999999911e-01
8.659359058904950723e-01
9.899999999999999911e-01
9.899999999999999911e-01
9.670886587578279014e-01
9.899999999999999911e-01
9.899999999999999911e-01
9.899999999999999911e-01
9.108368651922600367e-01
9.899999999999999911e-01
9.247883549345095044e-01
9.899999999999999911e-01
9.899999999999999911e-01
9.899999999999999911e-01
8.055979792194493116e-01
9.899999999999999911e-01
9.899999999999999911e-01
9.899999999999999911e-01
9.534792868060182336e-01
9.899999999999999911e-01
9.899999999999999911e-01
9.899999999999999911e-01
9.138792991872474181e-01
9.899999999999999911e-01
9.899999999999999911e-01
8.020599155197680741e-01
9.899999999999999911e-01
9.899999999999999911e-01
9.899999999999999911e-01
9.458561095207085323e-01
9.899999999999999911e-01
9.899999999999999911e-01
9.899999999999999911e-01
9.509116485980324551e-01
9.899999999999999911e-01
9.899999999999999911e-01
9.899999999999999911e-01
8.919199433881390693e-01
9.899999999999999911e-01
9.899999999999999911e-01
9.899999999999999911e-01
7.986708837586901089e-01
9.899999999999999911e-01
9.899999999999999911e-01
9.899999999999999911e-01
8.108498466502702673e-01
9.899999999999999911e-01
9.899999999999999911e-01
9.899999999999999911e-01
8.191186099549176980e-01
9.899999999999999911e-01
9.899999999999999911e-01
7.897277574463161809e-01
9.899999999999999911e-01
9.899999999999999911e-01
9.899999999999999911e-01
9.306456643051863598e-01
9.899999999999999911e-01
9.899999999999999911e-01
7.739728439431917684e-01
9.899999999999999911e-01
9.899999999999999911e-01
9.899999999999999911e-01
9.501523651850296570e-01
9.899999999999999911e-01
7.859152873930668193e-01
9.899999999999999911e-01
9.899999999999999911e-01
7.797761942402698931e-01
9.899999999999999911e-01
9.899999999999999911e-01
9.379442770274634134e-01
9.899999999999999911e-01
9.899999999999999911e-01
9.498100887382788793e-01
9.899999999999999911e-01
9.899999999999999911e-01
9.899999999999999911e-01
9.678098309038023483e-01
9.899999999999999911e-01
9.899999999999999911e-01
8.228715754513908909e-01
9.899999999999999911e-01
9.899999999999999911e-01
9.899999999999999911e-01
8.451999179410430996e-01
9.899999999999999911e-01
9.899999999999999911e-01
9.899999999999999911e-01
8.824112789562311709e-01
9.899999999999999911e-01
9.899999999999999911e-01
9.899999999999999911e-01
9.638397465875659931e-01
9.899999999999999911e-01
9.899999999999999911e-01
9.088598980731754651e-01
9.899999999999999911e-01
9.899999999999999911e-01
9.899999999999999911e-01
9.122321026291027035e-01
9.899999999999999911e-01
9.899999999999999911e-01
9.326532237570926975e-01
9.899999999999999911e-01
9.899999999999999911e-01
9.899999999999999911e-01
9.681794832897880898e-01
9.899999999999999911e-01
9.899999999999999911e-01
9.899999999999999911e-01
9.899999999999999911e-01
9.899999999999999911e-01
9.276644806066928206e-01
9.899999999999999911e-01
9.899999999999999911e-01
8.119956614819867635e-01
9.899999999999999911e-01
9.899999999999999911e-01
9.899999999999999911e-01
8.585292577364758149e-01
9.899999999999999911e-01
9.899999999999999911e-01
9.899999999999999911e-01
8.527315090000044950e-01
9.899999999999999911e-01
7.628532915307483231e-01
9.899999999999999911e-01
9.899999999999999911e-01
9.144801800526973778e-01
9.899999999999999911e-01
9.899999999999999911e-01
9.899999999999999911e-01
8.943573591088362917e-01
9.899999999999999911e-01
9.899999999999999911e-01
9.899999999999999911e-01
8.488357366754409883e-01
9.899999999999999911e-01
9.899999999999999911e-01
8.451398107290588602e-01
9.899999999999999911e-01
9.899999999999999911e-01
9.899999999999999911e-01
8.984429222543388605e-01
9.899999999999999911e-01
9.899999999999999911e-01
9.899999999999999911e-01
9.596269282072520390e-01
9.899999999999999911e-01
9.899999999999999911e-01
9.899999999999999911e-01
8.727489971077012632e-01
9.899999999999999911e-01
9.899999999999999911e-01
9.899999999999999911e-01
8.776898301378083245e-01
9.899999999999999911e-01
9.899999999999999911e-01
9.899999999999999911e-01
8.999151949559175412e-01
9.899999999999999911e-01
9.899999999999999911e-01
9.899999999999999911e-01
8.247909891332126930e-01
9.899999999999999911e-01
9.899999999999999911e-01
9.899999999999999911e-01
8.384867026927216305e-01
9.899999999999999911e-01
9.899999999999999911e-01
9.899999999999999911e-01
9.134459037466136078e-01
9.899999999999999911e-01
9.899999999999999911e-01
9.899999999999999911e-01
8.467038651075611266e-01
9.899999999999999911e-01
9.899999999999999911e-01
9.899999999999999911e-01
8.545133103342610337e-01
9.899999999999999911e-01
9.899999999999999911e-01
9.074481022219523796e-01
9.899999999999999911e-01
9.899999999999999911e-01
9.899999999999999911e-01
