9.385383391760636629e-01
9.899999999999999911e-01
9.899999999999999911e-01
9.899999999999992140e-01
7.770221263150277613e-01
9.899999999999999911e-01
9.899999999999999911e-01
9.899999999999999911e-01
8.972670538432063747e-01
9.899999999999999911e-01
9.899999999999999911e-01
9.899999999999999911e-01
8.570773947075700505e-01
9.899999999999999911e-01
9.899999999999999911e-01
9.899999999999999911e-01
9.330178417067525043e-01
9.899999999999999911e-01
9.899999999999999911e-01
9.899999999999999911e-01
8.642679040791838574e-01
9.899999999999999911e-01
9.899999999999999911e-01
9.899999999999999911e-01
9.462883769810801482e-01
9.899999999999999911e-01
9.899999999999999911e-01
9.899999999999999911e-01
9.185136605610534355e-01
9.899999999999999911e-01
9.899999999999999911e-01
9.899999999999999911e-01
9.292008139709171388e-01
9.899999999999999911e-01
9.899999999999999911e-01
9.899999999999999911e-01
9.467666657273321462e-01
9.899999999999999911e-01
9.899999999999999911e-01
9.899999999999999911e-01
9.309423358433741580e-01
9.899999999999999911e-01
9.899999999999999911e-01
9.899999999999999911e-01
9.412177995139603404e-01
9.899999999999999911e-01
9.899999999999999911e-01
9.899999999999999911e-01
9.449606228788250961e-01
9.899999999999999911e-01
9.899999999999999911e-01
9.899999999999999911e-01
9.336136782317835392e-01
9.899999999999999911e-01
9.899999999999999911e-01
9.899999999999999911e-01
7.675251808483709581e-01
9.899999999999999911e-01
9.899999999999999911e-01
9.899999999999999911e-01
8.425734236350996831e-01
9.899999999999999911e-01
9.899999999999999911e-01
9.899999999999999911e-01
7.945555509159114571e-01
9.899999999999999911e-01
9.899999999999999911e-01
9.899999999999999911e-01
8.248644184191220585e-01
9.899999999999999911e-01
9.899999999999999911e-01
9.899999999999999911e-01
9.293792342517671612e-01
9.899999999999999911e-01
9.899999999999999911e-01
9.899999999999999911e-01
9.413879618837636132e-01
9.899999999999999911e-01
9.899999999999995470e-01
9.899999999999999911e-01
9.018109621493449746e-01
9.899999999999999911e-01
9.899999999999999911e-01
9.899999999999999911e-01
8.838226309177640294e-01
9.899999999999999911e-01
9.899999999999999911e-01
9.899999999999999911e-01
9.324111668019509080e-01
9.899999999999999911e-01
9.899999999999999911e-01
9.899999999999999911e-01
8.839836025489979932e-01
9.899999999999999911e-01
9.899999999999999911e-01
9.899999999999999911e-01
8.372651945931365303e-01
9.899999999999999911e-01
9.899999999999999911e-01
9.899999999999999911e-01
8.629406917238370278e-01
9.899999999999999911e-01
9.899999999999999911e-01
9.899999999999999911e-01
8.768289017778465588e-01
9.899999999999999911e-01
9.899999999999999911e-01
9.899999999999999911e-01
8.545235498962080456e-01
9.899999999999999911e-01
8.365967180551535654e-01
9.899999999999999911e-01
9.899999999999999911e-01
9.899999999999999911e-01
9.394773150717313781e-01
9.899999999999999911e-01
7.649954425075019548e-01
9.899999999999999911e-01
9.899999999999999911e-01
9.899999999999999911e-01
8.144036679640045406e-01
9.899999999999999911e-01
9.899999999999999911e-01
9.899999999999999911e-01
7.786579384953122851e-01
9.899999999999999911e-01
9.899999999999999911e-01
9.899999999999999911e-01
7.895948529873026978e-01
9.899999999999999911e-01
9.899999999999999911e-01
9.899999999999999911e-01
8.802022675134444363e-01
9.899999999999999911e-01
9.899999999999999911e-01
9.899999999999999911e-01
8.990190157446908970e-01
9.899999999999999911e-01
9.899999999999999911e-01
9.899999999999999911e-01
8.985744652479485950e-01
9.899999999999999911e-01
9.899999999999999911e-01
8.757223849812783012e-01
9.899999999999999911e-01
9.899999999999999911e-01
9.899999999999999911e-01
8.590959534722599766e-01
9.899999999999999911e-01
9.899999999999999911e-01
9.564766769488121101e-01
9.899999999999999911e-01
9.899999999999999911e-01
9.899999999999999911e-01
8.858460553799539783e-01
9.899999999999999911e-01
9.899999999999999911e-01
9.899999999999999911e-01
9.899999999999999911e-01
9.899999999999999911e-01
9.086923800342467938e-01
9.899999999999999911e-01
9.899999999999999911e-01
9.899999999999999911e-01
9.199953181495577059e-01
9.899999999999999911e-01
9.899999999999999911e-01
9.899999999999999911e-01
9.899999999999999911e-01
9.550394614177095676e-01
9.899999999999999911e-01
9.899999999999999911e-01
9.899999999999999911e-01
9.899999999999999911e-01
8.816792053133345464e-01
9.899999999999999911e-01
9.899999999999999911e-01
9.899999999999999911e-01
9.060447785458113357e-01
9.899999999999999911e-01
9.899999999999999911e-01
9.899999999999999911e-01
9.592812289880608967e-01
9.899999999999999911e-01
9.899999999999999911e-01
9.899999999999999911e-01
9.899999999999999911e-01
9.899999999999999911e-01
9.424594327095672242e-01
9.899999999999999911e-01
9.899999999999999911e-01
9.899999999999999911e-01
8.506436833078684367e-01
9.899999999999999911e-01
9.899999999999999911e-01
9.899999999999999911e-01
8.776832291300972200e-01
9.899999999999999911e-01
9.899999999999999911e-01
9.899999999999999911e-01
7.601480369830259098e-01
9.899999999999999911e-01
9.899999999999999911e-01
9.899999999999999911e-01
9.899999999999999911e-01
9.899999999999999911e-01
9.899999999999999911e-01
9.662838696665629890e-01
9.899999999999999911e-01
9.899999999999999911e-01
9.899999999999999911e-01
9.099600924259290124e-01
9.899999999999999911e-01
9.899999999999999911e-01
9.899999999999999911e-01
7.935162826010597747e-01
9.899999999999999911e-01
9.899999999999999911e-01
9.366826182965385383e-01
9.899999999999999911e-01
9.899999999999999911e-01
8.074664794127510703e-01
9.899999999999999911e-01
9.899999999999999911e-01
9.270757754027126873e-01
9.899999999999999911e-01
9.899999999999999911e-01
9.899999999999999911e-01
7.562110679866459462e-01
9.899999999999999911e-01
9.899999999999999911e-01
9.899999999999999911e-01
9.521576625056570320e-01
9.899999999999999911e-01
9.899999999999999911e-01
9.899999999999999911e-01
7.641148354720532776e-01
9.899999999999999911e-01
9.899999999999999911e-01
9.899999999999999911e-01
7.860145321954601361e-01
9.899999999999999911e-01
9.899999999999999911e-01
9.899999999999999911e-01
8.668221307791038610e-01
9.899999999999999911e-01
9.899999999999999911e-01
9.899999999999999911e-01
8.527063903137974687e-01
8.500447110874013168e-01
9.899999999999999911e-01
9.899999999999999911e-01
9.899999999999999911e-01
8.570037188152336283e-01
9.899999999999999911e-01
9.899999999999999911e-01
9.899999999999999911e-01
8.270544210295346366e-01
9.899999999999999911e-01
9.899999999999999911e-01
9.899999999999999911e-01
8.840429480957759933e-01
9.899999999999999911e-01
9.899999999999999911e-01
9.899999999999999911e-01
9.260133370282949139e-01
9.899999999999999911e-01
9.899999999999999911e-01
9.899999999999999911e-01
8.446428020463609965e-01
9.899999999999999911e-01
9.899999999999999911e-01
9.899999999999999911e-01
9.559659190665863449e-01
9.899999999999999911e-01
9.899999999999999911e-01
9.899999999999999911e-01
8.982407143986408382e-01
9.899999999999999911e-01
9.899999999999999911e-01
9.899999999999999911e-01
9.566707526400809458e-01
9.899999999999999911e-01
9.899999999999999911e-01
9.899999999999999911e-01
7.626318940028377069e-01
9.899999999999999911e-01
9.899999999999999911e-01
9.899999999999999911e-01
9.279520750042784538e-01
9.899999999999999911e-01
9.899999999999999911e-01
9.899999999999999911e-01
9.502872367241319562e-01
9.899999999999999911e-01
9.899999999999999911e-01
9.899999999999999911e-01
7.523535453798250172e-01
9.899999999999999911e-01
9.899999999999999911e-01
9.899999999999999911e-01
8.509320852344247621e-01
9.899999999999999911e-01
9.899999999999999911e-01
9.899999999999999911e-01
8.265084652456792247e-01
9.899999999999999911e-01
9.899999999999999911e-01
9.899999999999999911e-01
9.404043312156855627e-01
9.899999999999999911e-01
9.899999999999999911e-01
9.899999999999999911e-01
8.658009610980886839e-01
9.899999999999999911e-01
9.899999999999999911e-01
9.899999999999999911e-01
8.036458072097886207e-01
9.899999999999999911e-01
9.899999999999999911e-01
9.899999999999999911e-01
8.840292057541278004e-01
9.899999999999999911e-01
9.899999999999999911e-01
9.899999999999999911e-01
8.810439538925862735e-01
9.899999999999999911e-01
9.899999999999999911e-01
9.899999999999999911e-01
8.795288782692584073e-01
9.899999999999999911e-01
9.899999999999999911e-01
9.899999999999999911e-01
8.962186800980160850e-01
9.899999999999999911e-01
9.899999999999999911e-01
9.899999999999999911e-01
9.899999999999999911e-01
9.899999999999999911e-01
9.899999999999999911e-01
9.899999999999999911e-01
8.889251234971673465e-01
9.899999999999999911e-01
9.899999999999999911e-01
9.899999999999999911e-01
8.951125088108109473e-01
9.899999999999999911e-01
9.899999999999999911e-01
9.899999999999999911e-01
9.718545717408413331e-01
9.899999999999999911e-01
9.899999999999999911e-01
9.899999999999999911e-01
8.173668461440346533e-01
9.899999999999999911e-01
9.899999999999999911e-01
9.899999999999999911e-01
9.899999999999999911e-01
7.475693619806229595e-01
9.899999999999999911e-01
9.899999999999999911e-01
9.899999999999999911e-01
7.969148870146349761e-01
9.899999999999999911e-01
9.899999999999999911e-01
9.899999999999999911e-01
9.568930405103344139e-01
9.899999999999999911e-01
9.899999999999999911e-01
9.899999999999999911e-01
9.414455534151600080e-01
9.899999999999999911e-01
9.899999999999999911e-01
8.021986960292856184e-01
9.899999999999999911e-01
9.899999999999999911e-01
9.899999999999999911e-01
9.329061534500551200e-01
9.899999999999999911e-01
9.899999999999999911e-01
9.899999999999999911e-01
7.680705044441796803e-01
9.899999999999999911e-01
9.899999999999999911e-01
9.899999999999999911e-01
9.438444861837766986e-01
9.899999999999999911e-01
9.899999999999999911e-01
8.496927723479728023e-01
9.899999999999999911e-01
9.899999999999999911e-01
9.899999999999999911e-01
8.596662351728471263e-01
9.899999999999999911e-01
9.899999999999999911e-01
9.899999999999999911e-01
7.901439444986256833e-01
9.899999999999999911e-01
9.498173504506788323e-01
9.899999999999999911e-01
9.899999999999999911e-01
9.899999999999999911e-01
7.990513555114561184e-01
9.899999999999999911e-01
9.899999999999999911e-01
9.899999999999999911e-01
8.930577874889841228e-01
9.535601475081443290e-01
9.899999999999999911e-01
9.899999999999999911e-01
9.560005193719415262e-01
9.899999999999999911e-01
9.899999999999999911e-01
9.899999999999999911e-01
8.470755623122756539e-01
9.899999999999999911e-01
9.899999999999999911e-01
9.899999999999999911e-01
9.076931329360182765e-01
9.899999999999999911e-01
9.899999999999999911e-01
9.899999999999999911e-01
7.867484365034135285e-01
9.899999999999999911e-01
9.899999999999999911e-01
9.899999999999999911e-01
9.308055782536895917e-01
9.899999999999999911e-01
9.899999999999999911e-01
9.899999999999999911e-01
9.089954480881361487e-01
9.899999999999999911e-01
9.899999999999999911e-01
9.899999999999999911e-01
7.914307723896510938e-01
9.899999999999999911e-01
9.899999999999999911e-01
9.899999999999999911e-01
8.225833620545828229e-01
9.899999999999999911e-01
9.899999999999999911e-01
9.899999999999999911e-01
9.899999999999999911e-01
9.899999999999999911e-01
9.288127243928686605e-01
9.899999999999999911e-01
9.899999999999999911e-01
9.899999999999999911e-01
8.934192424240774422e-01
9.899999999999999911e-01
9.899999999999999911e-01
9.325590496722520051e-01
9.899999999999999911e-01
9.899999999999999911e-01
9.899999999999999911e-01
8.840651484817304562e-01
9.899999999999999911e-01
8.056865245556518174e-01
9.899999999999999911e-01
9.899999999999999911e-01
9.899999999999999911e-01
9.766881272994299978e-01
9.899999999999999911e-01
9.899999999999999911e-01
9.899999999999999911e-01
9.029316818488656304e-01
9.899999999999999911e-01
9.899999999999999911e-01
9.899999999999999911e-01
8.138156691378789498e-01
9.899999999999999911e-01
9.899999999999999911e-01
9.899999999999999911e-01
7.780678769244733228e-01
9.899999999999999911e-01
9.899999999999999911e-01
9.899999999999999911e-01
9.170447855300559725e-01
9.899999999999999911e-01
9.899999999999999911e-01
9.899999999999999911e-01
8.214935720273230935e-01
9.899999999999999911e-01
9.899999999999999911e-01
9.899999999999999911e-01
9.306407070705218221e-01
9.899999999999999911e-01
9.899999999999999911e-01
9.899999999999999911e-01
8.441389580802751702e-01
9.899999999999999911e-01
9.899999999999999911e-01
9.899999999999999911e-01
7.914981706950744433e-01
9.899999999999999911e-01
9.899999999999999911e-01
9.899999999999999911e-01
9.535812183814035281e-01
9.899999999999999911e-01
9.899999999999999911e-01
9.899999999999999911e-01
7.824838109983577317e-01
9.899999999999999911e-01
9.899999999999999911e-01
9.899999999999999911e-01
9.779002941458792009e-01
9.899999999999999911e-01
9.899999999999999911e-01
9.899999999999999911e-01
8.380868418854786617e-01
9.899999999999999911e-01
9.899999999999999911e-01
9.899999999999999911e-01
9.063576214237704098e-01
9.899999999999999911e-01
9.899999999999999911e-01
9.899999999999999911e-01
7.617908046541692624e-01
9.899999999999999911e-01
9.899999999999999911e-01
9.899999999999999911e-01
9.512121088530668400e-01
9.899999999999999911e-01
9.899999999999999911e-01
9.899999999999999911e-01
8.153420947701525145e-01
9.899999999999999911e-01
9.899999999999999911e-01
9.899999999999999911e-01
8.545891923115844779e-01
9.899999999999999911e-01
9.899999999999999911e-01
9.899999999999999911e-01
8.415617178572492030e-01
9.899999999999999911e-01
9.899999999999999911e-01
9.899999999999999911e-01
7.771408817080656117e-01
9.899999999999999911e-01
9.899999999999999911e-01
9.899999999999999911e-01
8.370990707903860351e-01
9.899999999999999911e-01
9.899999999999999911e-01
9.899999999999999911e-01
7.705028264669454563e-01
9.899999999999999911e-01
9.899999999999999911e-01
9.899999999999999911e-01
8.371860076709178866e-01
9.899999999999999911e-01
9.899999999999999911e-01
9.899999999999999911e-01
9.222934188794456034e-01
9.899999999999999911e-01
9.899999999999999911e-01
7.640388716501211874e-01
9.899999999999999911e-01
9.899999999999999911e-01
9.899999999999999911e-01
7.573444353874808632e-01
8.397225846281657358e-01
9.899999999999999911e-01
9.899999999999999911e-01
9.899999999999999911e-01
9.094150082972780602e-01
9.899999999999999911e-01
9.899999999999999911e-01
9.899999999999999911e-01
8.085906139751807276e-01
9.899999999999999911e-01
9.899999999999999911e-01
9.899999999999999911e-01
7.850095894457959078e-01
9.899999999999999911e-01
9.899999999999999911e-01
9.899999999999999911e-01
7.793801641359545673e-01
9.899999999999999911e-01
9.899999999999999911e-01
9.899999999999999911e-01
8.766464941253019338e-01
9.899999999999999911e-01
9.899999999999999911e-01
9.899999999999999911e-01
7.467486281809579962e-01
9.899999999999999911e-01
9.899999999999999911e-01
9.899999999999999911e-01
8.269775070748813794e-01
9.899999999999999911e-01
9.899999999999999911e-01
9.899999999999999911e-01
8.229502966496415883e-01
9.899999999999999911e-01
9.899999999999999911e-01
9.899999999999999911e-01
9.375290988450801777e-01
9.899999999999999911e-01
9.899999999999999911e-01
9.899999999999999911e-01
8.513547206787180910e-01
9.899999999999999911e-01
9.899999999999999911e-01
9.899999999999999911e-01
9.391263425647119467e-01
9.899999999999999911e-01
9.899999999999999911e-01
8.805393137369752488e-01
9.899999999999999911e-01
9.899999999999999911e-01
9.899999999999999911e-01
8.459553315694493536e-01
9.899999999999999911e-01
9.899999999999999911e-01
8.870741175533067846e-01
9.899999999999999911e-01
9.899999999999999911e-01
9.899999999999999911e-01
8.543591821803162567e-01
9.899999999999999911e-01
9.899999999999999911e-01
9.899999999999999911e-01
7.610809685668407099e-01
9.899999999999999911e-01
9.899999999999999911e-01
9.899999999999999911e-01
8.409573175307633042e-01
9.899999999999999911e-01
9.073459668583484516e-01
9.899999999999999911e-01
9.899999999999999911e-01
9.899999999999999911e-01
7.867442738871684993e-01
9.899999999999999911e-01
9.899999999999999911e-01
9.899999999999999911e-01
7.579460927796438652e-01
9.899999999999999911e-01
9.899999999999999911e-01
9.899999999999999911e-01
8.175972459669695880e-01
9.899999999999999911e-01
9.899999999999999911e-01
9.899999999999999911e-01
8.141732223646030997e-01
9.899999999999999911e-01
9.899999999999999911e-01
8.731673083517801359e-01
9.899999999999999911e-01
9.899999999999999911e-01
9.292301002533931431e-01
9.899999999999999911e-01
9.899999999999999911e-01
9.899999999999999911e-01
8.470793089280806987e-01
9.899999999999999911e-01
9.899999999999999911e-01
9.899999999999999911e-01
7.949582394905682081e-01
9.899999999999999911e-01
9.899999999999999911e-01
9.899999999999999911e-01
8.931885769677296860e-01
9.899999999999999911e-01
9.899999999999999911e-01
9.899999999999999911e-01
9.403660860765095109e-01
9.899999999999999911e-01
9.899999999999999911e-01
7.933184160130669627e-01
9.899999999999999911e-01
9.899999999999999911e-01
9.899999999999999911e-01
8.416869891760417888e-01
9.899999999999999911e-01
9.899999999999999911e-01
9.899999999999999911e-01
8.487666498203476628e-01
9.899999999999999911e-01
9.899999999999999911e-01
9.899999999999999911e-01
7.886708999052350899e-01
9.899999999999999911e-01
9.899999999999999911e-01
9.899999999999999911e-01
8.852168650985350329e-01
9.899999999999999911e-01
9.899999999999999911e-01
9.899999999999999911e-01
7.848687317328592039e-01
9.899999999999999911e-01
9.899999999999999911e-01
9.899999999999999911e-01
9.236912660343578052e-01
9.899999999999999911e-01
9.899999999999999911e-01
9.899999999999999911e-01
8.076477620222725085e-01
9.899999999999999911e-01
9.899999999999999911e-01
9.899999999999999911e-01
8.605162513945616709e-01
9.899999999999999911e-01
9.899999999999999911e-01
9.899999999999999911e-01
8.911648072262894349e-01
9.899999999999999911e-01
9.899999999999999911e-01
9.899999999999999911e-01
7.877255627172604635e-01
9.899999999999999911e-01
9.899999999999999911e-01
9.899999999999999911e-01
8.899094489464494107e-01
9.899999999999999911e-01
8.265661769666872161e-01
9.899999999999999911e-01
9.899999999999999911e-01
9.899999999999999911e-01
9.102588410522525209e-01
9.899999999999999911e-01
9.899999999999999911e-01
9.899999999999999911e-01
8.129195450057998817e-01
9.899999999999999911e-01
9.899999999999999911e-01
7.603472757588595199e-01
9.899999999999999911e-01
9.899999999999999911e-01
9.899999999999999911e-01
7.578236360549935879e-01
9.899999999999999911e-01
9.899999999999999911e-01
9.899999999999999911e-01
8.490519203913893254e-01
9.899999999999999911e-01
9.899999999999999911e-01
9.203102416652664264e-01
9.899999999999999911e-01
9.899999999999999911e-01
9.899999999999999911e-01
9.171672217640662872e-01
9.899999999999999911e-01
9.899999999999999911e-01
7.917637926335141518e-01
9.899999999999999911e-01
9.899999999999999911e-01
9.899999999999999911e-01
9.762967829062932923e-01
9.899999999999999911e-01
9.899999999999999911e-01
9.899999999999999911e-01
7.889884693619759748e-01
9.899999999999999911e-01
9.899999999999999911e-01
9.899999999999999911e-01
8.344258845840156757e-01
9.899999999999999911e-01
9.899999999999999911e-01
9.899999999999999911e-01
9.369357875816616277e-01
9.899999999999999911e-01
9.899999999999999911e-01
9.899999999999999911e-01
8.803282663367244520e-01
9.899999999999999911e-01
9.899999999999999911e-01
8.811492485784004902e-01
9.899999999999999911e-01
9.899999999999999911e-01
9.899999999999999911e-01
8.658275726494674140e-01
9.899999999999999911e-01
9.899999999999999911e-01
9.899999999999999911e-01
7.821783884403207265e-01
9.899999999999999911e-01
9.899999999999999911e-01
9.899999999999999911e-01
8.578748792193257033e-01
9.899999999999999911e-01
7.677959184310390039e-01
9.899999999999999911e-01
9.899999999999999911e-01
8.519227937910309745e-01
9.899999999999999911e-01
9.899999999999999911e-01
9.899999999999999911e-01
9.370311315812338560e-01
9.899999999999999911e-01
9.899999999999999911e-01
9.899999999999999911e-01
9.015132807522486802e-01
9.899999999999999911e-01
9.899999999999999911e-01
8.047035064927842152e-01
9.899999999999999911e-01
9.899999999999999911e-01
9.899999999999999911e-01
9.374313076281888257e-01
9.899999999999999911e-01
9.899999999999999911e-01
9.899999999999999911e-01
8.174274033615313018e-01
9.899999999999999911e-01
9.899999999999999911e-01
9.450419262172943258e-01
9.899999999999999911e-01
9.899999999999999911e-01
9.899999999999999911e-01
7.910421887285800091e-01
9.899999999999999911e-01
9.899999999999999911e-01
9.318645034901964497e-01
9.899999999999999911e-01
9.899999999999999911e-01
9.899999999999999911e-01
8.569620930867292152e-01
9.899999999999999911e-01
9.899999999999999911e-01
9.899999999999999911e-01
9.373597236715477399e-01
9.899999999999999911e-01
9.899999999999999911e-01
9.899999999999999911e-01
8.707618579483744625e-01
9.899999999999999911e-01
9.899999999999999911e-01
9.899999999999999911e-01
8.314091377161266783e-01
9.899999999999999911e-01
9.899999999999999911e-01
9.899999999999999911e-01
9.332605522403256693e-01
9.899999999999999911e-01
9.899999999999999911e-01
9.899999999999999911e-01
8.497740650141794028e-01
9.899999999999999911e-01
9.899999999999999911e-01
9.509083290218888207e-01
9.899999999999999911e-01
9.899999999999999911e-01
9.899999999999999911e-01
8.976877767412931863e-01
9.899999999999999911e-01
9.087203341925098599e-01
9.899999999999999911e-01
9.899999999999999911e-01
9.899999999999999911e-01
7.894030797456564885e-01
9.899999999999999911e-01
9.899999999999999911e-01
9.899999999999999911e-01
9.377809570078774470e-01
9.899999999999999911e-01
9.899999999999999911e-01
9.899999999999999911e-01
8.993016874112378378e-01
9.899999999999999911e-01
9.899999999999999911e-01
7.861495509658678049e-01
9.899999999999999911e-01
9.899999999999999911e-01
9.899999999999999911e-01
9.310727482191936133e-01
9.899999999999999911e-01
9.899999999999999911e-01
9.899999999999999911e-01
9.349233177230884539e-01
9.899999999999999911e-01
9.899999999999999911e-01
9.899999999999999911e-01
8.840907975564844534e-01
9.899999999999999911e-01
9.899999999999999911e-01
9.899999999999999911e-01
7.824690663082832787e-01
9.899999999999999911e-01
9.899999999999999911e-01
9.899999999999999911e-01
7.958701379541999188e-01
9.899999999999999911e-01
9.899999999999999911e-01
9.899999999999999911e-01
8.043072681348195641e-01
9.899999999999999911e-01
9.899999999999999911e-01
7.753722126987736551e-01
9.899999999999999911e-01
9.899999999999999911e-01
9.899999999999999911e-01
9.161510169419408989e-01
9.899999999999999911e-01
9.899999999999999911e-01
7.580264503977210966e-01
9.899999999999999911e-01
9.899999999999999911e-01
9.899999999999999911e-01
9.339860425702573021e-01
9.899999999999999911e-01
7.715974443923548920e-01
9.899999999999999911e-01
9.899999999999999911e-01
7.635780198046294709e-01
9.899999999999999911e-01
9.899999999999999911e-01
9.233488944883802008e-01
9.899999999999999911e-01
9.899999999999999911e-01
9.347145404201961938e-01
9.899999999999999911e-01
9.899999999999999911e-01
9.899999999999999911e-01
9.516875678909116898e-01
9.899999999999999911e-01
9.899999999999999911e-01
8.066714453606437241e-01
9.899999999999999911e-01
9.899999999999999911e-01
9.899999999999999911e-01
8.311252481185065211e-01
9.899999999999999911e-01
9.899999999999999911e-01
9.899999999999999911e-01
8.672811189507558804e-01
9.899999999999999911e-01
9.899999999999999911e-01
9.899999999999999911e-01
9.494286086198350239e-01
9.899999999999999911e-01
9.899999999999999911e-01
9.021935779041452275e-01
9.899999999999999911e-01
9.899999999999999911e-01
9.899999999999999911e-01
9.011947659192620641e-01
9.899999999999999911e-01
9.899999999999999911e-01
9.173606447025071109e-01
9.899999999999999911e-01
9.899999999999999911e-01
9.899999999999999911e-01
9.598033965009981072e-01
9.899999999999999911e-01
9.899999999999999911e-01
9.899999999999999911e-01
9.899999999999999911e-01
9.899999999999999911e-01
9.201194943300157192e-01
9.899999999999999911e-01
9.899999999999999911e-01
7.963547009605403959e-01
9.899999999999999911e-01
9.899999999999999911e-01
9.899999999999999911e-01
8.438999448838392370e-01
9.899999999999999911e-01
9.899999999999999911e-01
9.899999999999999911e-01
8.398413691958027671e-01
9.899999999999999911e-01
7.466474793065851490e-01
9.899999999999999911e-01
9.899999999999999911e-01
9.000483379673401840e-01
9.899999999999999911e-01
9.899999999999999911e-01
9.899999999999999911e-01
8.790303129354229972e-01
9.899999999999999911e-01
9.899999999999999911e-01
9.899999999999999911e-01
8.338445241326783997e-01
9.899999999999999911e-01
9.899999999999999911e-01
8.304786166564613881e-01
9.899999999999999911e-01
9.899999999999999911e-01
9.899999999999999911e-01
8.831353931642311750e-01
9.899999999999999911e-01
9.899999999999999911e-01
9.899999999999999911e-01
9.449897981393328150e-01
9.899999999999999911e-01
9.899999999999999911e-01
9.899999999999999911e-01
8.571764184261454478e-01
9.899999999999999911e-01
9.899999999999999911e-01
9.899999999999999911e-01
8.622518053645956693e-01
9.899999999999999911e-01
9.899999999999999911e-01
9.899999999999999911e-01
8.853203159201743500e-01
9.899999999999999911e-01
9.899999999999999911e-01
9.899999999999999911e-01
8.097602849373791711e-01
9.899999999999999911e-01
9.899999999999999911e-01
9.899999999999999911e-01
8.229686219923735280e-01
9.899999999999999911e-01
9.899999999999999911e-01
9.899999999999999911e-01
8.988446074249484274e-01
9.899999999999999911e-01
9.899999999999999911e-01
9.899999999999999911e-01
8.317939308032148427e-01
9.899999999999999911e-01
9.899999999999999911e-01
9.899999999999999911e-01
8.438424007701317286e-01
9.899999999999999911e-01
9.899999999999999911e-01
8.982462804545645607e-01
9.899999999999999911e-01
9.899999999999999911e-01
9.899999999999999911e-01
