9.236074584001349175e-01
9.899999999999999911e-01
9.899999999999999911e-01
9.899999999999999911e-01
7.375388260670434626e-01
9.899999999999999911e-01
9.899999999999999911e-01
9.899999999999999911e-01
8.810144030077516897e-01
9.831586978948024802e-01
9.899999999999999911e-01
9.899999999999999911e-01
8.208419835271427711e-01
9.899999999999999911e-01
9.899999999999999911e-01
9.899999999999999911e-01
8.861430765245182917e-01
9.899999999999999911e-01
9.899999999999999911e-01
9.899999999999999911e-01
8.224440048015019267e-01
9.899999999999999911e-01
9.899999999999999911e-01
9.899999999999999911e-01
8.990957696989910763e-01
9.899999999999999911e-01
9.899999999999999911e-01
9.899999999999999911e-01
8.712460271233192222e-01
9.899999999999999911e-01
9.899999999999999911e-01
9.899999999999999911e-01
8.817599259622179719e-01
9.899999999999999911e-01
9.899999999999999911e-01
9.899999999999999911e-01
9.082144711781704460e-01
9.899999999999999911e-01
9.899999999999999911e-01
9.899999999999999911e-01
8.835201256681332049e-01
9.899999999999999911e-01
9.899999999999999911e-01
9.899999999999999911e-01
9.080757553936806836e-01
9.899999999999999911e-01
9.899999999999999911e-01
9.899999999999999911e-01
9.031987445926529245e-01
9.899999999999999911e-01
9.717657256254194076e-01
9.899999999999999911e-01
8.874119393863384442e-01
9.899999999999999911e-01
9.899999999999999911e-01
9.899999999999999911e-01
7.223881935374341090e-01
9.899999999999999911e-01
9.899999999999999911e-01
9.899999999999999911e-01
8.015506160262897417e-01
9.899999999999999911e-01
9.899999999999999911e-01
9.899999999999999911e-01
7.470103734531248207e-01
9.833777322942783838e-01
9.899999999999999911e-01
9.899999999999999911e-01
7.840828767381889941e-01
9.899999999999999911e-01
9.899999999999999911e-01
9.899999999999999911e-01
8.879696343596664709e-01
9.899999999999999911e-01
9.899999999999999911e-01
9.899999999999999911e-01
9.187283498279886773e-01
9.899999999999999911e-01
9.899999999999997691e-01
9.899999999999999911e-01
8.760929521445605106e-01
9.899999999999999911e-01
9.899999999999999911e-01
9.899999999999999911e-01
8.394079477173844728e-01
9.899999999999999911e-01
9.860886495656260298e-01
9.899999999999999911e-01
8.885949740541225772e-01
9.899999999999999911e-01
9.899999999999999911e-01
9.899999999999999911e-01
8.381677392502616675e-01
9.899999999999999911e-01
9.899999999999999911e-01
9.899999999999999911e-01
7.892249786422924629e-01
9.899999999999999911e-01
9.770096093852452812e-01
9.899999999999999911e-01
8.147648507122762229e-01
9.899999999999999911e-01
9.899999999999999911e-01
9.899999999999999911e-01
8.362549032944358585e-01
9.899999999999999911e-01
9.899999999999999911e-01
9.899999999999999911e-01
8.194611218317849888e-01
9.899999999999999911e-01
7.942484529892951395e-01
9.899999999999999911e-01
9.899999999999999911e-01
9.899999999999999911e-01
9.065674414080386878e-01
9.899999999999999911e-01
7.176206352512767284e-01
9.899999999999999911e-01
9.899999999999999911e-01
9.899999999999999911e-01
7.662057614274054851e-01
9.899999999999999911e-01
9.899999999999999911e-01
9.899999999999999911e-01
7.324091132609678034e-01
9.899999999999999911e-01
9.899999999999999911e-01
9.899999999999999911e-01
7.498691418441487677e-01
9.899999999999999911e-01
9.899999999999999911e-01
9.899999999999999911e-01
8.326314690981416744e-01
9.899999999999999911e-01
9.899999999999999911e-01
9.899999999999999911e-01
8.546700281643024866e-01
9.899999999999999911e-01
9.899999999999999911e-01
9.899999999999999911e-01
8.841559039224495820e-01
9.899999999999999911e-01
9.899999999999999911e-01
8.559846609309476051e-01
9.899999999999999911e-01
9.899999999999999911e-01
9.899999999999999911e-01
8.405651588171280109e-01
9.899999999999999911e-01
9.899999999999999911e-01
9.475783378184202688e-01
9.899999999999999911e-01
9.899999999999999911e-01
9.899999999999999911e-01
8.595180915088947993e-01
9.870866274938701057e-01
9.899999999999999911e-01
9.899999999999999911e-01
9.899999999999999911e-01
9.899999999999999911e-01
8.848175112102730777e-01
9.899999999999999911e-01
9.899999999999999911e-01
9.899999999999999911e-01
8.907493141646976031e-01
9.899999999999999911e-01
9.899999999999999911e-01
9.899999999999999911e-01
9.899999999999999911e-01
9.185006492055854954e-01
9.899999999999999911e-01
9.899999999999999911e-01
9.899999999999999911e-01
9.899999999999999911e-01
8.553319081263430768e-01
9.899999999999999911e-01
9.704826521740637091e-01
9.899999999999999911e-01
8.836838518704991374e-01
9.899999999999999911e-01
9.899999999999999911e-01
9.802300775491475937e-01
9.263794218198501129e-01
9.899999999999999911e-01
9.899999999999999911e-01
9.899999999999999911e-01
9.899999999999999911e-01
9.899999999999999911e-01
9.093730396414310135e-01
9.899999999999999911e-01
9.899999999999999911e-01
9.899999999999999911e-01
8.241255806448488652e-01
9.899999999999999911e-01
9.899999999999999911e-01
9.899999999999999911e-01
8.312026123142094436e-01
9.899999999999999911e-01
9.899999999999999911e-01
9.899999999999999911e-01
7.107316445493330193e-01
9.899999999999999911e-01
9.899999999999999911e-01
9.899999999999999911e-01
9.899999999999999911e-01
9.899999999999999911e-01
9.899999999999999911e-01
9.589466836507559711e-01
9.899999999999999911e-01
9.899999999999999911e-01
9.899999999999999911e-01
8.650171092170482190e-01
9.899999999999999911e-01
9.899999999999999911e-01
9.899999999999999911e-01
7.649127690549164527e-01
9.899999999999999911e-01
9.899999999999999911e-01
9.071576496867697070e-01
9.899999999999999911e-01
9.899999999999999911e-01
7.762506197259457785e-01
9.899999999999999911e-01
9.899999999999999911e-01
8.965951466171743212e-01
9.778279356760277707e-01
9.899999999999999911e-01
9.899999999999999911e-01
7.196165807523244862e-01
9.710889418407083751e-01
9.899999999999999911e-01
9.899999999999999911e-01
9.263926557665073114e-01
9.899999999999999911e-01
9.899999999999999911e-01
9.899999999999999911e-01
7.147677136329302350e-01
9.690659891992349229e-01
9.899999999999999911e-01
9.899999999999999911e-01
7.417985712445315238e-01
9.899999999999999911e-01
9.899999999999999911e-01
9.899999999999999911e-01
8.210937612956528131e-01
9.899999999999999911e-01
9.899999999999999911e-01
9.899999999999999911e-01
8.271827842296172184e-01
8.019539249691762794e-01
9.899999999999999911e-01
9.899999999999999911e-01
9.899999999999999911e-01
8.095436743961021975e-01
9.899999999999999911e-01
9.899999999999999911e-01
9.848717477656196984e-01
7.854972357315994635e-01
9.899999999999999911e-01
9.668916680592635204e-01
9.899999999999999911e-01
8.401307786173271008e-01
9.899999999999999911e-01
9.740967705978798019e-01
9.899999999999999911e-01
8.862135025362068985e-01
9.899999999999999911e-01
9.899999999999999911e-01
9.899999999999999911e-01
8.083096828704775527e-01
9.899999999999999911e-01
9.899999999999999911e-01
9.899999999999999911e-01
9.130116648091074483e-01
9.899999999999999911e-01
9.899999999999999911e-01
9.899999999999999911e-01
8.789572320157043039e-01
9.899999999999999911e-01
9.899999999999999911e-01
9.899999999999999911e-01
9.105634949971084247e-01
9.899999999999999911e-01
9.629699685390037400e-01
9.899999999999999911e-01
7.134525549470052130e-01
9.899999999999999911e-01
9.783328465558729370e-01
9.899999999999999911e-01
8.833876856637244979e-01
9.899999999999999911e-01
9.899999999999999911e-01
9.899999999999999911e-01
9.030710305938813853e-01
9.899999999999999911e-01
9.899999999999999911e-01
9.899999999999999911e-01
7.074859544331646433e-01
9.899999999999999911e-01
9.899999999999999911e-01
9.899999999999999911e-01
8.079084400582705605e-01
9.899999999999999911e-01
9.899999999999999911e-01
9.899999999999999911e-01
7.858973782091591698e-01
9.899999999999999911e-01
9.899999999999999911e-01
9.899999999999999911e-01
8.988432730628546086e-01
9.899999999999999911e-01
9.899999999999999911e-01
9.899999999999999911e-01
8.186613947691966375e-01
9.899999999999999911e-01
9.899999999999999911e-01
9.899999999999999911e-01
7.547294932411717783e-01
9.899999999999999911e-01
9.899999999999999911e-01
9.899999999999999911e-01
8.433826420648333766e-01
9.899999999999999911e-01
9.899999999999999911e-01
9.763679586962358270e-01
8.379633645252507756e-01
9.899999999999999911e-01
9.899999999999999911e-01
9.899999999999999911e-01
8.344792861975277587e-01
9.899999999999999911e-01
9.899999999999999911e-01
9.899999999999999911e-01
8.492389197085115082e-01
9.899999999999999911e-01
9.821025409024807251e-01
9.899999999999999911e-01
9.899999999999999911e-01
9.828664790113805783e-01
9.899999999999999911e-01
9.899999999999999911e-01
8.654307619520776873e-01
9.899999999999999911e-01
9.899999999999999911e-01
9.899999999999999911e-01
8.475696969734963782e-01
9.899999999999999911e-01
9.899999999999999911e-01
9.899999999999999911e-01
9.675799392433797053e-01
9.899999999999999911e-01
9.899999999999999911e-01
9.899999999999999911e-01
7.921976372396288824e-01
9.899999999999999911e-01
9.899999999999999911e-01
9.899999999999999911e-01
9.711840876781930865e-01
6.981031954050874733e-01
9.899999999999999911e-01
9.857711394481990519e-01
9.899999999999999911e-01
7.653465481586533281e-01
9.899999999999999911e-01
9.899999999999999911e-01
9.768842061332818627e-01
9.176403482833661585e-01
9.899999999999999911e-01
9.899999999999999911e-01
9.899999999999999911e-01
8.974064311440642649e-01
9.899999999999999911e-01
9.899999999999999911e-01
7.548176920335138984e-01
9.723737525232161172e-01
9.696866034421334213e-01
9.899999999999999911e-01
8.860546122816316261e-01
9.899999999999999911e-01
9.899999999999999911e-01
9.899999999999999911e-01
7.220106092902651707e-01
9.621297889162686579e-01
9.899999999999999911e-01
9.899999999999999911e-01
9.084731844898662478e-01
9.899999999999999911e-01
9.899999999999999911e-01
8.042922027917493999e-01
9.899999999999999911e-01
9.899999999999999911e-01
9.899999999999999911e-01
8.144469329896958376e-01
9.899999999999999911e-01
9.899999999999999911e-01
9.899999999999999911e-01
7.587203537518466545e-01
9.777600915044062369e-01
9.332309704243353377e-01
9.899999999999999911e-01
9.899999999999999911e-01
9.899999999999999911e-01
7.541741013170971675e-01
9.899999999999999911e-01
9.899999999999999911e-01
9.706591808183907544e-01
8.547884220484410767e-01
9.096418238743932960e-01
9.899999999999999911e-01
9.899999999999999911e-01
9.120777241245785483e-01
9.899999999999999911e-01
9.899999999999999911e-01
9.899999999999999911e-01
8.069918938915462414e-01
9.899999999999999911e-01
9.899999999999999911e-01
9.899999999999999911e-01
8.643791208776165913e-01
9.899999999999999911e-01
9.899999999999999911e-01
9.899999999999999911e-01
7.420177755588249768e-01
9.899999999999999911e-01
9.899999999999999911e-01
9.899999999999999911e-01
8.850247064647771555e-01
9.899999999999999911e-01
9.899999999999999911e-01
9.899999999999999911e-01
8.670430622187487169e-01
9.899999999999999911e-01
9.899999999999999911e-01
9.756501787061788722e-01
7.494120120595054724e-01
9.899999999999999911e-01
9.899999999999999911e-01
9.899999999999999911e-01
7.746338738896658693e-01
9.899999999999999911e-01
9.899999999999999911e-01
9.899999999999999911e-01
9.849538692650207095e-01
9.899999999999999911e-01
8.997885943555040678e-01
9.899999999999999911e-01
9.899999999999999911e-01
9.899999999999999911e-01
8.624365048352199414e-01
9.899999999999999911e-01
9.899999999999999911e-01
8.862630013449378508e-01
9.899999999999999911e-01
9.899999999999999911e-01
9.899999999999999911e-01
8.555316732906749211e-01
9.899999999999999911e-01
7.627649313569767608e-01
9.749286962624394981e-01
9.899999999999999911e-01
9.899999999999999911e-01
9.729870716818774801e-01
9.899999999999999911e-01
9.899999999999997691e-01
9.899999999999999911e-01
8.602267991413080628e-01
9.899999999999999911e-01
9.899999999999999911e-01
9.899999999999999911e-01
7.705876517964351802e-01
9.899999999999999911e-01
9.899999999999999911e-01
9.899999999999999911e-01
7.315809664434520521e-01
9.893038501087568770e-01
9.899999999999999911e-01
9.899999999999999911e-01
8.858610872982581874e-01
9.899999999999999911e-01
9.899999999999999911e-01
9.899999999999999911e-01
7.762094433867189336e-01
9.899999999999999911e-01
9.899999999999999911e-01
9.899999999999999911e-01
8.870461731754900603e-01
9.899999999999999911e-01
9.899999999999999911e-01
9.899999999999999911e-01
8.013827703160250060e-01
9.899999999999999911e-01
9.899999999999999911e-01
9.899999999999999911e-01
7.593599735237889226e-01
9.899999999999999911e-01
9.899999999999999911e-01
9.826610990615078922e-01
9.143586989582456193e-01
9.899999999999999911e-01
9.899999999999999911e-01
9.899999999999999911e-01
7.342104274646171769e-01
9.899999999999999911e-01
9.899999999999999911e-01
9.899999999999999911e-01
9.750414861766597552e-01
9.899999999999999911e-01
9.899999999999999911e-01
9.899999999999999911e-01
8.083309963643832141e-01
9.899999999999999911e-01
9.899999999999999911e-01
9.899999999999999911e-01
8.809338046434160852e-01
9.899999999999999911e-01
9.899999999999999911e-01
9.899999999999999911e-01
7.123416217710895060e-01
9.899999999999999911e-01
9.899999999999999911e-01
9.899999999999999911e-01
9.061531965820655010e-01
9.899999999999999911e-01
9.899999999999999911e-01
9.899999999999999911e-01
7.866629540670899701e-01
9.865910911616490031e-01
9.899999999999999911e-01
9.899999999999999911e-01
8.117229864042455612e-01
9.899999999999999911e-01
9.899999999999999911e-01
9.899999999999999911e-01
7.939104684542852564e-01
9.899999999999999911e-01
9.899999999999999911e-01
9.899999999999999911e-01
7.289311342662286863e-01
9.899999999999999911e-01
9.899999999999999911e-01
9.899999999999999911e-01
7.930201419940869911e-01
9.899999999999999911e-01
9.899999999999999911e-01
9.899999999999999911e-01
7.233942349266014871e-01
9.846604241358741794e-01
9.899999999999999911e-01
9.899999999999999911e-01
7.889404492961131776e-01
9.899999999999999911e-01
9.736982697392124741e-01
9.899999999999999911e-01
8.894550617123195835e-01
9.899999999999999911e-01
9.899999999999999911e-01
7.212348179700933670e-01
9.899999999999999911e-01
9.899999999999999911e-01
9.849252345465902003e-01
7.211703549926331558e-01
7.961156782136991072e-01
9.899999999999999911e-01
9.899999999999999911e-01
9.899999999999999911e-01
8.968750492405321850e-01
9.899999999999999911e-01
9.899999999999999911e-01
9.899999999999999911e-01
7.678575123664979074e-01
9.899999999999999911e-01
9.899999999999999911e-01
9.792472352442472827e-01
7.412493333993152023e-01
9.899999999999999911e-01
9.899999999999999911e-01
9.899999999999999911e-01
7.325869720866990953e-01
9.899999999999999911e-01
9.899999999999999911e-01
9.899999999999999911e-01
8.299131487080424474e-01
9.899999999999999911e-01
9.899999999999999911e-01
9.899999999999999911e-01
7.062994922080547688e-01
9.899999999999999911e-01
9.899999999999999911e-01
9.899999999999999911e-01
7.793597457051377742e-01
9.899999999999999911e-01
9.899999999999999911e-01
9.899999999999999911e-01
7.748969198022167548e-01
9.899999999999999911e-01
9.850862962570055004e-01
9.899999999999999911e-01
9.015005934953094213e-01
9.808403599726376321e-01
9.899999999999999911e-01
9.899999999999999911e-01
8.227258718761435441e-01
9.899999999999999911e-01
9.899999999999999911e-01
9.899999999999999911e-01
9.198163633934789418e-01
9.899999999999999911e-01
9.855409390537543945e-01
8.442759414359394254e-01
9.802082259158079180e-01
9.899999999999999911e-01
9.899999999999999911e-01
8.245912842649094632e-01
9.899999999999999911e-01
9.899999999999999911e-01
8.575096760407543428e-01
9.899999999999999911e-01
9.899999999999999911e-01
9.899999999999999911e-01
8.163791133505353681e-01
9.899999999999999911e-01
9.899999999999999911e-01
9.899999999999999911e-01
7.222699342016579704e-01
9.899999999999999911e-01
9.899999999999999911e-01
9.899999999999999911e-01
8.176527428294562139e-01
9.899999999999999911e-01
8.700713607541051831e-01
9.899999999999999911e-01
9.899999999999999911e-01
9.899999999999999911e-01
7.431107239919754193e-01
9.899999999999999911e-01
9.899999999999999911e-01
9.819695994923463012e-01
7.057776793698813389e-01
9.899999999999999911e-01
9.899999999999999911e-01
9.899999999999999911e-01
7.756411325113971023e-01
9.899999999999999911e-01
9.899999999999999911e-01
9.899999999999999911e-01
7.748965543349796148e-01
9.899999999999999911e-01
9.899999999999999911e-01
8.369824667100195237e-01
9.899999999999999911e-01
9.899999999999999911e-01
8.875368576711948343e-01
9.899999999999999911e-01
9.899999999999999911e-01
9.899999999999999911e-01
8.043601194910661167e-01
9.899999999999999911e-01
9.899999999999999911e-01
9.899999999999999911e-01
7.488031118644506989e-01
9.899999999999999911e-01
9.899999999999999911e-01
9.899999999999999911e-01
8.477821039011911308e-01
9.899999999999999911e-01
9.828770574986234188e-01
9.899999999999999911e-01
8.934584987206770634e-01
9.899999999999999911e-01
9.899999999999999911e-01
7.459840494240623787e-01
9.899999999999999911e-01
9.899999999999999911e-01
9.899999999999999911e-01
7.942418445225690737e-01
9.899999999999999911e-01
9.899999999999999911e-01
9.899999999999999911e-01
8.028460241158981159e-01
9.899999999999999911e-01
9.899999999999999911e-01
9.899999999999999911e-01
7.417365098063815054e-01
9.739874729558407607e-01
9.899999999999999911e-01
9.899999999999999911e-01
8.393639556251268896e-01
9.899999999999999911e-01
9.899999999999999911e-01
9.852727274805691549e-01
7.453176964260428417e-01
9.899999999999999911e-01
9.899999999999999911e-01
9.837290481684582977e-01
8.762402285977501926e-01
9.899999999999999911e-01
9.802509944293985589e-01
9.899999999999999911e-01
7.684897006403147435e-01
9.899999999999999911e-01
9.899999999999999911e-01
9.899999999999999911e-01
8.150561079285401078e-01
9.899999999999999911e-01
9.899999999999999911e-01
9.899999999999999911e-01
8.494447796734461154e-01
9.899999999999999911e-01
9.899999999999999911e-01
9.802865862331084923e-01
7.455239033622924616e-01
9.899999999999999911e-01
9.899999999999999911e-01
9.899999999999999911e-01
8.628509284744838581e-01
9.899999999999999911e-01
7.781364064295758221e-01
9.899999999999999911e-01
9.899999999999999911e-01
9.796838874299207411e-01
8.663687985005819048e-01
9.899999999999999911e-01
9.899999999999999911e-01
9.899999999999999911e-01
7.661679386546116355e-01
9.899999999999999911e-01
9.899999999999999911e-01
7.189349208404308689e-01
9.899999999999999911e-01
9.899999999999999911e-01
9.899999999999999911e-01
7.084878786230855985e-01
9.899999999999999911e-01
9.899999999999999911e-01
9.899999999999999911e-01
8.008860621457236650e-01
9.899999999999999911e-01
9.899999999999999911e-01
8.780957632937851365e-01
9.899999999999999911e-01
9.899999999999999911e-01
9.899999999999999911e-01
8.728349447176005915e-01
9.899999999999999911e-01
9.899999999999999911e-01
7.498939448283359344e-01
9.899999999999999911e-01
9.899999999999999911e-01
9.899999999999999911e-01
9.745971304380902644e-01
9.899999999999999911e-01
9.899999999999999911e-01
9.899999999999999911e-01
7.486487605043194993e-01
9.662522086472281613e-01
9.899999999999999911e-01
9.899999999999999911e-01
7.946060647552021239e-01
9.899999999999999911e-01
9.842681164531416060e-01
9.899999999999999911e-01
8.937023586678514153e-01
9.899999999999999911e-01
9.290455271086889288e-01
9.788247293007991123e-01
8.586127093347556416e-01
9.899999999999999911e-01
9.899999999999999911e-01
8.341623308193349962e-01
9.899999999999999911e-01
9.899999999999999911e-01
9.680445177745780061e-01
8.253946283882610535e-01
9.679125163839280566e-01
9.899999999999999911e-01
9.899999999999999911e-01
7.341512852005561696e-01
9.899999999999999911e-01
9.899999999999999911e-01
9.899999999999999911e-01
8.387356891723959373e-01
9.899085841093697713e-01
7.329724561561284935e-01
9.899999999999999911e-01
9.899999999999999911e-01
8.044779792375369443e-01
9.899999999999999911e-01
9.899999999999999911e-01
9.899999999999999911e-01
8.954019392541051614e-01
9.899999999999999911e-01
9.899999999999999911e-01
9.899999999999999911e-01
8.541740436545957049e-01
9.899999999999999911e-01
9.899999999999999911e-01
7.631086442926979796e-01
9.899999999999999911e-01
9.899999999999999911e-01
9.899999999999999911e-01
8.936979620469034380e-01
9.899999999999999911e-01
9.766408512583918400e-01
9.711438789644347702e-01
7.701953043672313814e-01
9.899999999999999911e-01
9.899999999999999911e-01
8.976537303489771080e-01
9.899999999999999911e-01
9.899999999999999911e-01
9.899999999999999911e-01
7.611596383351114659e-01
9.782233369874784312e-01
9.789935378268747046e-01
8.885214685961063674e-01
9.735395145926353244e-01
9.832872919642304810e-01
9.717472339131550951e-01
8.167662951695344731e-01
9.899999999999999911e-01
9.899999999999999911e-01
9.899999999999999911e-01
9.165893351078807649e-01
9.899999999999999911e-01
9.899999999999999911e-01
9.899999999999999911e-01
8.238104522935764118e-01
9.899999999999999911e-01
9.899999999999999911e-01
9.899999999999999911e-01
7.867503629250648389e-01
9.840085901398483159e-01
9.894123799099648897e-01
9.899999999999999911e-01
8.913009432163951917e-01
9.861676985556030450e-01
9.899999999999999911e-01
9.850513154615413436e-01
8.040841641123589456e-01
9.899999999999999911e-01
9.899999999999999911e-01
9.040531689904747203e-01
9.899999999999999911e-01
9.873204506811531500e-01
9.898415383035539250e-01
8.648600594040893874e-01
9.899999999999999911e-01
8.611305237736313067e-01
9.899999999999999911e-01
9.740035623692452349e-01
9.899999999999999911e-01
7.424997099175628668e-01
9.899999999999999911e-01
9.899999999999999911e-01
9.899999999999999911e-01
8.939166752540915750e-01
9.899999999999999911e-01
9.899999999999999911e-01
9.899999999999999911e-01
8.611263837067613114e-01
9.899999999999999911e-01
9.899999999999999911e-01
7.372766883416448369e-01
9.899999999999999911e-01
9.899999999999999911e-01
9.899999999999999911e-01
8.860691574621348821e-01
9.899999999999999911e-01
9.899999999999999911e-01
9.899999999999999911e-01
8.896790889003657332e-01
9.899999999999999911e-01
9.899999999999999911e-01
9.899999999999999911e-01
8.693507400168881682e-01
9.899999999999999911e-01
9.899999999999999911e-01
9.899999999999999911e-01
7.363221194071520870e-01
9.899999999999999911e-01
9.899999999999999911e-01
9.899999999999999911e-01
7.475856230532258451e-01
9.899999999999999911e-01
9.899999999999999911e-01
9.899999999999999911e-01
7.650779624798819123e-01
9.899999999999999911e-01
9.899999999999999911e-01
7.305043470643206582e-01
9.899999999999999911e-01
9.899999999999999911e-01
9.899999999999999911e-01
8.721859425562783485e-01
9.899999999999999911e-01
9.899999999999999911e-01
7.163754299257402147e-01
9.899999999999999911e-01
9.899999999999999911e-01
9.899999999999999911e-01
8.867753706296509497e-01
9.899999999999999911e-01
7.275096909155409630e-01
9.899999999999999911e-01
9.791896126437897863e-01
7.167311288440020300e-01
9.776167721451773929e-01
9.899999999999999911e-01
8.789685392409656295e-01
9.899999999999999911e-01
9.654191694415121816e-01
8.888101038749216531e-01
9.899999999999999911e-01
9.705760747452197856e-01
9.899999999999999911e-01
9.043755082436760739e-01
9.820242488240363832e-01
9.899999999999999911e-01
7.745766593645144749e-01
9.899999999999999911e-01
9.899999999999999911e-01
9.627895783009491337e-01
7.808833259017756712e-01
9.899999999999999911e-01
9.899999999999999911e-01
9.899999999999999911e-01
8.268551240579617989e-01
9.872734826732371127e-01
9.899999999999999911e-01
9.899999999999999911e-01
9.075211535540781416e-01
9.899999999999999911e-01
9.899999999999999911e-01
8.898191910224503287e-01
9.899999999999999911e-01
9.899999999999999911e-01
9.899999999999999911e-01
8.753093177919117895e-01
9.899999999999999911e-01
9.899999999999999911e-01
8.755314065126538203e-01
9.899999999999999911e-01
9.899999999999999911e-01
9.762973215289615370e-01
9.386796832876757035e-01
9.899999999999999911e-01
9.899999999999999911e-01
9.899999999999999911e-01
9.899999999999999911e-01
9.899999999999999911e-01
9.039424571271096331e-01
9.899999999999999911e-01
9.899999999999999911e-01
7.481395862314799139e-01
9.899999999999999911e-01
9.899999999999999911e-01
9.899999999999999911e-01
8.036179756758654591e-01
9.899999999999999911e-01
9.899999999999999911e-01
9.899999999999999911e-01
8.105103763113697957e-01
9.660872884232570845e-01
7.001445741993191918e-01
9.899999999999999911e-01
9.899999999999999911e-01
8.584817672312411441e-01
9.899999999999999911e-01
9.685887260413007516e-01
9.714698347424118863e-01
8.380413060298809169e-01
9.899999999999999911e-01
9.899999999999999911e-01
9.899999999999999911e-01
7.862675926141882154e-01
9.899999999999999911e-01
9.899999999999999911e-01
7.904772622765644519e-01
9.710076878950071322e-01
9.899999999999999911e-01
9.899999999999999911e-01
8.357673160805894064e-01
9.899999999999999911e-01
9.899999999999999911e-01
9.899999999999999911e-01
9.008128184369397218e-01
9.899999999999999911e-01
9.899999999999999911e-01
9.899999999999999911e-01
8.090051091957692897e-01
9.768216595501647559e-01
9.899999999999999911e-01
9.899999999999999911e-01
8.143073143882882947e-01
9.899999999999999911e-01
9.861104130931080958e-01
9.899999999999999911e-01
8.449410895408171474e-01
9.774613617992238268e-01
9.899999999999999911e-01
9.899999999999999911e-01
7.591943013320829881e-01
9.899999999999999911e-01
9.615197635320109626e-01
9.899999999999999911e-01
7.828780081485623432e-01
9.899999999999999911e-01
9.899999999999999911e-01
9.899999999999999911e-01
8.577780059982901273e-01
9.899999999999999911e-01
9.899999999999999911e-01
9.899999999999999911e-01
7.921627351438315090e-01
9.899999999999999911e-01
9.899999999999999911e-01
9.899999999999999911e-01
8.222659908871696732e-01
9.899999999999999911e-01
9.788292153122681860e-01
8.783650309167966297e-01
9.899999999999999911e-01
9.899999999999999911e-01
9.899999999999999911e-01
