9.424554952515590278e-01
9.899999999999999911e-01
9.899999999999999911e-01
9.899999999999998801e-01
7.855350580910093194e-01
9.899999999999999911e-01
9.899999999999999911e-01
9.899999999999999911e-01
9.019626401283140638e-01
9.899999999999999911e-01
9.899999999999999911e-01
9.899999999999999911e-01
8.655102920664708988e-01
9.899999999999999911e-01
9.899999999999999911e-01
9.899999999999999911e-01
9.420601772876096014e-01
9.899999999999999911e-01
9.899999999999999911e-01
9.899999999999999911e-01
8.726522945060209979e-01
9.899999999999999911e-01
9.899999999999999911e-01
9.899999999999999911e-01
9.557193518383236830e-01
9.899999999999999911e-01
9.899999999999999911e-01
9.899999999999999911e-01
9.279407633849972026e-01
9.899999999999999911e-01
9.899999999999999911e-01
9.899999999999999911e-01
9.385899824005654590e-01
9.899999999999999911e-01
9.899999999999999911e-01
9.899999999999999911e-01
9.550692493955180717e-01
9.899999999999999911e-01
9.899999999999999911e-01
9.899999999999999911e-01
9.403355895310858692e-01
9.899999999999999911e-01
9.899999999999999911e-01
9.899999999999999911e-01
9.486093362233283255e-01
9.899999999999999911e-01
9.899999999999999911e-01
9.899999999999999911e-01
9.533899178303805177e-01
9.899999999999999911e-01
9.899999999999999911e-01
9.899999999999999911e-01
9.424803614649112093e-01
9.899999999999999911e-01
9.899999999999999911e-01
9.899999999999999911e-01
7.759043844363153752e-01
9.899999999999999911e-01
9.899999999999999911e-01
9.899999999999999911e-01
8.516473869643277350e-01
9.899999999999999911e-01
9.899999999999999911e-01
9.899999999999999911e-01
8.031626210760289819e-01
9.899999999999999911e-01
9.899999999999999911e-01
9.899999999999999911e-01
8.333008670493691206e-01
9.899999999999999911e-01
9.899999999999999911e-01
9.899999999999999911e-01
9.379313880624942090e-01
9.899999999999999911e-01
9.899999999999999911e-01
9.899999999999999911e-01
9.467990417771608991e-01
9.899999999999999911e-01
9.899999999999991029e-01
9.899999999999999911e-01
9.082138241954818003e-01
9.899999999999999911e-01
9.899999999999999911e-01
9.899999999999999911e-01
8.922697639947945181e-01
9.899999999999999911e-01
9.899999999999999911e-01
9.899999999999999911e-01
9.408772093404127457e-01
9.899999999999999911e-01
9.899999999999999911e-01
9.899999999999999911e-01
8.925916056614568994e-01
9.899999999999999911e-01
9.899999999999999911e-01
9.899999999999999911e-01
8.466309306236314836e-01
9.899999999999999911e-01
9.899999999999999911e-01
9.899999999999999911e-01
8.721699872310318957e-01
9.899999999999999911e-01
9.899999999999999911e-01
9.899999999999999911e-01
8.856138724199991152e-01
9.899999999999999911e-01
9.899999999999999911e-01
9.899999999999999911e-01
8.628047427932010738e-01
9.899999999999999911e-01
8.458114341031899297e-01
9.899999999999999911e-01
9.899999999999999911e-01
9.899999999999999911e-01
9.468412142748318105e-01
9.899999999999999911e-01
7.735156283577172553e-01
9.899999999999999911e-01
9.899999999999999911e-01
9.899999999999999911e-01
8.232048211409772609e-01
9.899999999999999911e-01
9.899999999999999911e-01
9.899999999999999911e-01
7.881091409198088815e-01
9.899999999999999911e-01
9.899999999999999911e-01
9.899999999999999911e-01
7.986659262325334074e-01
9.899999999999999911e-01
9.899999999999999911e-01
9.899999999999999911e-01
8.896063658036177380e-01
9.899999999999999911e-01
9.899999999999999911e-01
9.899999999999999911e-01
9.074828591046741888e-01
9.899999999999999911e-01
9.899999999999999911e-01
9.899999999999999911e-01
9.029037945529105880e-01
9.899999999999999911e-01
9.899999999999999911e-01
8.813074326858273411e-01
9.899999999999999911e-01
9.899999999999999911e-01
9.899999999999999911e-01
8.646385879901836713e-01
9.899999999999999911e-01
9.899999999999999911e-01
9.589086203300926092e-01
9.899999999999999911e-01
9.899999999999999911e-01
9.899999999999999911e-01
8.925053344666981081e-01
9.899999999999999911e-01
9.899999999999999911e-01
9.899999999999999911e-01
9.899999999999999911e-01
9.899999999999999911e-01
9.146903707422362473e-01
9.899999999999999911e-01
9.899999999999999911e-01
9.899999999999999911e-01
9.268656731160380691e-01
9.899999999999999911e-01
9.899999999999999911e-01
9.899999999999999911e-01
9.899999999999999911e-01
9.629354714541176197e-01
9.899999999999999911e-01
9.899999999999999911e-01
9.899999999999999911e-01
9.899999999999999911e-01
8.883790432400219261e-01
9.899999999999999911e-01
9.899999999999999911e-01
9.899999999999999911e-01
9.117899014022188275e-01
9.899999999999999911e-01
9.899999999999999911e-01
9.899999999999999911e-01
9.664743405193844117e-01
9.899999999999999911e-01
9.899999999999999911e-01
9.899999999999999911e-01
9.899999999999999911e-01
9.899999999999999911e-01
9.498306425993339186e-01
9.899999999999999911e-01
9.899999999999999911e-01
9.899999999999999911e-01
8.576346939640282496e-01
9.899999999999999911e-01
9.899999999999999911e-01
9.899999999999999911e-01
8.871259928196010280e-01
9.899999999999999911e-01
9.899999999999999911e-01
9.899999999999999911e-01
7.693549815137816772e-01
9.899999999999999911e-01
9.899999999999999911e-01
9.899999999999999911e-01
9.899999999999999911e-01
9.899999999999999911e-01
9.899999999999999911e-01
9.682403741654673768e-01
9.899999999999999911e-01
9.899999999999999911e-01
9.899999999999999911e-01
9.185143001689936026e-01
9.899999999999999911e-01
9.899999999999999911e-01
9.899999999999999911e-01
8.012293056880682718e-01
9.899999999999999911e-01
9.899999999999999911e-01
9.434510722063240706e-01
9.899999999999999911e-01
9.899999999999999911e-01
8.154632165763483487e-01
9.899999999999999911e-01
9.899999999999999911e-01
9.341062661329285755e-01
9.899999999999999911e-01
9.899999999999999911e-01
9.899999999999999911e-01
7.650667331960782080e-01
9.899999999999999911e-01
9.899999999999999911e-01
9.899999999999999911e-01
9.580531867181591998e-01
9.899999999999999911e-01
9.899999999999999911e-01
9.899999999999999911e-01
7.729788978318025139e-01
9.899999999999999911e-01
9.899999999999999911e-01
9.899999999999999911e-01
7.954112443657396225e-01
9.899999999999999911e-01
9.899999999999999911e-01
9.899999999999999911e-01
8.762443851230853342e-01
9.899999999999999911e-01
9.899999999999999911e-01
9.899999999999999911e-01
8.595164548992023645e-01
8.593830455399387169e-01
9.899999999999999911e-01
9.899999999999999911e-01
9.899999999999999911e-01
8.658237107363087048e-01
9.899999999999999911e-01
9.899999999999999911e-01
9.899999999999999911e-01
8.354404424145068786e-01
9.899999999999999911e-01
9.899999999999999911e-01
9.899999999999999911e-01
8.924539486464102556e-01
9.899999999999999911e-01
9.899999999999999911e-01
9.899999999999999911e-01
9.346313493485649548e-01
9.899999999999999911e-01
9.899999999999999911e-01
9.899999999999999911e-01
8.531468704840219353e-01
9.899999999999999911e-01
9.899999999999999911e-01
9.899999999999999911e-01
9.643833210877325035e-01
9.899999999999999911e-01
9.899999999999999911e-01
9.899999999999999911e-01
9.034969296949029172e-01
9.899999999999999911e-01
9.899999999999999911e-01
9.899999999999999911e-01
9.656162964691070716e-01
9.899999999999999911e-01
9.899999999999999911e-01
9.899999999999999911e-01
7.714317828364843921e-01
9.899999999999999911e-01
9.899999999999999911e-01
9.899999999999999911e-01
9.365000225940142142e-01
9.899999999999999911e-01
9.899999999999999911e-01
9.899999999999999911e-01
9.595428340790194133e-01
9.899999999999999911e-01
9.899999999999999911e-01
9.899999999999999911e-01
7.617877480925072664e-01
9.899999999999999911e-01
9.899999999999999911e-01
9.899999999999999911e-01
8.601820707584608705e-01
9.899999999999999911e-01
9.899999999999999911e-01
9.899999999999999911e-01
8.349629558390533335e-01
9.899999999999999911e-01
9.899999999999999911e-01
9.899999999999999911e-01
9.489240289106311010e-01
9.899999999999999911e-01
9.899999999999999911e-01
9.899999999999999911e-01
8.745850470221993023e-01
9.899999999999999911e-01
9.899999999999999911e-01
9.899999999999999911e-01
8.128415678426690327e-01
9.899999999999999911e-01
9.899999999999999911e-01
9.899999999999999911e-01
8.927094607705091667e-01
9.899999999999999911e-01
9.899999999999999911e-01
9.899999999999999911e-01
8.894176116448074820e-01
9.899999999999999911e-01
9.899999999999999911e-01
9.899999999999999911e-01
8.889043500919324714e-01
9.899999999999999911e-01
9.899999999999999911e-01
9.899999999999999911e-01
9.056605615104814655e-01
9.899999999999999911e-01
9.899999999999999911e-01
9.899999999999999911e-01
9.899999999999999911e-01
9.899999999999999911e-01
9.899999999999999911e-01
9.899999999999999911e-01
8.950531021709795532e-01
9.899999999999999911e-01
9.899999999999999911e-01
9.899999999999999911e-01
9.045123185613098693e-01
9.899999999999999911e-01
9.899999999999999911e-01
9.899999999999999911e-01
9.730758266840229265e-01
9.899999999999999911e-01
9.899999999999999911e-01
9.899999999999999911e-01
8.244033303580157179e-01
9.899999999999999911e-01
9.899999999999999911e-01
9.899999999999999911e-01
9.899999999999999911e-01
7.568029278265276938e-01
9.899999999999999911e-01
9.899999999999999911e-01
9.899999999999999911e-01
8.050166191673574501e-01
9.899999999999999911e-01
9.899999999999999911e-01
9.899999999999999911e-01
9.652538515218483939e-01
9.899999999999999911e-01
9.899999999999999911e-01
9.899999999999999911e-01
9.506167127231124336e-01
9.899999999999999911e-01
9.899999999999999911e-01
8.116309998572975859e-01
9.899999999999999911e-01
9.899999999999999911e-01
9.899999999999999911e-01
9.419408411012172300e-01
9.899999999999999911e-01
9.899999999999999911e-01
9.899999999999999911e-01
7.764940401656481583e-01
9.899999999999999911e-01
9.899999999999999911e-01
9.899999999999999911e-01
9.516147461319905965e-01
9.899999999999999911e-01
9.899999999999999911e-01
8.591084219148781287e-01
9.899999999999999911e-01
9.899999999999999911e-01
9.899999999999999911e-01
8.681478580130433942e-01
9.899999999999999911e-01
9.899999999999999911e-01
9.899999999999999911e-01
7.982616658318829606e-01
9.899999999999999911e-01
9.539182048218791676e-01
9.899999999999999911e-01
9.899999999999999911e-01
9.899999999999999911e-01
8.074417429249817202e-01
9.899999999999999911e-01
9.899999999999999911e-01
9.899999999999999911e-01
9.016061641210385558e-01
9.626806415545248186e-01
9.899999999999999911e-01
9.899999999999999911e-01
9.645297767175984305e-01
9.899999999999999911e-01
9.899999999999999911e-01
9.899999999999999911e-01
8.556785690600423600e-01
9.899999999999999911e-01
9.899999999999999911e-01
9.899999999999999911e-01
9.160899264244189988e-01
9.899999999999999911e-01
9.899999999999999911e-01
9.899999999999999911e-01
7.961659090852968301e-01
9.899999999999999911e-01
9.899999999999999911e-01
9.899999999999999911e-01
9.395688535643053063e-01
9.899999999999999911e-01
9.899999999999999911e-01
9.899999999999999911e-01
9.173845677675661614e-01
9.899999999999999911e-01
9.899999999999999911e-01
9.899999999999999911e-01
8.006898208298813824e-01
9.899999999999999911e-01
9.899999999999999911e-01
9.899999999999999911e-01
8.313620719639072121e-01
9.899999999999999911e-01
9.899999999999999911e-01
9.899999999999999911e-01
9.899999999999999911e-01
9.899999999999999911e-01
9.355621236960205422e-01
9.899999999999999911e-01
9.899999999999999911e-01
9.899999999999999911e-01
9.008139393866170241e-01
9.899999999999999911e-01
9.899999999999999911e-01
9.414433789132652386e-01
9.899999999999999911e-01
9.899999999999999911e-01
9.899999999999999911e-01
8.911200268764497556e-01
9.899999999999999911e-01
8.149917612990938975e-01
9.899999999999999911e-01
9.899999999999999911e-01
9.899999999999999911e-01
9.777085937994279830e-01
9.899999999999999911e-01
9.899999999999997691e-01
9.899999999999999911e-01
9.120384761756763492e-01
9.899999999999999911e-01
9.899999999999999911e-01
9.899999999999999911e-01
8.231325987715536474e-01
9.899999999999999911e-01
9.899999999999999911e-01
9.899999999999999911e-01
7.875189960914574794e-01
9.899999999999999911e-01
9.899999999999999911e-01
9.899999999999999911e-01
9.242860044814025233e-01
9.899999999999999911e-01
9.899999999999999911e-01
9.899999999999999911e-01
8.309169565383437428e-01
9.899999999999999911e-01
9.899999999999999911e-01
9.899999999999999911e-01
9.397832199054698687e-01
9.899999999999999911e-01
9.899999999999999911e-01
9.899999999999999911e-01
8.533767072602065351e-01
9.899999999999999911e-01
9.899999999999999911e-01
9.899999999999999911e-01
7.997026270897680256e-01
9.899999999999999911e-01
9.899999999999999911e-01
9.899999999999999911e-01
9.619567139621352236e-01
9.899999999999999911e-01
9.899999999999999911e-01
9.899999999999999911e-01
7.918598736725211973e-01
9.899999999999999911e-01
9.899999999999999911e-01
9.899999999999999911e-01
9.787208455503059179e-01
9.899999999999999911e-01
9.899999999999999911e-01
9.899999999999999911e-01
8.456830068777713150e-01
9.899999999999999911e-01
9.899999999999999911e-01
9.899999999999999911e-01
9.126631576185012529e-01
9.899999999999999911e-01
9.899999999999999911e-01
9.899999999999999911e-01
7.706797769755732164e-01
9.899999999999999911e-01
9.899999999999999911e-01
9.899999999999999911e-01
9.604896419578693445e-01
9.899999999999999911e-01
9.899999999999999911e-01
9.899999999999999911e-01
8.229277337847710205e-01
9.899999999999999911e-01
9.899999999999999911e-01
9.899999999999999911e-01
8.638188400387926125e-01
9.899999999999999911e-01
9.899999999999999911e-01
9.899999999999999911e-01
8.509717025790298761e-01
9.899999999999999911e-01
9.899999999999999911e-01
9.899999999999999911e-01
7.857965459827945809e-01
9.899999999999999911e-01
9.899999999999999911e-01
9.899999999999999911e-01
8.464488175832756145e-01
9.899999999999999911e-01
9.899999999999999911e-01
9.899999999999999911e-01
7.799455947278941537e-01
9.899999999999999911e-01
9.899999999999999911e-01
9.899999999999999911e-01
8.461361965925952022e-01
9.899999999999999911e-01
9.899999999999999911e-01
9.899999999999999911e-01
9.297825183676131644e-01
9.899999999999999911e-01
9.899999999999999911e-01
7.733800648561919289e-01
9.899999999999999911e-01
9.899999999999999911e-01
9.899999999999999911e-01
7.661544606183847694e-01
8.490360507322474160e-01
9.899999999999999911e-01
9.899999999999999911e-01
9.899999999999999911e-01
9.132420182040870138e-01
9.899999999999999911e-01
9.899999999999999911e-01
9.899999999999999911e-01
8.177133340642676052e-01
9.899999999999999911e-01
9.899999999999999911e-01
9.899999999999999911e-01
7.933615850896033050e-01
9.899999999999999911e-01
9.899999999999999911e-01
9.899999999999999911e-01
7.878715880405524619e-01
9.899999999999999911e-01
9.899999999999999911e-01
9.899999999999999911e-01
8.860914200414230502e-01
9.899999999999999911e-01
9.899999999999999911e-01
9.899999999999999911e-01
7.559583700676048013e-01
9.899999999999999911e-01
9.899999999999999911e-01
9.899999999999999911e-01
8.363937283949103296e-01
9.899999999999999911e-01
9.899999999999999911e-01
9.899999999999999911e-01
8.323260468927303757e-01
9.899999999999999911e-01
9.899999999999999911e-01
9.899999999999999911e-01
9.454598336567769934e-01
9.899999999999999911e-01
9.899999999999999911e-01
9.899999999999999911e-01
8.586813019592610674e-01
9.899999999999999911e-01
9.899999999999999911e-01
9.899999999999999911e-01
9.439071818210713616e-01
9.899999999999999911e-01
9.899999999999999911e-01
8.888571415625494687e-01
9.899999999999999911e-01
9.899999999999999911e-01
9.899999999999999911e-01
8.521236761397330550e-01
9.899999999999999911e-01
9.899999999999999911e-01
8.942793874344167060e-01
9.899999999999999911e-01
9.899999999999999911e-01
9.899999999999999911e-01
8.630377509939329839e-01
9.899999999999999911e-01
9.899999999999999911e-01
9.899999999999999911e-01
7.701326862810300433e-01
9.899999999999999911e-01
9.899999999999999911e-01
9.899999999999999911e-01
8.474988173178411577e-01
9.899999999999999911e-01
9.156707992980946953e-01
9.899999999999999911e-01
9.899999999999999911e-01
9.899999999999999911e-01
7.961117545921880811e-01
9.899999999999999911e-01
9.899999999999999911e-01
9.899999999999999911e-01
7.667072724545880291e-01
9.899999999999999911e-01
9.899999999999999911e-01
9.899999999999999911e-01
8.259656802731998315e-01
9.899999999999999911e-01
9.899999999999999911e-01
9.899999999999999911e-01
8.231390009105014061e-01
9.899999999999999911e-01
9.899999999999999911e-01
8.815125005166717376e-01
9.899999999999999911e-01
9.899999999999999911e-01
9.376550617471343108e-01
9.899999999999999911e-01
9.899999999999999911e-01
9.899999999999999911e-01
8.563564274920888453e-01
9.899999999999999911e-01
9.899999999999999911e-01
9.899999999999999911e-01
8.034207142668363666e-01
9.899999999999999911e-01
9.899999999999999911e-01
9.899999999999999911e-01
9.017630644549490260e-01
9.899999999999999911e-01
9.899999999999999911e-01
9.899999999999999911e-01
9.498068994579119684e-01
9.899999999999999911e-01
9.899999999999999911e-01
8.018945411665896472e-01
9.899999999999999911e-01
9.899999999999999911e-01
9.899999999999999911e-01
8.504357772496199397e-01
9.899999999999999911e-01
9.899999999999999911e-01
9.899999999999999911e-01
8.582022160666622490e-01
9.899999999999999911e-01
9.899999999999999911e-01
9.899999999999999911e-01
7.981167848063054349e-01
9.899999999999999911e-01
9.899999999999999911e-01
9.899999999999999911e-01
8.944998370518884023e-01
9.899999999999999911e-01
9.899999999999999911e-01
9.899999999999999911e-01
7.933869602233062368e-01
9.899999999999999911e-01
9.899999999999999911e-01
9.899999999999999911e-01
9.329083787609375733e-01
9.899999999999999911e-01
9.899999999999999911e-01
9.899999999999999911e-01
8.163434778906583089e-01
9.899999999999999911e-01
9.899999999999999911e-01
9.899999999999999911e-01
8.698145474138986311e-01
9.899999999999999911e-01
9.899999999999999911e-01
9.899999999999999911e-01
9.002114573024815325e-01
9.899999999999999911e-01
9.899999999999999911e-01
9.899999999999999911e-01
7.960819955073624721e-01
9.899999999999999911e-01
9.899999999999999911e-01
9.899999999999999911e-01
8.966600184275742569e-01
9.899999999999999911e-01
8.355155871108440602e-01
9.899999999999999911e-01
9.899999999999999911e-01
9.899999999999999911e-01
9.195309221147277556e-01
9.899999999999999911e-01
9.899999999999999911e-01
9.899999999999999911e-01
8.223672986307921651e-01
9.899999999999999911e-01
9.899999999999999911e-01
7.696404199988630124e-01
9.899999999999999911e-01
9.899999999999999911e-01
9.899999999999999911e-01
7.666430658265709353e-01
9.899999999999999911e-01
9.899999999999999911e-01
9.899999999999999911e-01
8.580570650047305570e-01
9.899999999999999911e-01
9.899999999999999911e-01
9.286902055899433073e-01
9.899999999999999911e-01
9.899999999999999911e-01
9.899999999999999911e-01
9.264279651247468994e-01
9.899999999999999911e-01
9.899999999999999911e-01
8.000662733967667251e-01
9.899999999999999911e-01
9.899999999999999911e-01
9.899999999999999911e-01
9.768959857211153563e-01
9.899999999999999911e-01
9.899999999999999911e-01
9.899999999999999911e-01
7.974316069530605899e-01
9.899999999999999911e-01
9.899999999999999911e-01
9.899999999999999911e-01
8.430475819100460289e-01
9.899999999999999911e-01
9.899999999999999911e-01
9.899999999999999911e-01
9.460568717677733108e-01
9.899999999999999911e-01
9.899999999999999911e-01
9.899999999999999911e-01
8.862225554581175668e-01
9.899999999999999911e-01
9.899999999999999911e-01
8.892394914989841803e-01
9.899999999999999911e-01
9.899999999999999911e-01
9.899999999999999911e-01
8.746754245437741160e-01
9.899999999999999911e-01
9.899999999999999911e-01
9.899999999999999911e-01
7.908206938879907000e-01
9.899999999999999911e-01
9.899999999999999911e-01
9.899999999999999911e-01
8.635383491398685996e-01
9.899999999999999911e-01
7.764269083093183754e-01
9.899999999999999911e-01
9.899999999999999911e-01
8.607155857358846918e-01
9.899999999999999911e-01
9.899999999999999911e-01
9.899999999999999911e-01
9.457088955541465003e-01
9.899999999999999911e-01
9.899999999999999911e-01
9.899999999999999911e-01
9.105376196765231356e-01
9.899999999999999911e-01
9.899999999999999911e-01
8.130811467257275105e-01
9.899999999999999911e-01
9.899999999999999911e-01
9.899999999999999911e-01
9.458972618723933135e-01
9.899999999999999911e-01
9.899999999999999911e-01
9.899999999999999911e-01
8.268644236452145080e-01
9.899999999999999911e-01
9.899999999999999911e-01
9.543962095820873737e-01
9.899999999999999911e-01
9.899999999999999911e-01
9.899999999999999911e-01
7.989477993049260984e-01
9.899999999999999911e-01
9.899999999999999911e-01
9.410225182865885607e-01
9.899999999999999911e-01
9.899999999999999911e-01
9.899999999999999911e-01
8.655913877907830400e-01
9.899999999999999911e-01
9.899999999999999911e-01
9.899999999999999911e-01
9.424488778867911032e-01
9.899999999999999911e-01
9.899999999999999911e-01
9.899999999999999911e-01
8.802049569513820115e-01
9.899999999999999911e-01
9.899999999999999911e-01
9.899999999999999911e-01
8.398148991980513012e-01
9.899999999999999911e-01
9.899999999999999911e-01
9.899999999999999911e-01
9.421088248412406996e-01
9.899999999999999911e-01
9.899999999999999911e-01
9.899999999999999911e-01
8.592016138596731967e-01
9.899999999999999911e-01
9.899999999999999911e-01
9.603471966045874497e-01
9.899999999999999911e-01
9.899999999999999911e-01
9.899999999999999911e-01
9.053586441533171270e-01
9.899999999999999911e-01
9.180931336669335696e-01
9.899999999999999911e-01
9.899999999999999911e-01
9.899999999999999911e-01
7.988494968827477560e-01
9.899999999999999911e-01
9.899999999999999911e-01
9.899999999999999911e-01
9.469390764380778425e-01
9.899999999999999911e-01
9.899999999999999911e-01
9.899999999999999911e-01
9.078058790288267010e-01
9.899999999999999911e-01
9.899999999999999911e-01
7.954300062070869259e-01
9.899999999999999911e-01
9.899999999999999911e-01
9.899999999999999911e-01
9.396954368850897188e-01
9.899999999999999911e-01
9.899999999999999911e-01
9.899999999999999911e-01
9.442504136043387009e-01
9.899999999999999911e-01
9.899999999999999911e-01
9.899999999999999911e-01
8.886575792004550722e-01
9.899999999999999911e-01
9.899999999999999911e-01
9.899999999999999911e-01
7.919194833756467711e-01
9.899999999999999911e-01
9.899999999999999911e-01
9.899999999999999911e-01
8.046080049410480051e-01
9.899999999999999911e-01
9.899999999999999911e-01
9.899999999999999911e-01
8.129477093757602191e-01
9.899999999999999911e-01
9.899999999999999911e-01
7.837466479947924336e-01
9.899999999999999911e-01
9.899999999999999911e-01
9.899999999999999911e-01
9.246053665151920953e-01
9.899999999999999911e-01
9.899999999999999911e-01
7.673282594301024107e-01
9.899999999999999911e-01
9.899999999999999911e-01
9.899999999999999911e-01
9.434164718400130933e-01
9.899999999999999911e-01
7.799500064929351106e-01
9.899999999999999911e-01
9.899999999999999911e-01
7.730262127192784050e-01
9.899999999999999911e-01
9.899999999999999911e-01
9.318619483186361130e-01
9.899999999999999911e-01
9.899999999999999911e-01
9.435194292075055333e-01
9.899999999999999911e-01
9.899999999999999911e-01
9.899999999999999911e-01
9.610922557470839012e-01
9.899999999999999911e-01
9.899999999999999911e-01
8.161244709172106315e-01
9.899999999999999911e-01
9.899999999999999911e-01
9.899999999999999911e-01
8.393339194350584176e-01
9.899999999999999911e-01
9.899999999999999911e-01
9.899999999999999911e-01
8.761071293269219185e-01
9.899999999999999911e-01
9.899999999999999911e-01
9.899999999999999911e-01
9.578341236027801964e-01
9.899999999999999911e-01
9.899999999999999911e-01
9.060821230893180145e-01
9.899999999999999911e-01
9.899999999999999911e-01
9.899999999999999911e-01
9.076336627922020339e-01
9.899999999999999911e-01
9.899999999999999911e-01
9.262811842039133658e-01
9.899999999999999911e-01
9.899999999999999911e-01
9.899999999999999911e-01
9.646904034987756615e-01
9.899999999999999911e-01
9.899999999999999911e-01
9.899999999999999911e-01
9.899999999999999911e-01
9.899999999999999911e-01
9.245209989023481789e-01
9.899999999999999911e-01
9.899999999999999911e-01
8.054774063850149712e-01
9.899999999999999911e-01
9.899999999999999911e-01
9.899999999999999911e-01
8.524338637239640137e-01
9.899999999999999911e-01
9.899999999999999911e-01
9.899999999999999911e-01
8.473604487093228110e-01
9.899999999999999911e-01
7.561000289828374576e-01
9.899999999999999911e-01
9.899999999999999911e-01
9.084664381426668101e-01
9.899999999999999911e-01
9.899999999999999911e-01
9.899999999999999911e-01
8.879711437107498107e-01
9.899999999999999911e-01
9.899999999999999911e-01
9.899999999999999911e-01
8.425889422931773787e-01
9.899999999999999911e-01
9.899999999999999911e-01
8.390312542124003237e-01
9.899999999999999911e-01
9.899999999999999911e-01
9.899999999999999911e-01
8.920641621535266852e-01
9.899999999999999911e-01
9.899999999999999911e-01
9.899999999999999911e-01
9.535270594447280423e-01
9.899999999999999911e-01
9.899999999999999911e-01
9.899999999999999911e-01
8.662598828077455737e-01
9.899999999999999911e-01
9.899999999999999911e-01
9.899999999999999911e-01
8.712567567050958361e-01
9.899999999999999911e-01
9.899999999999999911e-01
9.899999999999999911e-01
8.938345083415244474e-01
9.899999999999999911e-01
9.899999999999999911e-01
9.899999999999999911e-01
8.185266143196029409e-01
9.899999999999999911e-01
9.899999999999999911e-01
9.899999999999999911e-01
8.320210751505905389e-01
9.899999999999999911e-01
9.899999999999999911e-01
9.899999999999999911e-01
9.073616927465373294e-01
9.899999999999999911e-01
9.899999999999999911e-01
9.899999999999999911e-01
8.404916836437602567e-01
9.899999999999999911e-01
9.899999999999999911e-01
9.899999999999999911e-01
8.500667267845882780e-01
9.899999999999999911e-01
9.899999999999999911e-01
9.036141965874026072e-01
9.899999999999999911e-01
9.899999999999999911e-01
9.899999999999999911e-01
