9.430150001441939267e-01
9.899999999999999911e-01
9.900000000000001021e-01
9.899999999999997691e-01
7.867510306243636897e-01
9.899999999999999911e-01
9.899999999999999911e-01
9.899999999999999911e-01
9.026334391663712875e-01
9.899999999999999911e-01
9.899999999999999911e-01
9.899999999999999911e-01
8.667149672631387913e-01
9.899999999999999911e-01
9.899999999999999911e-01
9.899999999999999911e-01
9.433520816590019731e-01
9.899999999999999911e-01
9.899999999999999911e-01
9.899999999999999911e-01
8.738501045694990754e-01
9.899999999999999911e-01
9.899999999999999911e-01
9.899999999999999911e-01
9.570666061292085747e-01
9.899999999999999911e-01
9.899999999999999911e-01
9.899999999999999911e-01
9.292874988405609438e-01
9.899999999999999911e-01
9.899999999999999911e-01
9.899999999999999911e-01
9.399313175740969806e-01
9.899999999999999911e-01
9.899999999999999911e-01
9.899999999999999911e-01
9.562550828871227981e-01
9.899999999999999911e-01
9.899999999999999911e-01
9.899999999999999911e-01
9.416775043635146059e-01
9.899999999999999911e-01
9.899999999999999911e-01
9.899999999999999911e-01
9.496650300645838039e-01
9.899999999999999911e-01
9.899999999999999911e-01
9.899999999999999911e-01
9.545942978732329109e-01
9.899999999999999911e-01
9.899999999999999911e-01
9.899999999999999911e-01
9.437472084484892498e-01
9.899999999999999911e-01
9.899999999999999911e-01
9.899999999999999911e-01
7.771013180914928542e-01
9.899999999999999911e-01
9.899999999999999911e-01
9.899999999999999911e-01
8.529436855981953336e-01
9.899999999999999911e-01
9.899999999999999911e-01
9.899999999999999911e-01
8.043922355670355406e-01
9.899999999999999911e-01
9.899999999999999911e-01
9.899999999999999911e-01
8.345060142965449179e-01
9.899999999999999911e-01
9.899999999999999911e-01
9.899999999999999911e-01
9.391532473229312616e-01
9.899999999999999911e-01
9.899999999999999911e-01
9.899999999999999911e-01
9.475718755782284175e-01
9.899999999999999911e-01
9.899999999999997691e-01
9.899999999999999911e-01
9.091284205327051504e-01
9.899999999999999911e-01
9.899999999999999911e-01
9.899999999999999911e-01
8.934766307584564027e-01
9.899999999999999911e-01
9.899999999999999911e-01
9.899999999999999911e-01
9.420868629153947849e-01
9.899999999999999911e-01
9.899999999999999911e-01
9.899999999999999911e-01
8.938214673632787211e-01
9.899999999999999911e-01
9.899999999999999911e-01
9.899999999999999911e-01
8.479689934420996389e-01
9.899999999999999911e-01
9.899999999999999911e-01
9.899999999999999911e-01
8.734885645726891967e-01
9.899999999999999911e-01
9.899999999999999911e-01
9.899999999999999911e-01
8.868688640126284328e-01
9.899999999999999911e-01
9.899999999999999911e-01
9.899999999999999911e-01
8.639877532710741326e-01
9.899999999999999911e-01
8.471278591662535495e-01
9.899999999999999911e-01
9.899999999999999911e-01
9.899999999999999911e-01
9.478929651328259487e-01
9.899999999999999911e-01
7.747327651438867813e-01
9.899999999999999911e-01
9.899999999999999911e-01
9.899999999999999911e-01
8.244622172572071417e-01
9.899999999999999911e-01
9.899999999999999911e-01
9.899999999999999911e-01
7.894594600727707912e-01
9.899999999999999911e-01
9.899999999999999911e-01
9.899999999999999911e-01
7.999619226176405418e-01
9.899999999999999911e-01
9.899999999999999911e-01
9.899999999999999911e-01
8.909498659626817751e-01
9.899999999999999911e-01
9.899999999999999911e-01
9.899999999999999911e-01
9.086921411975507068e-01
9.899999999999999911e-01
9.899999999999999911e-01
9.899999999999999911e-01
9.035222885953392291e-01
9.899999999999999911e-01
9.899999999999999911e-01
8.821053169491207546e-01
9.899999999999999911e-01
9.899999999999999911e-01
9.899999999999999911e-01
8.654304677478086294e-01
9.899999999999999911e-01
9.899999999999999911e-01
9.592559853095934397e-01
9.899999999999999911e-01
9.899999999999999911e-01
9.899999999999999911e-01
8.934565994121183019e-01
9.899999999999999911e-01
9.899999999999999911e-01
9.899999999999999911e-01
9.899999999999999911e-01
9.899999999999999911e-01
9.155471243574482276e-01
9.899999999999999911e-01
9.899999999999999911e-01
9.899999999999999911e-01
9.278469840803489355e-01
9.899999999999999911e-01
9.899999999999999911e-01
9.899999999999999911e-01
9.899999999999999911e-01
9.640631941300699115e-01
9.899999999999999911e-01
9.899999999999999911e-01
9.899999999999999911e-01
9.899999999999999911e-01
8.893361130632557732e-01
9.899999999999999911e-01
9.899999999999999911e-01
9.899999999999999911e-01
9.126105507704477260e-01
9.899999999999999911e-01
9.899999999999999911e-01
9.899999999999999911e-01
9.675016394012354581e-01
9.899999999999999911e-01
9.899999999999999911e-01
9.899999999999999911e-01
9.899999999999999911e-01
9.899999999999999911e-01
9.508834293762493672e-01
9.899999999999999911e-01
9.899999999999999911e-01
9.899999999999999911e-01
8.586334392340028154e-01
9.899999999999999911e-01
9.899999999999999911e-01
9.899999999999999911e-01
8.884749772116165012e-01
9.899999999999999911e-01
9.899999999999999911e-01
9.899999999999999911e-01
7.706703873916267433e-01
9.899999999999999911e-01
9.899999999999999911e-01
9.899999999999999911e-01
9.899999999999999911e-01
9.899999999999999911e-01
9.899999999999999911e-01
9.685198175662915743e-01
9.899999999999999911e-01
9.899999999999999911e-01
9.899999999999999911e-01
9.197365124222928179e-01
9.899999999999999911e-01
9.899999999999999911e-01
9.899999999999999911e-01
8.023313266131795185e-01
9.899999999999999911e-01
9.899999999999999911e-01
9.444177798566838478e-01
9.899999999999999911e-01
9.899999999999999911e-01
8.166057192581707147e-01
9.899999999999999911e-01
9.899999999999999911e-01
9.351104288328622172e-01
9.899999999999999911e-01
9.899999999999999911e-01
9.899999999999999911e-01
7.663320359569851803e-01
9.899999999999999911e-01
9.899999999999999911e-01
9.899999999999999911e-01
9.588951726419667754e-01
9.899999999999999911e-01
9.899999999999999911e-01
9.899999999999999911e-01
7.742452563527302267e-01
9.899999999999999911e-01
9.899999999999999911e-01
9.899999999999999911e-01
7.967537679098165571e-01
9.899999999999999911e-01
9.899999999999999911e-01
9.899999999999999911e-01
8.775904387732326173e-01
9.899999999999999911e-01
9.899999999999999911e-01
9.899999999999999911e-01
8.604893523106323938e-01
8.607171899655717828e-01
9.899999999999999911e-01
9.899999999999999911e-01
9.899999999999999911e-01
8.670838331788504050e-01
9.899999999999999911e-01
9.899999999999999911e-01
9.899999999999999911e-01
8.366384036275560376e-01
9.899999999999999911e-01
9.899999999999999911e-01
9.899999999999999911e-01
8.936556465773345392e-01
9.899999999999999911e-01
9.899999999999999911e-01
9.899999999999999911e-01
9.358623060183451914e-01
9.899999999999999911e-01
9.899999999999999911e-01
9.899999999999999911e-01
8.543617433247088222e-01
9.899999999999999911e-01
9.899999999999999911e-01
9.899999999999999911e-01
9.655860676982774837e-01
9.899999999999999911e-01
9.899999999999999911e-01
9.899999999999999911e-01
9.042477842728424697e-01
9.899999999999999911e-01
9.899999999999999911e-01
9.899999999999999911e-01
9.668944069614467951e-01
9.899999999999999911e-01
9.899999999999999911e-01
9.899999999999999911e-01
7.726889577001028186e-01
9.899999999999999911e-01
9.899999999999999911e-01
9.899999999999999911e-01
9.377213675672362303e-01
9.899999999999999911e-01
9.899999999999999911e-01
9.899999999999999911e-01
9.608651397039957853e-01
9.899999999999999911e-01
9.899999999999999911e-01
9.899999999999999911e-01
7.631356780016080865e-01
9.899999999999999911e-01
9.899999999999999911e-01
9.899999999999999911e-01
8.615035097300453026e-01
9.899999999999999911e-01
9.899999999999999911e-01
9.899999999999999911e-01
8.361706808125158874e-01
9.899999999999999911e-01
9.899999999999999911e-01
9.899999999999999911e-01
9.501412823263484242e-01
9.899999999999999911e-01
9.899999999999999911e-01
9.899999999999999911e-01
8.758400467753070240e-01
9.899999999999999911e-01
9.899999999999999911e-01
9.899999999999999911e-01
8.141553670803314269e-01
9.899999999999999911e-01
9.899999999999999911e-01
9.899999999999999911e-01
8.939495150613125940e-01
9.899999999999999911e-01
9.899999999999999911e-01
9.899999999999999911e-01
8.906139532322916441e-01
9.899999999999999911e-01
9.899999999999999911e-01
9.899999999999999911e-01
8.902436855010326111e-01
9.899999999999999911e-01
9.899999999999999911e-01
9.899999999999999911e-01
9.070094133765626010e-01
9.899999999999999911e-01
9.899999999999999911e-01
9.899999999999999911e-01
9.899999999999999911e-01
9.899999999999999911e-01
9.899999999999999911e-01
9.899999999999999911e-01
8.959284802716535046e-01
9.899999999999999911e-01
9.899999999999999911e-01
9.899999999999999911e-01
9.058551955116144194e-01
9.899999999999999911e-01
9.899999999999999911e-01
9.899999999999999911e-01
9.732502664724448360e-01
9.899999999999999911e-01
9.899999999999999911e-01
9.899999999999999911e-01
8.254086664036871523e-01
9.899999999999999911e-01
9.899999999999999911e-01
9.899999999999999911e-01
9.899999999999999911e-01
7.581221444700565470e-01
9.899999999999999911e-01
9.899999999999999911e-01
9.899999999999999911e-01
8.061741451926839330e-01
9.899999999999999911e-01
9.899999999999999911e-01
9.899999999999999911e-01
9.664479797932519212e-01
9.899999999999999911e-01
9.899999999999999911e-01
9.899999999999999911e-01
9.519267074352389946e-01
9.899999999999999911e-01
9.899999999999999911e-01
8.129785937350625380e-01
9.899999999999999911e-01
9.899999999999999911e-01
9.899999999999999911e-01
9.432316546276831026e-01
9.899999999999999911e-01
9.899999999999999911e-01
9.899999999999999911e-01
7.776973334305198327e-01
9.899999999999999911e-01
9.899999999999999911e-01
9.899999999999999911e-01
9.527245338412622111e-01
9.899999999999999911e-01
9.899999999999999911e-01
8.604535546716945982e-01
9.899999999999999911e-01
9.899999999999999911e-01
9.899999999999999911e-01
8.693596175862012831e-01
9.899999999999999911e-01
9.899999999999999911e-01
9.899999999999999911e-01
7.994214931324454820e-01
9.899999999999999911e-01
9.545039042875632651e-01
9.899999999999999911e-01
9.899999999999999911e-01
9.899999999999999911e-01
8.086403362130234473e-01
9.899999999999999911e-01
9.899999999999999911e-01
9.899999999999999911e-01
9.028272494303037909e-01
9.639833659847876213e-01
9.899999999999999911e-01
9.899999999999999911e-01
9.657484966264280324e-01
9.899999999999999911e-01
9.899999999999999911e-01
9.899999999999999911e-01
8.569075338617430093e-01
9.899999999999999911e-01
9.899999999999999911e-01
9.899999999999999911e-01
9.172896345026742004e-01
9.899999999999999911e-01
9.899999999999999911e-01
9.899999999999999911e-01
7.975113977565944090e-01
9.899999999999999911e-01
9.899999999999999911e-01
9.899999999999999911e-01
9.408209418926871681e-01
9.899999999999999911e-01
9.899999999999999911e-01
9.899999999999999911e-01
9.185831495450950124e-01
9.899999999999999911e-01
9.899999999999999911e-01
9.899999999999999911e-01
8.020126667893801020e-01
9.899999999999999911e-01
9.899999999999999911e-01
9.899999999999999911e-01
8.326162659755272921e-01
9.899999999999999911e-01
9.899999999999999911e-01
9.899999999999999911e-01
9.899999999999999911e-01
9.899999999999999911e-01
9.365261329438474558e-01
9.899999999999999911e-01
9.899999999999999911e-01
9.899999999999999911e-01
9.018702186739512294e-01
9.899999999999999911e-01
9.899999999999999911e-01
9.427127428824081390e-01
9.899999999999999911e-01
9.899999999999999911e-01
9.899999999999999911e-01
8.921277969785327278e-01
9.899999999999999911e-01
8.163211802772125658e-01
9.899999999999999911e-01
9.899999999999999911e-01
9.899999999999999911e-01
9.778543468860493304e-01
9.899999999999999911e-01
9.899999999999999911e-01
9.899999999999999911e-01
9.133393434195755667e-01
9.899999999999999911e-01
9.899999999999999911e-01
9.899999999999999911e-01
8.244636741342179498e-01
9.899999999999999911e-01
9.899999999999999911e-01
9.899999999999999911e-01
7.888693038531858770e-01
9.899999999999999911e-01
9.899999999999999911e-01
9.899999999999999911e-01
9.253202951056356262e-01
9.899999999999999911e-01
9.899999999999999911e-01
9.899999999999999911e-01
8.322632380644798822e-01
9.899999999999999911e-01
9.899999999999999911e-01
9.899999999999999911e-01
9.410891388288982196e-01
9.899999999999999911e-01
9.899999999999999911e-01
9.899999999999999911e-01
8.546964099445694130e-01
9.899999999999999911e-01
9.899999999999999911e-01
9.899999999999999911e-01
8.008748383620771794e-01
9.899999999999999911e-01
9.899999999999999911e-01
9.899999999999999911e-01
9.631529487913381704e-01
9.899999999999999911e-01
9.899999999999999911e-01
9.899999999999999911e-01
7.931994494708309862e-01
9.899999999999999911e-01
9.899999999999999911e-01
9.899999999999999911e-01
9.788380495403532500e-01
9.899999999999999911e-01
9.899999999999999911e-01
9.899999999999999911e-01
8.467682156918986403e-01
9.899999999999999911e-01
9.899999999999999911e-01
9.899999999999999911e-01
9.135638404448827021e-01
9.899999999999999911e-01
9.899999999999999911e-01
9.899999999999999911e-01
7.719496982315844358e-01
9.899999999999999911e-01
9.899999999999999911e-01
9.899999999999999911e-01
9.618148376796269439e-01
9.899999999999999911e-01
9.899999999999999911e-01
9.899999999999999911e-01
8.240115022057110661e-01
9.899999999999999911e-01
9.899999999999999911e-01
9.899999999999999911e-01
8.651373648762017421e-01
9.899999999999999911e-01
9.899999999999999911e-01
9.899999999999999911e-01
8.523160750497604798e-01
9.899999999999999911e-01
9.899999999999999911e-01
9.899999999999999911e-01
7.870330945058489069e-01
9.899999999999999911e-01
9.899999999999999911e-01
9.899999999999999911e-01
8.477845434136362934e-01
9.899999999999999911e-01
9.899999999999999911e-01
9.899999999999999911e-01
7.812947166247308228e-01
9.899999999999999911e-01
9.899999999999999911e-01
9.899999999999999911e-01
8.474149096038102735e-01
9.899999999999999911e-01
9.899999999999999911e-01
9.899999999999999911e-01
9.308522012765783060e-01
9.899999999999999911e-01
9.899999999999999911e-01
7.747146949054227738e-01
9.899999999999999911e-01
9.899999999999999911e-01
9.899999999999999911e-01
7.674132426738812240e-01
8.503665849655686060e-01
9.899999999999999911e-01
9.899999999999999911e-01
9.899999999999999911e-01
9.137887474392635268e-01
9.899999999999999911e-01
9.899999999999999911e-01
9.899999999999999911e-01
8.190166692908447121e-01
9.899999999999999911e-01
9.899999999999999911e-01
9.899999999999999911e-01
7.945546380519431517e-01
9.899999999999999911e-01
9.899999999999999911e-01
9.899999999999999911e-01
7.890846262286409507e-01
9.899999999999999911e-01
9.899999999999999911e-01
9.899999999999999911e-01
8.874407222434302911e-01
9.899999999999999911e-01
9.899999999999999911e-01
9.899999999999999911e-01
7.572742595984277569e-01
9.899999999999999911e-01
9.899999999999999911e-01
9.899999999999999911e-01
8.377390034415930220e-01
9.899999999999999911e-01
9.899999999999999911e-01
9.899999999999999911e-01
8.336655490890609865e-01
9.899999999999999911e-01
9.899999999999999911e-01
9.899999999999999911e-01
9.465925637399316139e-01
9.899999999999999911e-01
9.899999999999999911e-01
9.899999999999999911e-01
8.597279710142601283e-01
9.899999999999999911e-01
9.899999999999999911e-01
9.899999999999999911e-01
9.445900196282566164e-01
9.899999999999999911e-01
9.899999999999999911e-01
8.900453196533525402e-01
9.899999999999999911e-01
9.899999999999999911e-01
9.899999999999999911e-01
8.530049501047944904e-01
9.899999999999999911e-01
9.899999999999999911e-01
8.953086287166033275e-01
9.899999999999999911e-01
9.899999999999999911e-01
9.899999999999999911e-01
8.642775295189708551e-01
9.899999999999999911e-01
9.899999999999999911e-01
9.899999999999999911e-01
7.714259782590218162e-01
9.899999999999999911e-01
9.899999999999999911e-01
9.899999999999999911e-01
8.484333955241927239e-01
9.899999999999999911e-01
9.168599106746435634e-01
9.899999999999999911e-01
9.899999999999999911e-01
9.899999999999999911e-01
7.974501004980655283e-01
9.899999999999999911e-01
9.899999999999999911e-01
9.899999999999999911e-01
7.679593364468489947e-01
9.899999999999999911e-01
9.899999999999999911e-01
9.899999999999999911e-01
8.271611167499782757e-01
9.899999999999999911e-01
9.899999999999999911e-01
9.899999999999999911e-01
8.244199028358377701e-01
9.899999999999999911e-01
9.899999999999999911e-01
8.827046063728909431e-01
9.899999999999999911e-01
9.899999999999999911e-01
9.388587907606416039e-01
9.899999999999999911e-01
9.899999999999999911e-01
9.899999999999999911e-01
8.576817332282120621e-01
9.899999999999999911e-01
9.899999999999999911e-01
9.899999999999999911e-01
8.046296302499946762e-01
9.899999999999999911e-01
9.899999999999999911e-01
9.899999999999999911e-01
9.029881498266699724e-01
9.899999999999999911e-01
9.899999999999999911e-01
9.899999999999999911e-01
9.511555353984999517e-01
9.899999999999999911e-01
9.899999999999999911e-01
8.031197254716985201e-01
9.899999999999999911e-01
9.899999999999999911e-01
9.899999999999999911e-01
8.516857109897630895e-01
9.899999999999999911e-01
9.899999999999999911e-01
9.899999999999999911e-01
8.595502030274896343e-01
9.899999999999999911e-01
9.899999999999999911e-01
9.899999999999999911e-01
7.994663322693369434e-01
9.899999999999999911e-01
9.899999999999999911e-01
9.899999999999999911e-01
8.958260191390802207e-01
9.899999999999999911e-01
9.899999999999999911e-01
9.899999999999999911e-01
7.946037042051236066e-01
9.899999999999999911e-01
9.899999999999999911e-01
9.899999999999999911e-01
9.342252059015726529e-01
9.899999999999999911e-01
9.899999999999999911e-01
9.899999999999999911e-01
8.175856204464422294e-01
9.899999999999999911e-01
9.899999999999999911e-01
9.899999999999999911e-01
8.711429401836983111e-01
9.899999999999999911e-01
9.899999999999999911e-01
9.899999999999999911e-01
9.015038265868436929e-01
9.899999999999999911e-01
9.899999999999999911e-01
9.899999999999999911e-01
7.972756590093438289e-01
9.899999999999999911e-01
9.899999999999999911e-01
9.899999999999999911e-01
8.976243093870484024e-01
9.899999999999999911e-01
8.367941839199712906e-01
9.899999999999999911e-01
9.899999999999999911e-01
9.899999999999999911e-01
9.208554888003289696e-01
9.899999999999999911e-01
9.899999999999999911e-01
9.899999999999999911e-01
8.237170843410454024e-01
9.899999999999999911e-01
9.899999999999999911e-01
7.709680571595882714e-01
9.899999999999999911e-01
9.899999999999999911e-01
9.899999999999999911e-01
7.679030335218570702e-01
9.899999999999999911e-01
9.899999999999999911e-01
9.899999999999999911e-01
8.593436341706705006e-01
9.899999999999999911e-01
9.899999999999999911e-01
9.298875123658409958e-01
9.899999999999999911e-01
9.899999999999999911e-01
9.899999999999999911e-01
9.277508198998926092e-01
9.899999999999999911e-01
9.899999999999999911e-01
8.012522507580924769e-01
9.899999999999999911e-01
9.899999999999999911e-01
9.899999999999999911e-01
9.769815904289684827e-01
9.899999999999999911e-01
9.899999999999999911e-01
9.899999999999999911e-01
7.986376355472536437e-01
9.899999999999999911e-01
9.899999999999999911e-01
9.899999999999999911e-01
8.442791937942247804e-01
9.899999999999999911e-01
9.899999999999999911e-01
9.899999999999999911e-01
9.473598894504489110e-01
9.899999999999999911e-01
9.899999999999999911e-01
9.899999999999999911e-01
8.870645868589629446e-01
9.899999999999999911e-01
9.899999999999999911e-01
8.903954669531614075e-01
9.899999999999999911e-01
9.899999999999999911e-01
9.899999999999999911e-01
8.759393809055255886e-01
9.899999999999999911e-01
9.899999999999999911e-01
9.899999999999999911e-01
7.920553361783403412e-01
9.899999999999999911e-01
9.899999999999999911e-01
9.899999999999999911e-01
8.643474882455584041e-01
9.899999999999999911e-01
7.776600963702087199e-01
9.899999999999999911e-01
9.899999999999999911e-01
8.619718174934800636e-01
9.899999999999999911e-01
9.899999999999999911e-01
9.899999999999999911e-01
9.469486803953954812e-01
9.899999999999999911e-01
9.899999999999999911e-01
9.899999999999999911e-01
9.118269467715435228e-01
9.899999999999999911e-01
9.899999999999999911e-01
8.142778655223442685e-01
9.899999999999999911e-01
9.899999999999999911e-01
9.899999999999999911e-01
9.471069115366196334e-01
9.899999999999999911e-01
9.899999999999999911e-01
9.899999999999999911e-01
8.282126748533349403e-01
9.899999999999999911e-01
9.899999999999999911e-01
9.557325701136357710e-01
9.899999999999999911e-01
9.899999999999999911e-01
9.899999999999999911e-01
8.000773311875163385e-01
9.899999999999999911e-01
9.899999999999999911e-01
9.423308029352633897e-01
9.899999999999999911e-01
9.899999999999999911e-01
9.899999999999999911e-01
8.668241228630363393e-01
9.899999999999999911e-01
9.899999999999999911e-01
9.899999999999999911e-01
9.431757505601644498e-01
9.899999999999999911e-01
9.899999999999999911e-01
9.899999999999999911e-01
8.815540122899563347e-01
9.899999999999999911e-01
9.899999999999999911e-01
9.899999999999999911e-01
8.410157529610396976e-01
9.899999999999999911e-01
9.899999999999999911e-01
9.899999999999999911e-01
9.433729231443930274e-01
9.899999999999999911e-01
9.899999999999999911e-01
9.899999999999999911e-01
8.605484504771502285e-01
9.899999999999999911e-01
9.899999999999999911e-01
9.616955336369766849e-01
9.899999999999999911e-01
9.899999999999999911e-01
9.899999999999999911e-01
9.064543590468069345e-01
9.899999999999999911e-01
9.194321542354330079e-01
9.899999999999999911e-01
9.899999999999999911e-01
9.899999999999999911e-01
8.001991195308663096e-01
9.899999999999999911e-01
9.899999999999999911e-01
9.899999999999999911e-01
9.482472132540916698e-01
9.899999999999999911e-01
9.899999999999999911e-01
9.899999999999999911e-01
9.090206361272591407e-01
9.899999999999999911e-01
9.899999999999999911e-01
7.967559148679335124e-01
9.899999999999999911e-01
9.899999999999999911e-01
9.899999999999999911e-01
9.409274581737039345e-01
9.899999999999999911e-01
9.899999999999999911e-01
9.899999999999999911e-01
9.455827323563082976e-01
9.899999999999999911e-01
9.899999999999999911e-01
9.899999999999999911e-01
8.893100280368889665e-01
9.899999999999999911e-01
9.899999999999999911e-01
9.899999999999999911e-01
7.932696855008882775e-01
9.899999999999999911e-01
9.899999999999999911e-01
9.899999999999999911e-01
8.058563342440673294e-01
9.899999999999999911e-01
9.899999999999999911e-01
9.899999999999999911e-01
8.141819483139293157e-01
9.899999999999999911e-01
9.899999999999999911e-01
7.849429108247266695e-01
9.899999999999999911e-01
9.899999999999999911e-01
9.899999999999999911e-01
9.258133210054267925e-01
9.899999999999999911e-01
9.899999999999999911e-01
7.686571471188546889e-01
9.899999999999999911e-01
9.899999999999999911e-01
9.899999999999999911e-01
9.447636623551353141e-01
9.899999999999999911e-01
7.811431182679162699e-01
9.899999999999999911e-01
9.899999999999999911e-01
7.743761183618957933e-01
9.899999999999999911e-01
9.899999999999999911e-01
9.330783024612422372e-01
9.899999999999999911e-01
9.899999999999999911e-01
9.447774597038720579e-01
9.899999999999999911e-01
9.899999999999999911e-01
9.899999999999999911e-01
9.624357781652826960e-01
9.899999999999999911e-01
9.899999999999999911e-01
8.174742505293363104e-01
9.899999999999999911e-01
9.899999999999999911e-01
9.899999999999999911e-01
8.405069310290420592e-01
9.899999999999999911e-01
9.899999999999999911e-01
9.899999999999999911e-01
8.773679683394606243e-01
9.899999999999999911e-01
9.899999999999999911e-01
9.899999999999999911e-01
9.590351275012750643e-01
9.899999999999999911e-01
9.899999999999999911e-01
9.066376632448066575e-01
9.899999999999999911e-01
9.899999999999999911e-01
9.899999999999999911e-01
9.085534073876734285e-01
9.899999999999999911e-01
9.899999999999999911e-01
9.275555746030166304e-01
9.899999999999999911e-01
9.899999999999999911e-01
9.899999999999999911e-01
9.653883360607732333e-01
9.899999999999999911e-01
9.899999999999999911e-01
9.899999999999999911e-01
9.899999999999999911e-01
9.899999999999999911e-01
9.251497288012618947e-01
9.899999999999999911e-01
9.899999999999999911e-01
8.067809143944359995e-01
9.899999999999999911e-01
9.899999999999999911e-01
9.899999999999999911e-01
8.536529595010197147e-01
9.899999999999999911e-01
9.899999999999999911e-01
9.899999999999999911e-01
8.484346430838403119e-01
9.899999999999999911e-01
7.574505786823012565e-01
9.899999999999999911e-01
9.899999999999999911e-01
9.096691271038488402e-01
9.899999999999999911e-01
9.899999999999999911e-01
9.899999999999999911e-01
8.892483924173069099e-01
9.899999999999999911e-01
9.899999999999999911e-01
9.899999999999999911e-01
8.438382439868358231e-01
9.899999999999999911e-01
9.899999999999999911e-01
8.402529973681204245e-01
9.899999999999999911e-01
9.899999999999999911e-01
9.899999999999999911e-01
8.933398387715398847e-01
9.899999999999999911e-01
9.899999999999999911e-01
9.899999999999999911e-01
9.547469046593102249e-01
9.899999999999999911e-01
9.899999999999999911e-01
9.899999999999999911e-01
8.675576399828303087e-01
9.899999999999999911e-01
9.899999999999999911e-01
9.899999999999999911e-01
8.725433028106104327e-01
9.899999999999999911e-01
9.899999999999999911e-01
9.899999999999999911e-01
8.950507053328435880e-01
9.899999999999999911e-01
9.899999999999999911e-01
9.899999999999999911e-01
8.197792980929717865e-01
9.899999999999999911e-01
9.899999999999999911e-01
9.899999999999999911e-01
8.333142300146448855e-01
9.899999999999999911e-01
9.899999999999999911e-01
9.899999999999999911e-01
9.085784920661942321e-01
9.899999999999999911e-01
9.899999999999999911e-01
9.899999999999999911e-01
8.417341542996892301e-01
9.899999999999999911e-01
9.899999999999999911e-01
9.899999999999999911e-01
8.509560016479507105e-01
9.899999999999999911e-01
9.899999999999999911e-01
9.043810025264099606e-01
9.899999999999999911e-01
9.899999999999999911e-01
9.899999999999999911e-01
