9.254110483341672078e-01
9.899999999999999911e-01
9.899999999999999911e-01
9.899999999999995470e-01
7.462676965798054063e-01
9.899999999999999911e-01
9.899999999999999911e-01
9.899999999999999911e-01
8.820584459194584781e-01
9.888453308494009608e-01
9.899999999999999911e-01
9.899999999999999911e-01
8.273471258864717459e-01
9.899999999999999911e-01
9.899999999999999911e-01
9.899999999999999911e-01
8.990119488907674095e-01
9.899999999999999911e-01
9.899999999999999911e-01
9.899999999999999911e-01
8.333757081821157042e-01
9.899999999999999911e-01
9.899999999999999911e-01
9.899999999999999911e-01
9.111705012231064993e-01
9.899999999999999911e-01
9.899999999999999911e-01
9.899999999999999911e-01
8.833605520978170533e-01
9.899999999999999911e-01
9.899999999999999911e-01
9.899999999999999911e-01
8.941161585917567489e-01
9.899999999999999911e-01
9.899999999999999911e-01
9.899999999999999911e-01
9.166642196139136445e-01
9.899999999999999911e-01
9.899999999999999911e-01
9.899999999999999911e-01
8.958532477933123239e-01
9.899999999999999911e-01
9.899999999999999911e-01
9.899999999999999911e-01
9.147842346186353391e-01
9.899999999999999911e-01
9.899999999999999911e-01
9.899999999999999911e-01
9.138425835464172309e-01
9.899999999999999911e-01
9.830131898401706092e-01
9.899999999999999911e-01
9.002543463721602857e-01
9.899999999999999911e-01
9.899999999999999911e-01
9.899999999999999911e-01
7.359665993412954910e-01
9.899999999999999911e-01
9.899999999999999911e-01
9.899999999999999911e-01
8.099312969486356373e-01
9.899999999999999911e-01
9.899999999999999911e-01
9.899999999999999911e-01
7.616214742306613994e-01
9.899999999999999911e-01
9.899999999999999911e-01
9.899999999999999911e-01
7.940697423002659461e-01
9.899999999999999911e-01
9.899999999999999911e-01
9.899999999999999911e-01
8.979643899449660793e-01
9.899999999999999911e-01
9.899999999999999911e-01
9.899999999999999911e-01
9.225650810300916049e-01
9.899999999999999911e-01
9.899999999999996581e-01
9.899999999999999911e-01
8.798684116824111445e-01
9.899999999999999911e-01
9.899999999999999911e-01
9.899999999999999911e-01
8.521113332703775800e-01
9.899999999999999911e-01
9.899999999999999911e-01
9.899999999999999911e-01
9.007481690391754281e-01
9.899999999999999911e-01
9.899999999999999911e-01
9.899999999999999911e-01
8.514504193818397404e-01
9.899999999999999911e-01
9.899999999999999911e-01
9.899999999999999911e-01
8.019965053074181727e-01
9.899999999999999911e-01
9.874659278179536148e-01
9.899999999999999911e-01
8.280354971132050101e-01
9.899999999999999911e-01
9.899999999999999911e-01
9.899999999999999911e-01
8.448060583396775902e-01
9.899999999999999911e-01
9.899999999999999911e-01
9.899999999999999911e-01
8.254931829819746048e-01
9.899999999999999911e-01
8.032342960911761365e-01
9.899999999999999911e-01
9.899999999999999911e-01
9.899999999999999911e-01
9.131762206913859314e-01
9.899999999999999911e-01
7.324006530581106400e-01
9.899999999999999911e-01
9.899999999999999911e-01
9.899999999999999911e-01
7.806999061685263586e-01
9.899999999999999911e-01
9.899999999999999911e-01
9.899999999999999911e-01
7.435818869204008363e-01
9.899999999999999911e-01
9.899999999999999911e-01
9.899999999999999911e-01
7.573057488616526944e-01
9.899999999999999911e-01
9.899999999999999911e-01
9.899999999999999911e-01
8.449949433378484143e-01
9.899999999999999911e-01
9.899999999999999911e-01
9.899999999999999911e-01
8.672611619978610742e-01
9.899999999999999911e-01
9.899999999999999911e-01
9.899999999999999911e-01
8.847474924494328485e-01
9.899999999999999911e-01
9.899999999999999911e-01
8.574708418031887769e-01
9.899999999999999911e-01
9.899999999999999911e-01
9.899999999999999911e-01
8.413263067454017641e-01
9.899999999999999911e-01
9.899999999999999911e-01
9.484619999232499765e-01
9.899999999999999911e-01
9.899999999999999911e-01
9.899999999999999911e-01
8.631488029305920406e-01
9.899999999999999911e-01
9.899999999999999911e-01
9.899999999999999911e-01
9.899999999999999911e-01
9.899999999999999911e-01
8.882169822775719537e-01
9.899999999999999911e-01
9.899999999999999911e-01
9.899999999999999911e-01
8.959182621996044649e-01
9.899999999999999911e-01
9.899999999999999911e-01
9.899999999999999911e-01
9.899999999999999911e-01
9.264519574087867193e-01
9.899999999999999911e-01
9.899999999999999911e-01
9.899999999999999911e-01
9.899999999999999911e-01
8.588865302257129297e-01
9.899999999999999911e-01
9.786650083461173599e-01
9.899999999999999911e-01
8.866016883743028654e-01
9.899999999999999911e-01
9.899999999999999911e-01
9.867458789251101203e-01
9.333588382174726750e-01
9.899999999999999911e-01
9.899999999999999911e-01
9.899999999999999911e-01
9.899999999999999911e-01
9.899999999999999911e-01
9.160879280924787427e-01
9.899999999999999911e-01
9.899999999999999911e-01
9.899999999999999911e-01
8.271515030795939527e-01
9.899999999999999911e-01
9.899999999999999911e-01
9.899999999999999911e-01
8.426539679231158653e-01
9.899999999999999911e-01
9.899999999999999911e-01
9.899999999999999911e-01
7.248942187069974397e-01
9.899999999999999911e-01
9.899999999999999911e-01
9.899999999999999911e-01
9.899999999999999911e-01
9.899999999999999911e-01
9.899999999999999911e-01
9.597780767131154356e-01
9.899999999999999911e-01
9.899999999999999911e-01
9.899999999999999911e-01
8.777874190181967906e-01
9.899999999999999911e-01
9.899999999999999911e-01
9.899999999999999911e-01
7.677418422965867073e-01
9.899999999999999911e-01
9.899999999999999911e-01
9.127413509514393786e-01
9.899999999999999911e-01
9.899999999999999911e-01
7.802436225008251292e-01
9.899999999999999911e-01
9.899999999999999911e-01
9.022615898921357847e-01
9.851516256180762321e-01
9.899999999999999911e-01
9.899999999999999911e-01
7.253410090404097676e-01
9.830594956113499761e-01
9.899999999999999911e-01
9.899999999999999911e-01
9.312976211757013623e-01
9.899999999999999911e-01
9.899999999999999911e-01
9.899999999999999911e-01
7.299120747568189627e-01
9.809390852275532424e-01
9.899999999999999911e-01
9.899999999999999911e-01
7.516434553202839819e-01
9.899999999999999911e-01
9.899999999999999911e-01
9.899999999999999911e-01
8.320353826607362890e-01
9.899999999999999911e-01
9.899999999999999911e-01
9.899999999999999911e-01
8.299284752536797427e-01
8.148500368057708387e-01
9.899999999999999911e-01
9.899999999999999911e-01
9.899999999999999911e-01
8.234392182584427955e-01
9.899999999999999911e-01
9.899999999999999911e-01
9.899999999999999911e-01
7.962604030024683643e-01
9.899999999999999911e-01
9.779858306915530930e-01
9.899999999999999911e-01
8.525620794824408932e-01
9.899999999999999911e-01
9.849335094956441772e-01
9.899999999999999911e-01
8.948222921228065063e-01
9.899999999999999911e-01
9.899999999999999911e-01
9.899999999999999911e-01
8.147150232474387188e-01
9.899999999999999911e-01
9.899999999999999911e-01
9.899999999999999911e-01
9.246201390767454509e-01
9.899999999999999911e-01
9.899999999999999911e-01
9.899999999999999911e-01
8.808444150453170751e-01
9.899999999999999911e-01
9.899999999999999911e-01
9.899999999999999911e-01
9.231317097874364164e-01
9.899999999999999911e-01
9.751107903654697706e-01
9.899999999999999911e-01
7.286726051924743430e-01
9.899999999999999911e-01
9.898212175277260050e-01
9.899999999999999911e-01
8.958803343870082037e-01
9.899999999999999911e-01
9.899999999999999911e-01
9.899999999999999911e-01
9.156379007353446786e-01
9.899999999999999911e-01
9.899999999999999911e-01
9.899999999999999911e-01
7.176782223916285952e-01
9.899999999999999911e-01
9.899999999999999911e-01
9.899999999999999911e-01
8.173021050571532831e-01
9.899999999999999911e-01
9.899999999999999911e-01
9.899999999999999911e-01
7.956855172469573523e-01
9.899999999999999911e-01
9.899999999999999911e-01
9.899999999999999911e-01
9.090515287912251940e-01
9.899999999999999911e-01
9.899999999999999911e-01
9.899999999999999911e-01
8.324236337718430301e-01
9.899999999999999911e-01
9.899999999999999911e-01
9.899999999999999911e-01
7.685912700353881855e-01
9.899999999999999911e-01
9.899999999999999911e-01
9.899999999999999911e-01
8.523650537874839506e-01
9.899999999999999911e-01
9.899999999999999911e-01
9.877452638190580281e-01
8.498783211109774971e-01
9.899999999999999911e-01
9.899999999999999911e-01
9.899999999999999911e-01
8.450506177180724388e-01
9.899999999999999911e-01
9.899999999999999911e-01
9.899999999999999911e-01
8.610786563143300043e-01
9.899999999999999911e-01
9.899999999999999911e-01
9.899999999999999911e-01
9.899999999999999911e-01
9.857182123114240913e-01
9.899999999999999911e-01
9.899999999999999911e-01
8.682891608725697985e-01
9.899999999999999911e-01
9.899999999999999911e-01
9.899999999999999911e-01
8.599387825324212864e-01
9.899999999999999911e-01
9.899999999999999911e-01
9.899999999999999911e-01
9.679000987279943180e-01
9.899999999999999911e-01
9.899999999999999911e-01
9.899999999999999911e-01
7.941933439491042357e-01
9.899999999999999911e-01
9.899999999999999911e-01
9.899999999999999911e-01
9.797796015515634060e-01
7.122143862247345414e-01
9.899999999999999911e-01
9.899999999999999911e-01
9.899999999999999911e-01
7.693402292210871352e-01
9.899999999999999911e-01
9.899999999999999911e-01
9.854824451661992057e-01
9.264534947731182246e-01
9.899999999999999911e-01
9.899999999999999911e-01
9.899999999999999911e-01
9.077685069509411342e-01
9.899999999999999911e-01
9.899999999999999911e-01
7.668899988112352073e-01
9.842723367695018766e-01
9.812916098183538383e-01
9.899999999999999911e-01
8.989267299573932002e-01
9.899999999999999911e-01
9.899999999999999911e-01
9.899999999999999911e-01
7.361296921853265340e-01
9.741178136988480896e-01
9.899999999999999911e-01
9.899999999999999911e-01
9.158896599957735418e-01
9.899999999999999911e-01
9.899999999999999911e-01
8.149976841439295905e-01
9.899999999999999911e-01
9.899999999999999911e-01
9.899999999999999911e-01
8.276724215713977539e-01
9.899999999999999911e-01
9.899999999999999911e-01
9.899999999999999911e-01
7.625746168421667637e-01
9.856959388748602890e-01
9.357558690034820659e-01
9.899999999999999911e-01
9.899999999999999911e-01
9.899999999999999911e-01
7.674868907293133091e-01
9.899999999999999911e-01
9.899999999999999911e-01
9.826565956358380705e-01
8.624676222649232393e-01
9.200402431760265065e-01
9.899999999999999911e-01
9.899999999999999911e-01
9.241199898287236758e-01
9.899999999999999911e-01
9.899999999999999911e-01
9.899999999999999911e-01
8.158162624245107741e-01
9.899999999999999911e-01
9.899999999999999911e-01
9.899999999999999911e-01
8.763727513095250776e-01
9.899999999999999911e-01
9.899999999999999911e-01
9.899999999999999911e-01
7.521824285109983688e-01
9.899999999999999911e-01
9.899999999999999911e-01
9.899999999999999911e-01
8.978342390518673222e-01
9.899999999999999911e-01
9.899999999999999911e-01
9.899999999999999911e-01
8.780051061787185196e-01
9.899999999999999911e-01
9.899999999999999911e-01
9.875602340831882708e-01
7.580252273996248569e-01
9.899999999999999911e-01
9.899999999999999911e-01
9.899999999999999911e-01
7.890117987720133286e-01
9.899999999999999911e-01
9.899999999999999911e-01
9.899999999999999911e-01
9.899159790631165690e-01
9.899999999999999911e-01
9.050702134393862064e-01
9.899999999999999911e-01
9.899999999999999911e-01
9.899999999999999911e-01
8.676418299771458953e-01
9.899999999999999911e-01
9.899999999999999911e-01
8.991275833337463164e-01
9.899999999999999911e-01
9.899999999999999911e-01
9.899999999999999911e-01
8.598028072057830595e-01
9.899999999999999911e-01
7.719208453153953986e-01
9.863957419714044494e-01
9.899999999999999911e-01
9.899999999999999911e-01
9.733401388193200221e-01
9.899999999999999911e-01
9.899999999999999911e-01
9.899999999999999911e-01
8.697618286146472366e-01
9.899999999999999911e-01
9.899999999999999911e-01
9.899999999999999911e-01
7.799404400662851566e-01
9.899999999999999911e-01
9.899999999999999911e-01
9.899999999999999911e-01
7.429268807480372550e-01
9.899999999999999911e-01
9.899999999999999911e-01
9.899999999999999911e-01
8.915472551016626612e-01
9.899999999999999911e-01
9.899999999999999911e-01
9.899999999999999911e-01
7.867883710194875091e-01
9.899999999999999911e-01
9.899999999999999911e-01
9.899999999999999911e-01
8.971496287188044372e-01
9.899999999999999911e-01
9.899999999999999911e-01
9.899999999999999911e-01
8.106098632372288337e-01
9.899999999999999911e-01
9.899999999999999911e-01
9.899999999999999911e-01
7.635111888449651607e-01
9.899999999999999911e-01
9.899999999999999911e-01
9.899999999999999911e-01
9.231169177472738907e-01
9.899999999999999911e-01
9.899999999999999911e-01
9.899999999999999911e-01
7.470720470946827785e-01
9.899999999999999911e-01
9.899999999999999911e-01
9.899999999999999911e-01
9.752488242610877212e-01
9.899999999999999911e-01
9.899999999999999911e-01
9.899999999999999911e-01
8.122300408081407630e-01
9.899999999999999911e-01
9.899999999999999911e-01
9.899999999999999911e-01
8.847206115594309361e-01
9.899999999999999911e-01
9.899999999999999911e-01
9.899999999999999911e-01
7.274837517669165976e-01
9.899999999999999911e-01
9.899999999999999911e-01
9.899999999999999911e-01
9.170102098324998119e-01
9.899999999999999911e-01
9.899999999999999911e-01
9.899999999999999911e-01
7.898380875677718516e-01
9.899999999999999911e-01
9.899999999999999911e-01
9.899999999999999911e-01
8.210549429465018312e-01
9.899999999999999911e-01
9.899999999999999911e-01
9.899999999999999911e-01
8.062794905438398496e-01
9.899999999999999911e-01
9.899999999999999911e-01
9.899999999999999911e-01
7.438873315875165204e-01
9.899999999999999911e-01
9.899999999999999911e-01
9.899999999999999911e-01
8.029213103425481002e-01
9.899999999999999911e-01
9.899999999999999911e-01
9.899999999999999911e-01
7.352090264111810214e-01
9.899999999999999911e-01
9.899999999999999911e-01
9.899999999999999911e-01
8.030352135021907589e-01
9.899999999999999911e-01
9.856163530131955008e-01
9.899999999999999911e-01
8.957362282835150680e-01
9.899999999999999911e-01
9.899999999999999911e-01
7.301872811496048499e-01
9.899999999999999911e-01
9.899999999999999911e-01
9.899999999999999911e-01
7.267088313572597214e-01
8.057672852968873478e-01
9.899999999999999911e-01
9.899999999999999911e-01
9.899999999999999911e-01
8.972712241330510485e-01
9.899999999999999911e-01
9.899999999999999911e-01
9.899999999999999911e-01
7.758961552058225575e-01
9.899999999999999911e-01
9.899999999999999911e-01
9.895980305533363941e-01
7.538633787326317615e-01
9.899999999999999911e-01
9.899999999999999911e-01
9.899999999999999911e-01
7.470188376669083530e-01
9.899999999999999911e-01
9.899999999999999911e-01
9.899999999999999911e-01
8.415447275295266927e-01
9.899999999999999911e-01
9.899999999999999911e-01
9.899999999999999911e-01
7.138852453034375545e-01
9.899999999999999911e-01
9.899999999999999911e-01
9.899999999999999911e-01
7.916730891991254904e-01
9.899999999999999911e-01
9.899999999999999911e-01
9.899999999999999911e-01
7.876368321293237829e-01
9.899999999999999911e-01
9.899999999999999911e-01
9.899999999999999911e-01
9.090165205947026150e-01
9.857843253200651024e-01
9.899999999999999911e-01
9.899999999999999911e-01
8.264548980820848323e-01
9.899999999999999911e-01
9.899999999999999911e-01
9.899999999999999911e-01
9.227343853290272957e-01
9.899999999999999911e-01
9.899999999999999911e-01
8.510711499989476181e-01
9.899999999999999911e-01
9.899999999999999911e-01
9.899999999999999911e-01
8.259110115941068475e-01
9.899999999999999911e-01
9.899999999999999911e-01
8.621571703252800534e-01
9.899999999999999911e-01
9.899999999999999911e-01
9.899999999999999911e-01
8.235406779487174367e-01
9.899999999999999911e-01
9.899999999999999911e-01
9.899999999999999911e-01
7.290888450470540683e-01
9.899999999999999911e-01
9.899999999999999911e-01
9.899999999999999911e-01
8.194740158008195774e-01
9.899999999999999911e-01
8.775657946972843515e-01
9.899999999999999911e-01
9.899999999999999911e-01
9.899999999999999911e-01
7.526100290081029209e-01
9.899999999999999911e-01
9.899999999999999911e-01
9.899999999999999911e-01
7.242033507411571591e-01
9.899999999999999911e-01
9.899999999999999911e-01
9.899999999999999911e-01
7.867835837440761981e-01
9.899999999999999911e-01
9.899999999999999911e-01
9.899999999999999911e-01
7.822805499769757143e-01
9.899999999999999911e-01
9.899999999999999911e-01
8.436581788677096627e-01
9.899999999999999911e-01
9.899999999999999911e-01
8.981592460592746630e-01
9.899999999999999911e-01
9.899999999999999911e-01
9.899999999999999911e-01
8.126597757059398353e-01
9.899999999999999911e-01
9.899999999999999911e-01
9.899999999999999911e-01
7.628413914777067983e-01
9.899999999999999911e-01
9.899999999999999911e-01
9.899999999999999911e-01
8.608511603977270221e-01
9.899999999999999911e-01
9.899999999999999911e-01
9.899999999999999911e-01
9.052856999697118656e-01
9.899999999999999911e-01
9.899999999999999911e-01
7.605370772215775954e-01
9.899999999999999911e-01
9.899999999999999911e-01
9.899999999999999911e-01
8.083346041761818590e-01
9.899999999999999911e-01
9.899999999999999911e-01
9.899999999999999911e-01
8.138802832839154844e-01
9.899999999999999911e-01
9.899999999999999911e-01
9.899999999999999911e-01
7.534327310401167654e-01
9.807229530991919964e-01
9.899999999999997691e-01
9.899999999999999911e-01
8.502836925861294581e-01
9.899999999999999911e-01
9.899999999999999911e-01
9.899999999999999911e-01
7.540740650351130947e-01
9.899999999999999911e-01
9.899999999999999911e-01
9.899999999999999911e-01
8.890601912059072909e-01
9.899999999999999911e-01
9.899999999999999911e-01
9.899999999999999911e-01
7.762406100548286947e-01
9.899999999999999911e-01
9.899999999999999911e-01
9.899999999999999911e-01
8.255014840208100280e-01
9.899999999999999911e-01
9.899999999999999911e-01
9.899999999999999911e-01
8.579708119379804154e-01
9.899999999999999911e-01
9.899999999999999911e-01
9.899999999999999911e-01
7.569314495561538791e-01
9.899999999999999911e-01
9.899999999999999911e-01
9.899999999999999911e-01
8.667814307019464648e-01
9.899999999999999911e-01
7.923655036755115066e-01
9.899999999999999911e-01
9.899999999999999911e-01
9.899999999999999911e-01
8.758522997364777130e-01
9.899999999999999911e-01
9.899999999999999911e-01
9.899999999999999911e-01
7.777479581077800797e-01
9.899999999999999911e-01
9.899999999999999911e-01
7.257973141752851465e-01
9.899999999999999911e-01
9.899999999999999911e-01
9.899999999999999911e-01
7.237617605432145051e-01
9.899999999999999911e-01
9.899999999999999911e-01
9.899999999999999911e-01
8.147690728790789594e-01
9.899999999999999911e-01
9.899999999999999911e-01
8.892764018499567102e-01
9.899999999999999911e-01
9.899999999999999911e-01
9.899999999999999911e-01
8.831854131382914641e-01
9.899999999999999911e-01
9.899999999999999911e-01
7.624323811369640991e-01
9.899999999999999911e-01
9.899999999999999911e-01
9.899999999999999911e-01
9.744943645568736601e-01
9.899999999999999911e-01
9.899999999999999911e-01
9.899999999999999911e-01
7.583015469091455296e-01
9.779979851019762194e-01
9.899999999999999911e-01
9.899999999999999911e-01
8.031583567395992329e-01
9.899999999999999911e-01
9.899999999999999911e-01
9.899999999999999911e-01
9.032720766035774451e-01
9.899999999999999911e-01
9.638622852856738588e-01
9.899999999999999911e-01
8.607697586618496821e-01
9.899999999999999911e-01
9.899999999999999911e-01
8.514895105297639599e-01
9.899999999999999911e-01
9.899999999999999911e-01
9.798763731111388431e-01
8.335972196969224646e-01
9.787381514940601823e-01
9.899999999999999911e-01
9.899999999999999911e-01
7.490130023546887061e-01
9.899999999999999911e-01
9.899999999999999911e-01
9.899999999999999911e-01
8.396466148881019942e-01
9.899999999999999911e-01
7.379931741168457293e-01
9.899999999999999911e-01
9.899999999999999911e-01
8.184409837904691454e-01
9.899999999999999911e-01
9.899999999999999911e-01
9.899999999999999911e-01
9.051610304137179819e-01
9.899999999999999911e-01
9.899999999999999911e-01
9.899999999999999911e-01
8.674186043600211615e-01
9.899999999999999911e-01
9.899999999999999911e-01
7.739554465876775646e-01
9.899999999999999911e-01
9.899999999999999911e-01
9.899999999999999911e-01
9.057842649719837214e-01
9.899999999999999911e-01
9.887753507769899697e-01
9.830785364022369688e-01
7.821602710434097938e-01
9.899999999999999911e-01
9.899999999999999911e-01
9.100803886467963011e-01
9.899999999999999911e-01
9.899999999999999911e-01
9.899999999999999911e-01
7.644327804745835175e-01
9.875607988519812253e-01
9.881100824562937257e-01
8.980400022714534192e-01
9.856293821868200578e-01
9.899999999999999911e-01
9.829588297555186260e-01
8.255801605280405076e-01
9.899999999999999911e-01
9.899999999999999911e-01
9.899999999999999911e-01
9.198363477776753117e-01
9.899999999999999911e-01
9.899999999999999911e-01
9.899999999999999911e-01
8.356026954418035446e-01
9.899999999999999911e-01
9.899999999999999911e-01
9.899999999999999911e-01
7.998156323199155926e-01
9.899999999999999911e-01
9.899999999999999911e-01
9.899999999999999911e-01
9.007632527003837097e-01
9.899999999999999911e-01
9.899999999999999911e-01
9.899999999999999911e-01
8.149708799768677903e-01
9.899999999999999911e-01
9.899999999999999911e-01
9.158541014894722165e-01
9.899999999999999911e-01
9.899999999999999911e-01
9.899999999999999911e-01
8.707263686790582824e-01
9.899999999999999911e-01
8.736206560071668736e-01
9.899999999999999911e-01
9.860379739764034701e-01
9.899999999999999911e-01
7.541725232952789515e-01
9.899999999999999911e-01
9.899999999999999911e-01
9.899999999999999911e-01
9.041813491124588431e-01
9.899999999999999911e-01
9.899999999999999911e-01
9.899999999999999911e-01
8.688424812323617408e-01
9.899999999999999911e-01
9.899999999999999911e-01
7.508503778006169194e-01
9.899999999999999911e-01
9.899999999999999911e-01
9.899999999999999911e-01
8.986829772045854536e-01
9.899999999999999911e-01
9.899999999999999911e-01
9.899999999999999911e-01
9.005449449418272412e-01
9.899999999999999911e-01
9.899999999999999911e-01
9.899999999999999911e-01
8.696533893995918030e-01
9.899999999999999911e-01
9.899999999999999911e-01
9.899999999999999911e-01
7.474261870859745249e-01
9.899999999999999911e-01
9.899999999999999911e-01
9.899999999999999911e-01
7.623367065774024898e-01
9.899999999999999911e-01
9.899999999999999911e-01
9.899999999999999911e-01
7.731009866646724182e-01
9.899999999999999911e-01
9.899999999999999911e-01
7.438884706745595432e-01
9.899999999999999911e-01
9.899999999999999911e-01
9.899999999999999911e-01
8.844992991705395990e-01
9.899999999999999911e-01
9.899999999999999911e-01
7.233755302850388702e-01
9.899999999999999911e-01
9.899999999999999911e-01
9.899999999999999911e-01
8.988533360584679555e-01
9.899999999999999911e-01
7.403848354746799254e-01
9.899999999999999911e-01
9.899999999999999911e-01
7.283339099061784117e-01
9.856568266230972819e-01
9.899999999999999911e-01
8.914233040000172359e-01
9.899999999999999911e-01
9.769594091151101445e-01
9.015986532258288833e-01
9.899999999999999911e-01
9.824287535435136665e-01
9.899999999999999911e-01
9.166167202794012203e-01
9.899999999999999911e-01
9.899999999999999911e-01
7.712548891811674689e-01
9.899999999999999911e-01
9.899999999999999911e-01
9.732849295052694583e-01
8.006912089803116528e-01
9.899999999999999911e-01
9.899999999999999911e-01
9.899999999999999911e-01
8.351340630448448321e-01
9.899999999999999911e-01
9.899999999999999911e-01
9.899999999999999911e-01
9.183470911605813303e-01
9.899999999999999911e-01
9.899999999999999911e-01
8.899751654976310045e-01
9.899999999999999911e-01
9.899999999999999911e-01
9.899999999999999911e-01
8.791204719652941924e-01
9.899999999999999911e-01
9.899999999999999911e-01
8.846319021925433956e-01
9.899999999999999911e-01
9.899999999999999911e-01
9.870877034793883453e-01
9.425933371573249620e-01
9.899999999999999911e-01
9.899999999999999911e-01
9.899999999999999911e-01
9.899999999999999911e-01
9.899999999999999911e-01
9.055597649419675488e-01
9.899999999999999911e-01
9.899999999999999911e-01
7.613984975749610307e-01
9.899999999999999911e-01
9.899999999999999911e-01
9.899999999999999911e-01
8.128497917909160986e-01
9.899999999999999911e-01
9.899999999999999911e-01
9.899999999999999911e-01
8.142899966180939808e-01
9.768273228692503363e-01
7.114695472342787985e-01
9.899999999999999911e-01
9.899999999999999911e-01
8.690613429146937241e-01
9.899999999999999911e-01
9.804299362440328514e-01
9.822582843033086375e-01
8.463551189649306528e-01
9.899999999999999911e-01
9.899999999999999911e-01
9.899999999999999911e-01
8.004716217993806948e-01
9.899999999999999911e-01
9.899999999999999911e-01
7.994293264742970972e-01
9.829423935991077332e-01
9.899999999999999911e-01
9.899999999999999911e-01
8.492904573194371975e-01
9.899999999999999911e-01
9.899999999999999911e-01
9.899999999999999911e-01
9.130324696070596380e-01
9.899999999999999911e-01
9.899999999999999911e-01
9.899999999999999911e-01
8.226747265578701063e-01
9.884839935586311466e-01
9.899999999999999911e-01
9.899999999999999911e-01
8.280337160620113712e-01
9.899999999999999911e-01
9.899999999999999911e-01
9.899999999999999911e-01
8.544676280613666686e-01
9.883772859595634230e-01
9.899999999999999911e-01
9.899999999999999911e-01
7.762282719704531875e-01
9.899999999999999911e-01
9.734971745699888546e-01
9.899999999999999911e-01
7.899488394358469279e-01
9.899999999999999911e-01
9.899999999999999911e-01
9.899999999999999911e-01
8.676422381451392996e-01
9.899999999999999911e-01
9.899999999999999911e-01
9.899999999999999911e-01
8.002808412241424474e-01
9.899999999999999911e-01
9.899999999999999911e-01
9.899999999999999911e-01
8.236073788906316251e-01
9.899999999999999911e-01
9.860984804157654215e-01
8.804162041715308806e-01
9.899999999999999911e-01
9.899999999999999911e-01
9.899999999999999911e-01
