9.323810001954941917e-01
9.899999999999999911e-01
9.899999999999999911e-01
9.899999999999997691e-01
7.636411016749572456e-01
9.899999999999999911e-01
9.899999999999999911e-01
9.899999999999999911e-01
8.898884879840825990e-01
9.899999999999999911e-01
9.899999999999999911e-01
9.899999999999999911e-01
8.438253677268469088e-01
9.899999999999999911e-01
9.899999999999999911e-01
9.899999999999999911e-01
9.188116842046308852e-01
9.899999999999999911e-01
9.899999999999999911e-01
9.899999999999999911e-01
8.510931192788708799e-01
9.899999999999999911e-01
9.899999999999999911e-01
9.899999999999999911e-01
9.314679364738065459e-01
9.899999999999999911e-01
9.899999999999999911e-01
9.899999999999999911e-01
9.036999902330160594e-01
9.899999999999999911e-01
9.899999999999999911e-01
9.899999999999999911e-01
9.144471763658769126e-01
9.899999999999999911e-01
9.899999999999999911e-01
9.899999999999999911e-01
9.337145321473536708e-01
9.899999999999999911e-01
9.899999999999999911e-01
9.899999999999999911e-01
9.161821978304556247e-01
9.899999999999999911e-01
9.899999999999999911e-01
9.899999999999999911e-01
9.295974918740715909e-01
9.899999999999999911e-01
9.899999999999999911e-01
9.899999999999999911e-01
9.317186261187534457e-01
9.899999999999999911e-01
9.899999999999999911e-01
9.899999999999999911e-01
9.196842755894474308e-01
9.899999999999999911e-01
9.899999999999999911e-01
9.899999999999999911e-01
7.543554815996431628e-01
9.899999999999999911e-01
9.899999999999999911e-01
9.899999999999999911e-01
8.283148962463685594e-01
9.899999999999999911e-01
9.899999999999999911e-01
9.899999999999999911e-01
7.810305795024422570e-01
9.899999999999999911e-01
9.899999999999999911e-01
9.899999999999999911e-01
8.116056956714053916e-01
9.899999999999999911e-01
9.899999999999999911e-01
9.899999999999999911e-01
9.159425977552696496e-01
9.899999999999999911e-01
9.899999999999999911e-01
9.899999999999999911e-01
9.328811100835571191e-01
9.899999999999999911e-01
9.899999999999997691e-01
9.899999999999999911e-01
8.917473749496306334e-01
9.899999999999999911e-01
9.899999999999999911e-01
9.899999999999999911e-01
8.705513174323432635e-01
9.899999999999999911e-01
9.899999999999999911e-01
9.899999999999999911e-01
9.191120755578534585e-01
9.899999999999999911e-01
9.899999999999999911e-01
9.899999999999999911e-01
8.704598323863815823e-01
9.899999999999999911e-01
9.899999999999999911e-01
9.899999999999999911e-01
8.225497918817686882e-01
9.899999999999999911e-01
9.899999999999999911e-01
9.899999999999999911e-01
8.484398389806832030e-01
9.899999999999999911e-01
9.899999999999999911e-01
9.899999999999999911e-01
8.630237466917598521e-01
9.899999999999999911e-01
9.899999999999999911e-01
9.899999999999999911e-01
8.415100783472361234e-01
9.899999999999999911e-01
8.221173980100476841e-01
9.899999999999999911e-01
9.899999999999999911e-01
9.899999999999999911e-01
9.279005513953322293e-01
9.899999999999999911e-01
7.516055164951833678e-01
9.899999999999999911e-01
9.899999999999999911e-01
9.899999999999999911e-01
8.005749865272858701e-01
9.899999999999999911e-01
9.899999999999999911e-01
9.899999999999999911e-01
7.638092105523487385e-01
9.899999999999999911e-01
9.899999999999999911e-01
9.899999999999999911e-01
7.753432265859295791e-01
9.899999999999999911e-01
9.899999999999999911e-01
9.899999999999999911e-01
8.654257628326093021e-01
9.899999999999999911e-01
9.899999999999999911e-01
9.899999999999999911e-01
8.857220835824223260e-01
9.899999999999999911e-01
9.899999999999999911e-01
9.899999999999999911e-01
8.917718240148205799e-01
9.899999999999999911e-01
9.899999999999999911e-01
8.669465391815601718e-01
9.899999999999999911e-01
9.899999999999999911e-01
9.899999999999999911e-01
8.503879627929000762e-01
9.899999999999999911e-01
9.899999999999999911e-01
9.526539270618947786e-01
9.899999999999999911e-01
9.899999999999999911e-01
9.899999999999999911e-01
8.753803588345654418e-01
9.899999999999999911e-01
9.899999999999999911e-01
9.899999999999999911e-01
9.899999999999999911e-01
9.899999999999999911e-01
8.992649236557618275e-01
9.899999999999999911e-01
9.899999999999999911e-01
9.899999999999999911e-01
9.091955670875007112e-01
9.899999999999999911e-01
9.899999999999999911e-01
9.899999999999999911e-01
9.899999999999999911e-01
9.426255828217906529e-01
9.899999999999999911e-01
9.899999999999999911e-01
9.899999999999999911e-01
9.899999999999999911e-01
8.711500105293041862e-01
9.899999999999999911e-01
9.899999999999999911e-01
9.899999999999999911e-01
8.970151162014606827e-01
9.899999999999999911e-01
9.899999999999999911e-01
9.899999999999999911e-01
9.479716624830992755e-01
9.899999999999999911e-01
9.899999999999999911e-01
9.899999999999999911e-01
9.899999999999999911e-01
9.899999999999999911e-01
9.308709957598448881e-01
9.899999999999999911e-01
9.899999999999999911e-01
9.899999999999999911e-01
8.396586757554926894e-01
9.899999999999999911e-01
9.899999999999999911e-01
9.899999999999999911e-01
8.628451425741521241e-01
9.899999999999999911e-01
9.899999999999999911e-01
9.899999999999999911e-01
7.456825095707947382e-01
9.899999999999999911e-01
9.899999999999999911e-01
9.899999999999999911e-01
9.899999999999999911e-01
9.899999999999999911e-01
9.899999999999999911e-01
9.632081777010630397e-01
9.899999999999999911e-01
9.899999999999999911e-01
9.899999999999999911e-01
8.965216670192927007e-01
9.899999999999999911e-01
9.899999999999999911e-01
9.899999999999999911e-01
7.813995361609785695e-01
9.899999999999999911e-01
9.899999999999999911e-01
9.260419832963140419e-01
9.899999999999999911e-01
9.899999999999999911e-01
7.949028183070406817e-01
9.899999999999999911e-01
9.899999999999999911e-01
9.160238418438434449e-01
9.899999999999999911e-01
9.899999999999999911e-01
9.899999999999999911e-01
7.422996650540151231e-01
9.899999999999999911e-01
9.899999999999999911e-01
9.899999999999999911e-01
9.428883594766359622e-01
9.899999999999999911e-01
9.899999999999999911e-01
9.899999999999999911e-01
7.501866474703340337e-01
9.899999999999999911e-01
9.899999999999999911e-01
9.899999999999999911e-01
7.712512586868336406e-01
9.899999999999999911e-01
9.899999999999999911e-01
9.899999999999999911e-01
8.520162499982172344e-01
9.899999999999999911e-01
9.899999999999999911e-01
9.899999999999999911e-01
8.420057621327410313e-01
8.353723019297453201e-01
9.899999999999999911e-01
9.899999999999999911e-01
9.899999999999999911e-01
8.431463047691297730e-01
9.899999999999999911e-01
9.899999999999999911e-01
9.899999999999999911e-01
8.138753011486032918e-01
9.899999999999999911e-01
9.899999999999999911e-01
9.899999999999999911e-01
8.708282499013563216e-01
9.899999999999999911e-01
9.899999999999999911e-01
9.899999999999999911e-01
9.124668833203212204e-01
9.899999999999999911e-01
9.899999999999999911e-01
9.899999999999999911e-01
8.312795892161393141e-01
9.899999999999999911e-01
9.899999999999999911e-01
9.899999999999999911e-01
9.427441605593658291e-01
9.899999999999999911e-01
9.899999999999999911e-01
9.899999999999999911e-01
8.899804120634388083e-01
9.899999999999999911e-01
9.899999999999999911e-01
9.899999999999999911e-01
9.426174581350209580e-01
9.899999999999999911e-01
9.899999999999999911e-01
9.899999999999999911e-01
7.488041884711537088e-01
9.899999999999999911e-01
9.899999999999999911e-01
9.899999999999999911e-01
9.145241057939702545e-01
9.899999999999999911e-01
9.899999999999999911e-01
9.899999999999999911e-01
9.357446448924122695e-01
9.899999999999999911e-01
9.899999999999999911e-01
9.899999999999999911e-01
7.375323777450876195e-01
9.899999999999999911e-01
9.899999999999999911e-01
9.899999999999999911e-01
8.363968188283141814e-01
9.899999999999999911e-01
9.899999999999999911e-01
9.899999999999999911e-01
8.132214044069190351e-01
9.899999999999999911e-01
9.899999999999999911e-01
9.899999999999999911e-01
9.270193569908965481e-01
9.899999999999999911e-01
9.899999999999999911e-01
9.899999999999999911e-01
8.520001302573904089e-01
9.899999999999999911e-01
9.899999999999999911e-01
9.899999999999999911e-01
7.891977658587198130e-01
9.899999999999999911e-01
9.899999999999999911e-01
9.899999999999999911e-01
8.703890502875804014e-01
9.899999999999999911e-01
9.899999999999999911e-01
9.899999999999999911e-01
8.678874491182192452e-01
9.899999999999999911e-01
9.899999999999999911e-01
9.899999999999999911e-01
8.647957833836396047e-01
9.899999999999999911e-01
9.899999999999999911e-01
9.899999999999999911e-01
8.813818630066425630e-01
9.899999999999999911e-01
9.899999999999999911e-01
9.899999999999999911e-01
9.899999999999999911e-01
9.899999999999999911e-01
9.899999999999999911e-01
9.899999999999999911e-01
8.792946118114020049e-01
9.899999999999999911e-01
9.899999999999999911e-01
9.899999999999999911e-01
8.803425451754108844e-01
9.899999999999999911e-01
9.899999999999999911e-01
9.899999999999999911e-01
9.699349541438641031e-01
9.899999999999999911e-01
9.899999999999999911e-01
9.899999999999999911e-01
8.063124556897109940e-01
9.899999999999999911e-01
9.899999999999999911e-01
9.899999999999999911e-01
9.899999999999999911e-01
7.330621476778098611e-01
9.899999999999999911e-01
9.899999999999999911e-01
9.899999999999999911e-01
7.841867519076537452e-01
9.899999999999999911e-01
9.899999999999999911e-01
9.899999999999999911e-01
9.437489027700367572e-01
9.899999999999999911e-01
9.899999999999999911e-01
9.899999999999999911e-01
9.270302737967454076e-01
9.899999999999999911e-01
9.899999999999999911e-01
7.873791166897710081e-01
9.899999999999999911e-01
9.899999999999999911e-01
9.899999999999999911e-01
9.187120490788734939e-01
9.899999999999999911e-01
9.899999999999999911e-01
9.899999999999999911e-01
7.548316934182257576e-01
9.899999999999999911e-01
9.899999999999999911e-01
9.899999999999999911e-01
9.316288489530732964e-01
9.899999999999999911e-01
9.899999999999999911e-01
8.348977380830542305e-01
9.899999999999999911e-01
9.899999999999999911e-01
9.899999999999999911e-01
8.463399476321847859e-01
9.899999999999999911e-01
9.899999999999999911e-01
9.899999999999999911e-01
7.773910546436443303e-01
9.899999999999999911e-01
9.433702808672449480e-01
9.899999999999999911e-01
9.899999999999999911e-01
9.899999999999999911e-01
7.858654651789510615e-01
9.899999999999999911e-01
9.899999999999999911e-01
9.899999999999999911e-01
8.796224125794911419e-01
9.392237900904047976e-01
9.899999999999999911e-01
9.899999999999999911e-01
9.426029391941157520e-01
9.899999999999999911e-01
9.899999999999999911e-01
9.899999999999999911e-01
8.335556524448959337e-01
9.899999999999999911e-01
9.899999999999999911e-01
9.899999999999999911e-01
8.945016422631442143e-01
9.899999999999999911e-01
9.899999999999999911e-01
9.899999999999999911e-01
7.719525139842698946e-01
9.899999999999999911e-01
9.899999999999999911e-01
9.899999999999999911e-01
9.170389366970491674e-01
9.899999999999999911e-01
9.899999999999999911e-01
9.899999999999999911e-01
8.958153219017566116e-01
9.899999999999999911e-01
9.899999999999999911e-01
9.899999999999999911e-01
7.768836351185879341e-01
9.899999999999999911e-01
9.899999999999999911e-01
9.899999999999999911e-01
8.087900530111981068e-01
9.899999999999999911e-01
9.899999999999999911e-01
9.899999999999999911e-01
9.899999999999999911e-01
9.899999999999999911e-01
9.182025524867186705e-01
9.899999999999999911e-01
9.899999999999999911e-01
9.899999999999999911e-01
8.817969013288189384e-01
9.899999999999999911e-01
9.899999999999999911e-01
9.186018360800829452e-01
9.899999999999999911e-01
9.899999999999999911e-01
9.899999999999999911e-01
8.729776011763522581e-01
9.899999999999999911e-01
7.910662610629121128e-01
9.899999999999999911e-01
9.899999999999999911e-01
9.899999999999999911e-01
9.750839653523398765e-01
9.899999999999999911e-01
9.899999999999999911e-01
9.899999999999999911e-01
8.886189747139618955e-01
9.899999999999999911e-01
9.899999999999999911e-01
9.899999999999999911e-01
7.991767334138524248e-01
9.899999999999999911e-01
9.899999999999999911e-01
9.899999999999999911e-01
7.632192811775891927e-01
9.899999999999999911e-01
9.899999999999999911e-01
9.899999999999999911e-01
9.056622367357659575e-01
9.899999999999999911e-01
9.899999999999999911e-01
9.899999999999999911e-01
8.066872856330614683e-01
9.899999999999999911e-01
9.899999999999999911e-01
9.899999999999999911e-01
9.162707908669680545e-01
9.899999999999999911e-01
9.899999999999999911e-01
9.899999999999999911e-01
8.296231696572774483e-01
9.899999999999999911e-01
9.899999999999999911e-01
9.899999999999999911e-01
7.786088305294712741e-01
9.899999999999999911e-01
9.899999999999999911e-01
9.899999999999999911e-01
9.404141954518717705e-01
9.899999999999999911e-01
9.899999999999999911e-01
9.899999999999999911e-01
7.677528798133796961e-01
9.899999999999999911e-01
9.899999999999999911e-01
9.899999999999999911e-01
9.766105031793056446e-01
9.899999999999999911e-01
9.899999999999999911e-01
9.899999999999999911e-01
8.261511530413502280e-01
9.899999999999999911e-01
9.899999999999999911e-01
9.899999999999999911e-01
8.964467565910537727e-01
9.899999999999999911e-01
9.899999999999999911e-01
9.899999999999999911e-01
7.478235616198083413e-01
9.899999999999999911e-01
9.899999999999999911e-01
9.899999999999999911e-01
9.366297915180988864e-01
9.899999999999999911e-01
9.899999999999999911e-01
9.899999999999999911e-01
8.034243312339434118e-01
9.899999999999999911e-01
9.899999999999999911e-01
9.899999999999999911e-01
8.400857019216161348e-01
9.899999999999999911e-01
9.899999999999999911e-01
9.899999999999999911e-01
8.267765627436528542e-01
9.899999999999999911e-01
9.899999999999999911e-01
9.899999999999999911e-01
7.635393386788412728e-01
9.899999999999999911e-01
9.899999999999999911e-01
9.899999999999999911e-01
8.224077683941439787e-01
9.899999999999999911e-01
9.899999999999999911e-01
9.899999999999999911e-01
7.556674688415184749e-01
9.899999999999999911e-01
9.899999999999999911e-01
9.899999999999999911e-01
8.231237834694515865e-01
9.899999999999999911e-01
9.899999999999999911e-01
9.899999999999999911e-01
9.105209284832295191e-01
9.899999999999999911e-01
9.899999999999999911e-01
7.493636586995137128e-01
9.899999999999999911e-01
9.899999999999999911e-01
9.899999999999999911e-01
7.435047442298242659e-01
8.250881180828484318e-01
9.899999999999999911e-01
9.899999999999999911e-01
9.899999999999999911e-01
9.034016030396325725e-01
9.899999999999999911e-01
9.899999999999999911e-01
9.899999999999999911e-01
7.942569835294125413e-01
9.899999999999999911e-01
9.899999999999999911e-01
9.899999999999999911e-01
7.718828312137644421e-01
9.899999999999999911e-01
9.899999999999999911e-01
9.899999999999999911e-01
7.660356894459647847e-01
9.899999999999999911e-01
9.899999999999999911e-01
9.899999999999999911e-01
8.618051952361414081e-01
9.899999999999999911e-01
9.899999999999999911e-01
9.899999999999999911e-01
7.322808362170701857e-01
9.899999999999999911e-01
9.899999999999999911e-01
9.899999999999999911e-01
8.121827764406134298e-01
9.899999999999999911e-01
9.899999999999999911e-01
9.899999999999999911e-01
8.082193198584276539e-01
9.899999999999999911e-01
9.899999999999999911e-01
9.899999999999999911e-01
9.250616717788110455e-01
9.899999999999999911e-01
9.899999999999999911e-01
9.899999999999999911e-01
8.398420589840462913e-01
9.899999999999999911e-01
9.899999999999999911e-01
9.899999999999999911e-01
9.316106979815012012e-01
9.899999999999999911e-01
9.899999999999999911e-01
8.674668423532454486e-01
9.899999999999999911e-01
9.899999999999999911e-01
9.899999999999999911e-01
8.362642413337382230e-01
9.899999999999999911e-01
9.899999999999999911e-01
8.757499498478995559e-01
9.899999999999999911e-01
9.899999999999999911e-01
9.899999999999999911e-01
8.407212532659354975e-01
9.899999999999999911e-01
9.899999999999999911e-01
9.899999999999999911e-01
7.468610565885817065e-01
9.899999999999999911e-01
9.899999999999999911e-01
9.899999999999999911e-01
8.306797593031900462e-01
9.899999999999999911e-01
8.942610279037722654e-01
9.899999999999999911e-01
9.899999999999999911e-01
9.899999999999999911e-01
7.720269129375825212e-01
9.899999999999999911e-01
9.899999999999999911e-01
9.899999999999999911e-01
7.441883862509317549e-01
9.899999999999999911e-01
9.899999999999999911e-01
9.899999999999999911e-01
8.044454832734032612e-01
9.899999999999999911e-01
9.899999999999999911e-01
9.899999999999999911e-01
8.000859534520300409e-01
9.899999999999999911e-01
9.899999999999999911e-01
8.600522382993757153e-01
9.899999999999999911e-01
9.899999999999999911e-01
9.159942237213287708e-01
9.899999999999999911e-01
9.899999999999999911e-01
9.899999999999999911e-01
8.325011539769480162e-01
9.899999999999999911e-01
9.899999999999999911e-01
9.899999999999999911e-01
7.816595789037201758e-01
9.899999999999999911e-01
9.899999999999999911e-01
9.899999999999999911e-01
8.797177360115097100e-01
9.899999999999999911e-01
9.899999999999999911e-01
9.899999999999999911e-01
9.255296603353657670e-01
9.899999999999999911e-01
9.899999999999999911e-01
7.798418625799032888e-01
9.899999999999999911e-01
9.899999999999999911e-01
9.899999999999999911e-01
8.279410506498050548e-01
9.899999999999999911e-01
9.899999999999999911e-01
9.899999999999999911e-01
8.339404999949658892e-01
9.899999999999999911e-01
9.899999999999999911e-01
9.899999999999999911e-01
7.738302615542631546e-01
9.899999999999999911e-01
9.899999999999999911e-01
9.899999999999999911e-01
8.706305443666129129e-01
9.899999999999999911e-01
9.899999999999999911e-01
9.899999999999999911e-01
7.714796996175758981e-01
9.899999999999999911e-01
9.899999999999999911e-01
9.899999999999999911e-01
9.092094938277097693e-01
9.899999999999999911e-01
9.899999999999999911e-01
9.899999999999999911e-01
7.939808021307962482e-01
9.899999999999999911e-01
9.899999999999999911e-01
9.899999999999999911e-01
8.459062639586064636e-01
9.899999999999999911e-01
9.899999999999999911e-01
9.899999999999999911e-01
8.769483893906558913e-01
9.899999999999999911e-01
9.899999999999999911e-01
9.899999999999999911e-01
7.745913766150334112e-01
9.899999999999999911e-01
9.899999999999999911e-01
9.899999999999999911e-01
8.792999568234860508e-01
9.899999999999999911e-01
8.125050416964346711e-01
9.899999999999999911e-01
9.899999999999999911e-01
9.899999999999999911e-01
8.956881546177846154e-01
9.899999999999999911e-01
9.899999999999999911e-01
9.899999999999999911e-01
7.980754023743283909e-01
9.899999999999999911e-01
9.899999999999999911e-01
7.457448768354937307e-01
9.899999999999999911e-01
9.899999999999999911e-01
9.899999999999999911e-01
7.439652417276912955e-01
9.899999999999999911e-01
9.899999999999999911e-01
9.899999999999999911e-01
8.349034974625241246e-01
9.899999999999999911e-01
9.899999999999999911e-01
9.071452308395997477e-01
9.899999999999999911e-01
9.899999999999999911e-01
9.899999999999999911e-01
9.026124972263734891e-01
9.899999999999999911e-01
9.899999999999999911e-01
7.787150740760345746e-01
9.899999999999999911e-01
9.899999999999999911e-01
9.899999999999999911e-01
9.753553064214535162e-01
9.899999999999999911e-01
9.899999999999999911e-01
9.899999999999999911e-01
7.757176497891747902e-01
9.899999999999999911e-01
9.899999999999999911e-01
9.899999999999999911e-01
8.208761246852376292e-01
9.899999999999999911e-01
9.899999999999999911e-01
9.899999999999999911e-01
9.226027059788496354e-01
9.899999999999999911e-01
9.899999999999999911e-01
9.899999999999999911e-01
8.710658061888172377e-01
9.899999999999999911e-01
9.899999999999999911e-01
8.684411591822036591e-01
9.899999999999999911e-01
9.899999999999999911e-01
9.899999999999999911e-01
8.519232394675758657e-01
9.899999999999999911e-01
9.899999999999999911e-01
9.899999999999999911e-01
7.685978956396046780e-01
9.899999999999999911e-01
9.899999999999999911e-01
9.899999999999999911e-01
8.489769422976255475e-01
9.899999999999999911e-01
7.542372146099214358e-01
9.899999999999999911e-01
9.899999999999999911e-01
8.381079957991502960e-01
9.899999999999999911e-01
9.899999999999999911e-01
9.899999999999999911e-01
9.233966979308925183e-01
9.899999999999999911e-01
9.899999999999999911e-01
9.899999999999999911e-01
8.873351804077952432e-01
9.899999999999999911e-01
9.899999999999999911e-01
7.915365756650090123e-01
9.899999999999999911e-01
9.899999999999999911e-01
9.899999999999999911e-01
9.241325515407391444e-01
9.899999999999999911e-01
9.899999999999999911e-01
9.899999999999999911e-01
8.026000927355969594e-01
9.899999999999999911e-01
9.899999999999999911e-01
9.303433298683684294e-01
9.899999999999999911e-01
9.899999999999999911e-01
9.899999999999999911e-01
7.786227614497879257e-01
9.899999999999999911e-01
9.899999999999999911e-01
9.174732265676260878e-01
9.899999999999999911e-01
9.899999999999999911e-01
9.899999999999999911e-01
8.434011908061219698e-01
9.899999999999999911e-01
9.899999999999999911e-01
9.899999999999999911e-01
9.293593700651702205e-01
9.899999999999999911e-01
9.899999999999999911e-01
9.899999999999999911e-01
8.559237184823231814e-01
9.899999999999999911e-01
9.899999999999999911e-01
9.899999999999999911e-01
8.182005233967337698e-01
9.899999999999999911e-01
9.899999999999999911e-01
9.899999999999999911e-01
9.193572356518441291e-01
9.899999999999999911e-01
9.899999999999999911e-01
9.899999999999999911e-01
8.349604122865893485e-01
9.899999999999999911e-01
9.899999999999999911e-01
9.360745266843419898e-01
9.899999999999999911e-01
9.899999999999999911e-01
9.899999999999999911e-01
8.856310778578545539e-01
9.899999999999999911e-01
8.939928849483669282e-01
9.899999999999999911e-01
9.899999999999999911e-01
9.899999999999999911e-01
7.745615892887265375e-01
9.899999999999999911e-01
9.899999999999999911e-01
9.899999999999999911e-01
9.233862715622435102e-01
9.899999999999999911e-01
9.899999999999999911e-01
9.899999999999999911e-01
8.859353985360681749e-01
9.899999999999999911e-01
9.899999999999999911e-01
7.715686274217412599e-01
9.899999999999999911e-01
9.899999999999999911e-01
9.899999999999999911e-01
9.175273439068919457e-01
9.899999999999999911e-01
9.899999999999999911e-01
9.899999999999999911e-01
9.202640236877251967e-01
9.899999999999999911e-01
9.899999999999999911e-01
9.899999999999999911e-01
8.769157565150227374e-01
9.899999999999999911e-01
9.899999999999999911e-01
9.899999999999999911e-01
7.676214785026085341e-01
9.899999999999999911e-01
9.899999999999999911e-01
9.899999999999999911e-01
7.821402873443464854e-01
9.899999999999999911e-01
9.899999999999999911e-01
9.899999999999999911e-01
7.907269972826342919e-01
9.899999999999999911e-01
9.899999999999999911e-01
7.622102459189782353e-01
9.899999999999999911e-01
9.899999999999999911e-01
9.899999999999999911e-01
9.028696476116442327e-01
9.899999999999999911e-01
9.899999999999999911e-01
7.434107084386135655e-01
9.899999999999999911e-01
9.899999999999999911e-01
9.899999999999999911e-01
9.191667412740285314e-01
9.899999999999999911e-01
7.584692974413675959e-01
9.899999999999999911e-01
9.899999999999999911e-01
7.487343252847593611e-01
9.899999999999999911e-01
9.899999999999999911e-01
9.099756042476974116e-01
9.899999999999999911e-01
9.899999999999999911e-01
9.208824722378418093e-01
9.899999999999999911e-01
9.899999999999999911e-01
9.899999999999999911e-01
9.369089491225744970e-01
9.899999999999999911e-01
9.899999999999999911e-01
7.918026820089874018e-01
9.899999999999999911e-01
9.899999999999999911e-01
9.899999999999999911e-01
8.182333569386494032e-01
9.899999999999999911e-01
9.899999999999999911e-01
9.899999999999999911e-01
8.534111625935952850e-01
9.899999999999999911e-01
9.899999999999999911e-01
9.899999999999999911e-01
9.362244506420098755e-01
9.899999999999999911e-01
9.899999999999999911e-01
8.960839250713331650e-01
9.899999999999999911e-01
9.899999999999999911e-01
9.899999999999999911e-01
8.910745625983618190e-01
9.899999999999999911e-01
9.899999999999999911e-01
9.033431201054495929e-01
9.899999999999999911e-01
9.899999999999999911e-01
9.899999999999999911e-01
9.521193220803573221e-01
9.899999999999999911e-01
9.899999999999999911e-01
9.899999999999999911e-01
9.899999999999999911e-01
9.899999999999999911e-01
9.132017724052813312e-01
9.899999999999999911e-01
9.899999999999999911e-01
7.820248248263622637e-01
9.899999999999999911e-01
9.899999999999999911e-01
9.899999999999999911e-01
8.304886007417691118e-01
9.899999999999999911e-01
9.899999999999999911e-01
9.899999999999999911e-01
8.280267674180509241e-01
9.899999999999999911e-01
7.317973880722147273e-01
9.899999999999999911e-01
9.899999999999999911e-01
8.868219511190000848e-01
9.899999999999999911e-01
9.899999999999999911e-01
9.899999999999999911e-01
8.649800862627360365e-01
9.899999999999999911e-01
9.899999999999999911e-01
9.899999999999999911e-01
8.201052640983237385e-01
9.899999999999999911e-01
9.899999999999999911e-01
8.170372963728900206e-01
9.899999999999999911e-01
9.899999999999999911e-01
9.899999999999999911e-01
8.691074534037251942e-01
9.899999999999999911e-01
9.899999999999999911e-01
9.899999999999999911e-01
9.315792313992448115e-01
9.899999999999999911e-01
9.899999999999999911e-01
9.899999999999999911e-01
8.429049516447162382e-01
9.899999999999999911e-01
9.899999999999999911e-01
9.899999999999999911e-01
8.481038188970314584e-01
9.899999999999999911e-01
9.899999999999999911e-01
9.899999999999999911e-01
8.719381388820410805e-01
9.899999999999999911e-01
9.899999999999999911e-01
9.899999999999999911e-01
7.959922548916947838e-01
9.899999999999999911e-01
9.899999999999999911e-01
9.899999999999999911e-01
8.087422346122942196e-01
9.899999999999999911e-01
9.899999999999999911e-01
9.899999999999999911e-01
8.854620154498393791e-01
9.899999999999999911e-01
9.899999999999999911e-01
9.899999999999999911e-01
8.181245433946171541e-01
9.899999999999999911e-01
9.899999999999999911e-01
9.899999999999999911e-01
8.340634179822065120e-01
9.899999999999999911e-01
9.899999999999999911e-01
8.898103199887158476e-01
9.899999999999999911e-01
9.899999999999999911e-01
9.899999999999999911e-01
