9.141057683435027670e-01
9.893072582880261256e-01
9.899999999999999911e-01
9.899999999999997691e-01
7.205509293366865187e-01
9.899999999999999911e-01
9.899999999999999911e-01
9.899999999999999911e-01
8.689210106822269353e-01
9.737935026134690863e-01
9.899999999999999911e-01
9.899999999999999911e-01
8.016348114403514247e-01
9.899999999999999911e-01
9.899999999999999911e-01
9.899999999999999911e-01
8.683425876531039034e-01
9.899999999999999911e-01
9.899999999999999911e-01
9.899999999999999911e-01
8.061654393270878405e-01
9.899999999999999911e-01
9.899999999999999911e-01
9.899999999999999911e-01
8.800126210893625123e-01
9.899999999999999911e-01
9.899999999999999911e-01
9.891960657176646077e-01
8.521448966558683447e-01
9.899999999999999911e-01
9.836896669414997296e-01
9.899999999999999911e-01
8.628647086321578064e-01
9.899999999999999911e-01
9.899999999999999911e-01
9.858085433267829156e-01
8.905793092254307153e-01
9.899999999999999911e-01
9.899999999999999911e-01
9.899999999999999911e-01
8.646076449311524970e-01
9.899999999999999911e-01
9.899999999999999911e-01
9.899999999999999911e-01
8.919819324091504686e-01
9.899999999999999911e-01
9.899999999999999911e-01
9.780503753670557465e-01
8.865993397316969116e-01
9.899999999999999911e-01
9.538343546412350049e-01
9.899999999999999911e-01
8.700693496579812170e-01
9.899999999999999911e-01
9.899999999999999911e-01
9.899999999999999911e-01
7.070082314792214273e-01
9.899999999999999911e-01
9.899999999999999911e-01
9.899999999999999911e-01
7.815348170272365946e-01
9.899999999999999911e-01
9.899999999999999911e-01
9.899999999999999911e-01
7.311917206128406566e-01
9.644667211156212616e-01
9.899999999999999911e-01
9.899999999999999911e-01
7.675275909080442327e-01
9.899999999999999911e-01
9.899999999999999911e-01
9.899999999999999911e-01
8.710013256919658664e-01
9.899999999999999911e-01
9.899999999999999911e-01
9.899999999999999911e-01
9.063858399995062820e-01
9.899999999999999911e-01
9.899999999999999911e-01
9.899999999999999911e-01
8.609744454142939096e-01
9.899999999999999911e-01
9.899999999999999911e-01
9.899999999999999911e-01
8.233017169139094094e-01
9.852118467832067239e-01
9.673797229379839102e-01
9.899999999999999911e-01
8.721609303572014360e-01
9.899999999999999911e-01
9.899999999999999911e-01
9.899999999999999911e-01
8.217630832917240946e-01
9.899999999999999911e-01
9.899999999999999911e-01
9.899999999999999911e-01
7.704581144590281205e-01
9.899999999999999911e-01
9.601910246517806335e-01
9.811499390173895607e-01
7.966047118341731403e-01
9.899999999999999911e-01
9.899999999999999911e-01
9.899999999999999911e-01
8.184485099142935205e-01
9.899999999999999911e-01
9.899999999999999911e-01
9.899999999999999911e-01
8.004095557401724736e-01
9.899999999999999911e-01
7.741373028458286010e-01
9.899999999999999911e-01
9.899999999999999911e-01
9.899999999999999911e-01
8.904907959425095720e-01
9.841005899055011996e-01
7.021726625957930290e-01
9.899999999999999911e-01
9.899999999999999911e-01
9.899999999999999911e-01
7.497425346771849908e-01
9.888968466147016745e-01
9.899999999999999911e-01
9.899999999999999911e-01
7.125935463780620482e-01
9.899999999999999911e-01
9.899999999999999911e-01
9.739790239037531272e-01
7.292714923135122929e-01
9.899999999999999911e-01
9.899999999999999911e-01
9.899999999999999911e-01
8.136393474340186671e-01
9.899999999999999911e-01
9.899999999999999911e-01
9.899999999999999911e-01
8.384459801104634513e-01
9.899999999999999911e-01
9.899999999999999911e-01
9.899999999999999911e-01
8.727844985184164406e-01
9.899999999999999911e-01
9.899999999999999911e-01
8.417247377744533354e-01
9.899999999999999911e-01
9.899999999999999911e-01
9.899999999999999911e-01
8.259779523747541319e-01
9.899999999999999911e-01
9.899999999999999911e-01
9.415467746043163499e-01
9.899999999999999911e-01
9.899999999999999911e-01
9.899999999999999911e-01
8.435988227624643399e-01
9.720546754990269100e-01
9.899999999999999911e-01
9.899999999999999911e-01
9.899999999999999911e-01
9.899999999999999911e-01
8.705899987120977457e-01
9.899999999999999911e-01
9.899999999999999911e-01
9.899999999999999911e-01
8.751797289784918332e-01
9.899999999999999911e-01
9.797161867887880238e-01
9.899999999999999911e-01
9.899999999999999911e-01
9.017325398931591574e-01
9.899999999999999911e-01
9.899999999999999911e-01
9.899999999999999911e-01
9.899999999999999911e-01
8.392533219624479512e-01
9.899999999999999911e-01
9.564400348518904416e-01
9.899999999999999911e-01
8.698594106363327638e-01
9.899999999999999911e-01
9.899999999999999911e-01
9.693619247358038482e-01
9.110093269762816748e-01
9.899999999999999911e-01
9.787643801665454335e-01
9.899999999999999911e-01
9.899999999999999911e-01
9.899999999999999911e-01
8.933404502823771853e-01
9.899999999999999911e-01
9.899999999999999911e-01
9.899999999999999911e-01
8.069121368213151291e-01
9.899999999999999911e-01
9.899999999999999911e-01
9.812421576616469077e-01
8.117124073166221976e-01
9.899999999999999911e-01
9.854963587371975420e-01
9.845661033318298117e-01
6.929398518287817055e-01
9.899999999999999911e-01
9.899999999999999911e-01
9.899999999999999911e-01
9.899999999999999911e-01
9.899999999999999911e-01
9.899999999999999911e-01
9.541718215895782507e-01
9.899999999999999911e-01
9.899999999999999911e-01
9.899999999999999911e-01
8.485570260134840392e-01
9.899999999999999911e-01
9.899999999999999911e-01
9.899999999999999911e-01
7.455436325059865421e-01
9.899999999999999911e-01
9.842502252125566731e-01
8.921254416540664867e-01
9.899999999999999911e-01
9.899999999999999911e-01
7.567786622696429655e-01
9.899999999999999911e-01
9.830246811959424402e-01
8.808809575593822272e-01
9.655682902935044387e-01
9.899999999999999911e-01
9.899999999999999911e-01
6.986489835543238103e-01
9.522023858893898796e-01
9.779880659415911559e-01
9.899999999999999911e-01
9.133684340189085482e-01
9.899999999999999911e-01
9.899999999999999911e-01
9.899999999999999911e-01
6.983906676119553403e-01
9.509738420125638525e-01
9.899999999999999911e-01
9.899999999999999911e-01
7.215088715479209824e-01
9.899999999999999911e-01
9.899999999999999911e-01
9.899999999999999911e-01
8.014105964873390331e-01
9.899999999999999911e-01
9.899999999999999911e-01
9.899999999999999911e-01
8.103036988856073819e-01
7.833293594059498322e-01
9.899999999999999911e-01
9.899999999999999911e-01
9.899999999999999911e-01
7.927737070805417341e-01
9.899999999999999911e-01
9.753166533756146839e-01
9.668540161182360704e-01
7.692511221700667479e-01
9.899999999999999911e-01
9.500694526512288851e-01
9.899999999999999911e-01
8.240586250418381331e-01
9.899999999999999911e-01
9.573936932148918721e-01
9.899999999999999911e-01
8.677486633934310412e-01
9.899999999999999911e-01
9.899999999999999911e-01
9.899999999999999911e-01
7.888307423447418198e-01
9.899999999999999911e-01
9.899999999999999911e-01
9.899999999999999911e-01
8.965233129940011203e-01
9.899999999999999911e-01
9.899999999999999911e-01
9.899999999999999911e-01
8.658459111343260739e-01
9.899999999999999911e-01
9.899999999999999911e-01
9.872576222943353352e-01
8.928959280790875752e-01
9.899999999999999911e-01
9.440350662047937158e-01
9.899999999999999911e-01
6.972984717595045456e-01
9.899999999999999911e-01
9.606587133901273168e-01
9.899999999999999911e-01
8.668235399084098791e-01
9.873020350817880431e-01
9.899999999999999911e-01
9.899999999999999911e-01
8.846093195936567399e-01
9.899999999999999911e-01
9.899999999999999911e-01
9.899999999999999911e-01
6.872006460063790900e-01
9.899999999999999911e-01
9.743937729631217959e-01
9.899999999999999911e-01
7.879318951849543229e-01
9.876886210715005721e-01
9.899999999999999911e-01
9.899999999999999911e-01
7.692466742915948785e-01
9.899999999999999911e-01
9.899999999999999911e-01
9.899999999999999911e-01
8.819779412165578147e-01
9.899999999999999911e-01
9.899999999999999911e-01
9.899999999999999911e-01
8.019382364695145649e-01
9.729344495749495669e-01
9.899999999999999911e-01
9.899999999999999911e-01
7.368715582466761616e-01
9.899999999999999911e-01
9.899999999999999911e-01
9.899999999999999911e-01
8.259295427590213068e-01
9.899999999999999911e-01
9.899999999999999911e-01
9.589336910366561550e-01
8.218850067505576451e-01
9.899999999999999911e-01
9.899999999999999911e-01
9.899999999999999911e-01
8.147811747569282392e-01
9.899999999999999911e-01
9.809094777431935919e-01
9.899999999999999911e-01
8.299509153025681485e-01
9.899999999999999911e-01
9.634867786090485220e-01
9.899999999999999911e-01
9.899999999999999911e-01
9.777249507125576056e-01
9.899999999999999911e-01
9.899999999999999911e-01
8.505134261494775583e-01
9.827283934952402156e-01
9.899999999999999911e-01
9.899999999999999911e-01
8.286105523781814863e-01
9.896619827823744941e-01
9.899999999999999911e-01
9.899999999999999911e-01
9.644784205615251071e-01
9.899999999999999911e-01
9.899999999999999911e-01
9.899999999999999911e-01
7.742289112547738883e-01
9.899999999999999911e-01
9.899999999999999911e-01
9.899999999999999911e-01
9.566150703633685692e-01
6.802024785254350281e-01
9.899999999999999911e-01
9.674584925949208936e-01
9.899999999999999911e-01
7.455717228729970003e-01
9.899999999999999911e-01
9.899999999999999911e-01
9.627030269460734591e-01
9.000580670697576613e-01
9.784821894992086211e-01
9.899999999999999911e-01
9.899999999999999911e-01
8.783210545609680953e-01
9.844578440431394073e-01
9.899999999999999911e-01
7.355097074367316079e-01
9.541335515634883357e-01
9.520786057977869143e-01
9.899999999999999911e-01
8.682755094244023475e-01
9.899999999999999911e-01
9.899999999999999911e-01
9.899999999999999911e-01
7.066504915053178904e-01
9.431637178969031199e-01
9.899999999999999911e-01
9.899999999999999911e-01
8.917376900338223056e-01
9.899999999999999911e-01
9.899999999999999911e-01
7.844843977986228900e-01
9.899999999999999911e-01
9.899999999999999911e-01
9.899999999999999911e-01
7.984444382443768307e-01
9.899999999999999911e-01
9.899999999999999911e-01
9.899999999999999911e-01
7.388140856797938971e-01
9.646025727393616744e-01
9.236722067256452062e-01
9.899999999999999911e-01
9.899999999999999911e-01
9.899999999999999911e-01
7.386117802929620391e-01
9.899999999999999911e-01
9.773433593893587901e-01
9.522513713582795303e-01
8.359594397583739456e-01
8.907450117974766712e-01
9.899999999999999911e-01
9.899999999999999911e-01
8.953715203474729156e-01
9.852848770087595520e-01
9.899999999999999911e-01
9.899999999999999911e-01
7.897192892712315837e-01
9.815053410289413804e-01
9.899999999999999911e-01
9.899999999999999911e-01
8.481778712779394214e-01
9.882344823170933212e-01
9.899999999999999911e-01
9.899999999999999911e-01
7.218276190693616590e-01
9.899999999999999911e-01
9.872043985139541400e-01
9.899999999999999911e-01
8.679546162677520549e-01
9.899999999999999911e-01
9.899999999999999911e-01
9.899999999999999911e-01
8.506630638515386700e-01
9.899999999999999911e-01
9.899999999999999911e-01
9.573014384209050931e-01
7.289014603624077715e-01
9.899999999999999911e-01
9.899999999999999911e-01
9.899999999999999911e-01
7.581874929005877339e-01
9.899999999999999911e-01
9.899999999999999911e-01
9.899999999999999911e-01
9.768528866121237719e-01
9.856076088697873772e-01
8.846252951849415957e-01
9.888422480573940687e-01
9.870882395467204251e-01
9.899999999999999911e-01
8.454176750199501322e-01
9.899999999999999911e-01
9.899999999999999911e-01
8.688817089696473372e-01
9.899999999999999911e-01
9.899999999999999911e-01
9.899999999999999911e-01
8.388985942618382152e-01
9.899999999999999911e-01
7.424264408650232960e-01
9.566682180825868409e-01
9.899999999999999911e-01
9.899999999999999911e-01
9.704492045001977818e-01
9.899999999999999911e-01
9.899999999999999911e-01
9.893173573668568865e-01
8.408291814116547469e-01
9.899999999999999911e-01
9.844165843421092132e-01
9.899999999999999911e-01
7.503304425296961622e-01
9.899999999999999911e-01
9.899999999999999911e-01
9.899999999999999911e-01
7.118462840198275243e-01
9.712728033882764844e-01
9.899999999999999911e-01
9.899999999999999911e-01
8.695675608438444559e-01
9.899999999999999911e-01
9.899999999999999911e-01
9.805099364364975312e-01
7.562664619757284434e-01
9.899999999999999911e-01
9.899999999999999911e-01
9.899999999999999911e-01
8.678908987848668044e-01
9.842836109457293592e-01
9.899999999999999911e-01
9.899999999999999911e-01
7.813435858699420145e-01
9.899999999999999911e-01
9.899999999999999911e-01
9.727519500815527964e-01
7.393828956021081256e-01
9.899999999999999911e-01
9.899999999999999911e-01
9.700139791246709109e-01
8.966999400698526523e-01
9.899999999999999911e-01
9.899999999999999911e-01
9.829347866665950617e-01
7.153885079149127080e-01
9.899999999999999911e-01
9.899999999999999911e-01
9.899999999999999911e-01
9.729535248452219065e-01
9.870455358720866545e-01
9.899999999999999911e-01
9.899999999999999911e-01
7.899461830532878981e-01
9.899999999999999911e-01
9.899999999999999911e-01
9.899999999999999911e-01
8.660920791102266758e-01
9.899999999999999911e-01
9.899999999999999911e-01
9.899999999999999911e-01
6.958898079865336594e-01
9.899999999999999911e-01
9.899999999999999911e-01
9.899999999999999911e-01
8.870241362310391509e-01
9.899999999999999911e-01
9.899999999999999911e-01
9.899999999999999911e-01
7.678667954311506616e-01
9.726082140314141755e-01
9.899999999999999911e-01
9.803305753376718723e-01
7.917798834702397537e-01
9.745571646743482752e-01
9.899999999999999911e-01
9.899999999999999911e-01
7.748530066408502170e-01
9.899999999999999911e-01
9.899999999999999911e-01
9.899999999999999911e-01
7.131068364435807494e-01
9.899999999999999911e-01
9.899999999999999911e-01
9.899999999999999911e-01
7.729870241130403219e-01
9.899999999999999911e-01
9.899999999999999911e-01
9.899999999999999911e-01
7.038901705626294802e-01
9.725956588603663633e-01
9.899999999999999911e-01
9.899999999999999911e-01
7.718833479788473895e-01
9.899999999999999911e-01
9.553828716687123856e-01
9.899999999999999911e-01
8.728252850338116264e-01
9.899999999999999911e-01
9.899999999999999911e-01
7.006155916399215977e-01
9.899999999999999911e-01
9.899999999999999911e-01
9.707698774783444229e-01
7.002307267570804239e-01
7.760669353094785672e-01
9.899999999999999911e-01
9.899999999999999911e-01
9.899999999999999911e-01
8.867520462955904570e-01
9.899999999999999911e-01
9.876833584782664932e-01
9.899999999999999911e-01
7.474645542343988369e-01
9.899999999999999911e-01
9.899999999999999911e-01
9.626926617230857630e-01
7.256467439589024959e-01
9.899999999999999911e-01
9.899999999999999911e-01
9.899999999999999911e-01
7.170900101254467085e-01
9.899999999999999911e-01
9.815753645124095650e-01
9.899999999999999911e-01
8.104938456563614002e-01
9.899999999999999911e-01
9.755589364804220232e-01
9.899999999999999911e-01
6.853163176470855600e-01
9.899999999999999911e-01
9.899999999999999911e-01
9.899999999999999911e-01
7.602404679523848685e-01
9.899999999999999911e-01
9.899999999999999911e-01
9.899999999999999911e-01
7.560717664535258065e-01
9.899999999999999911e-01
9.670914236439680511e-01
9.899999999999999911e-01
8.843675158970848438e-01
9.723628197225259173e-01
9.899999999999999911e-01
9.899999999999999911e-01
8.049993307148487487e-01
9.899999999999999911e-01
9.899999999999999911e-01
9.899999999999999911e-01
9.086402000434163906e-01
9.899999999999999911e-01
9.765810377193838709e-01
8.255840828366022288e-01
9.643655607629962878e-01
9.899999999999999911e-01
9.899999999999999911e-01
8.086223499063694975e-01
9.899999999999999911e-01
9.899999999999999911e-01
8.406841362055631484e-01
9.899999999999999911e-01
9.899999999999999911e-01
9.864608019235348024e-01
7.968423473594206108e-01
9.899999999999999911e-01
9.899999999999999911e-01
9.899999999999999911e-01
7.013504420823839514e-01
9.899999999999999911e-01
9.899999999999999911e-01
9.899999999999999911e-01
8.009567650557500862e-01
9.880766034182981716e-01
8.517868367701246779e-01
9.899999999999999911e-01
9.899999999999999911e-01
9.899999999999999911e-01
7.227335676702162370e-01
9.899999999999999911e-01
9.899999999999999911e-01
9.637297066948864455e-01
6.863474882950506561e-01
9.899999999999999911e-01
9.899999999999999911e-01
9.736066166735990457e-01
7.595510014200219651e-01
9.899999999999999911e-01
9.899999999999999911e-01
9.899999999999999911e-01
7.546086306428577695e-01
9.899999999999999911e-01
9.899999999999999911e-01
8.181374519764851305e-01
9.899999999999999911e-01
9.877258138786602082e-01
8.709710496654674561e-01
9.899999999999999911e-01
9.899999999999999911e-01
9.899999999999999911e-01
7.849040255718594539e-01
9.899999999999999911e-01
9.899999999999999911e-01
9.899999999999999911e-01
7.332417371280036678e-01
9.899999999999999911e-01
9.842131894720277385e-01
9.899999999999999911e-01
8.313894501488471311e-01
9.899999999999999911e-01
9.640105132893627138e-01
9.899999999999999911e-01
8.742490610230109205e-01
9.899999999999999911e-01
9.899999999999999911e-01
7.302419336203224143e-01
9.899999999999999911e-01
9.899999999999999911e-01
9.771558070262593709e-01
7.777623393244323946e-01
9.899999999999999911e-01
9.899999999999999911e-01
9.899999999999999911e-01
7.831335733552440281e-01
9.899999999999999911e-01
9.784982315740967662e-01
9.871436970532428967e-01
7.221972131859192290e-01
9.622650492979237802e-01
9.899999999999999911e-01
9.899999999999999911e-01
8.198972359513495567e-01
9.899999999999999911e-01
9.899999999999999911e-01
9.675349770773858937e-01
7.283126496824677831e-01
9.899999999999999911e-01
9.899999999999999911e-01
9.664105415934792775e-01
8.579631089821422307e-01
9.899999999999999911e-01
9.613605056551678407e-01
9.899999999999999911e-01
7.507583808324380659e-01
9.899999999999999911e-01
9.899999999999999911e-01
9.828554560447033683e-01
7.954440678037982826e-01
9.899999999999999911e-01
9.899999999999999911e-01
9.899999999999999911e-01
8.309366525448420582e-01
9.899999999999999911e-01
9.899999999999999911e-01
9.625978598849956880e-01
7.295950605932310928e-01
9.899999999999999911e-01
9.899999999999999911e-01
9.899999999999999911e-01
8.468602981279479414e-01
9.899999999999999911e-01
7.611360273606215809e-01
9.822228240513318775e-01
9.899999999999999911e-01
9.609347168237747372e-01
8.473095373753254389e-01
9.899999999999999911e-01
9.899999999999999911e-01
9.899999999999999911e-01
7.466091204086672262e-01
9.899999999999999911e-01
9.899999999999999911e-01
6.989010385088331168e-01
9.899999999999999911e-01
9.885541381291493845e-01
9.899999999999999911e-01
6.922977409148930450e-01
9.899999999999999911e-01
9.732280971544620130e-01
9.899999999999999911e-01
7.835890184704082939e-01
9.899999999999999911e-01
9.899999999999999911e-01
8.617504474100553535e-01
9.778951021921570286e-01
9.899999999999999911e-01
9.899999999999999911e-01
8.534364095615897261e-01
9.899999999999999911e-01
9.899999999999999911e-01
7.344641333583342702e-01
9.899999999999999911e-01
9.899999999999999911e-01
9.899999999999999911e-01
9.729142776500750989e-01
9.899999999999999911e-01
9.899999999999999911e-01
9.899999999999999911e-01
7.320530635416491183e-01
9.484994098835737297e-01
9.899999999999999911e-01
9.899999999999999911e-01
7.772341758579698334e-01
9.899999999999999911e-01
9.674354181837258038e-01
9.899999999999999911e-01
8.752418681144267243e-01
9.899999999999999911e-01
9.271253652849568150e-01
9.601698915351054575e-01
8.439118730857148032e-01
9.899999999999999911e-01
9.899999999999999911e-01
8.167829026473001353e-01
9.899999999999999911e-01
9.899999999999999911e-01
9.493188616587867612e-01
8.073495478425840588e-01
9.502092983803098747e-01
9.899999999999999911e-01
9.899999999999999911e-01
7.183284508139625713e-01
9.899999999999999911e-01
9.899999999999999911e-01
9.899999999999999911e-01
8.239081126418588141e-01
9.727188213258921579e-01
7.122634872770434722e-01
9.899999999999999911e-01
9.899999999999999911e-01
7.878147821054530819e-01
9.899999999999999911e-01
9.899999999999999911e-01
9.899999999999999911e-01
8.780984169748581314e-01
9.899999999999999911e-01
9.899999999999999911e-01
9.899999999999999911e-01
8.365702806135455472e-01
9.770335872961872781e-01
9.899999999999999911e-01
7.469489117906159548e-01
9.899999999999999911e-01
9.899999999999999911e-01
9.899999999999999911e-01
8.772333280165621749e-01
9.745276725886554692e-01
9.577244619390508085e-01
9.528622525763699169e-01
7.508487008052111555e-01
9.899999999999999911e-01
9.899999999999999911e-01
8.788893090654532614e-01
9.734469842415593988e-01
9.899999999999999911e-01
9.899999999999999911e-01
7.415106310803295520e-01
9.630665774621713915e-01
9.642071362459488926e-01
8.699315179123384700e-01
9.545980463115992798e-01
9.662890697704897836e-01
9.538765847315122670e-01
7.994178282879659259e-01
9.899999999999999911e-01
9.899999999999999911e-01
9.899999999999999911e-01
9.047698519321070165e-01
9.824960755452470940e-01
9.899999999999999911e-01
9.899999999999999911e-01
8.044557179163605021e-01
9.899999999999999911e-01
9.899999999999999911e-01
9.899999999999999911e-01
7.709955758856041896e-01
9.672614313223640847e-01
9.709097791785246123e-01
9.899999999999999911e-01
8.735353358612631958e-01
9.692468856950543499e-01
9.899999999999999911e-01
9.683071671921347212e-01
7.843277824884286042e-01
9.899999999999999911e-01
9.899999999999999911e-01
8.848609443889322579e-01
9.899999999999999911e-01
9.686355754887659986e-01
9.713091611373187995e-01
8.474622455836410273e-01
9.899999999999999911e-01
8.423074108429933204e-01
9.899999999999999911e-01
9.554306858371519606e-01
9.899999999999999911e-01
7.229492513089901262e-01
9.899999999999999911e-01
9.899999999999999911e-01
9.899999999999999911e-01
8.748123981653166403e-01
9.899999999999999911e-01
9.899999999999999911e-01
9.899999999999999911e-01
8.424509411221737798e-01
9.899999999999999911e-01
9.899999999999999911e-01
7.190422242261431673e-01
9.899999999999999911e-01
9.899999999999999911e-01
9.899999999999999911e-01
8.693241700961963359e-01
9.899999999999999911e-01
9.899999999999999911e-01
9.899999999999999911e-01
8.703751075257483150e-01
9.899999999999999911e-01
9.899999999999999911e-01
9.899999999999999911e-01
8.571538050103969519e-01
9.899999999999999911e-01
9.899999999999999911e-01
9.899999999999999911e-01
7.164827249350735894e-01
9.899999999999999911e-01
9.899999999999999911e-01
9.899999999999999911e-01
7.314195890966932456e-01
9.899999999999999911e-01
9.899999999999999911e-01
9.899999999999999911e-01
7.475579470342518240e-01
9.899999999999999911e-01
9.899999999999999911e-01
7.150659684489656387e-01
9.899999999999999911e-01
9.899999999999999911e-01
9.899999999999999911e-01
8.558709968551514446e-01
9.899999999999999911e-01
9.899999999999999911e-01
6.962951716791638823e-01
9.846309144406005798e-01
9.899999999999999911e-01
9.899999999999999911e-01
8.676752825492606291e-01
9.899999999999999911e-01
7.120066062773263704e-01
9.899999999999999911e-01
9.619930000666354619e-01
6.971018560093407146e-01
9.642968271885558051e-01
9.899999999999999911e-01
8.625039688708875385e-01
9.899999999999999911e-01
9.480490634233119662e-01
8.716146307549808014e-01
9.888538275519995757e-01
9.517841749510396188e-01
9.899999999999999911e-01
8.854250917410131372e-01
9.668085039517514412e-01
9.899999999999999911e-01
7.616500518223592309e-01
9.899999999999999911e-01
9.899999999999999911e-01
9.445845322568077185e-01
7.628790078279846787e-01
9.899999999999999911e-01
9.899999999999999911e-01
9.899999999999999911e-01
8.088840079301383712e-01
9.756350020960508074e-01
9.899999999999999911e-01
9.899999999999999911e-01
8.909919291930097351e-01
9.791806914677962936e-01
9.899999999999999911e-01
8.793807269023417028e-01
9.899999999999999911e-01
9.899999999999999911e-01
9.899999999999999911e-01
8.601126105876700789e-01
9.899999999999999911e-01
9.899999999999999911e-01
8.575037335559272389e-01
9.899999999999999911e-01
9.897710067547309531e-01
9.595725165257292799e-01
9.278235428890402314e-01
9.899999999999999911e-01
9.899999999999999911e-01
9.899999999999999911e-01
9.899999999999999911e-01
9.899999999999999911e-01
8.930046823418588131e-01
9.899999999999999911e-01
9.899999999999999911e-01
7.283565379256947692e-01
9.899999999999999911e-01
9.899999999999999911e-01
9.899999999999999911e-01
7.866146965409572811e-01
9.899999999999999911e-01
9.899999999999999911e-01
9.899999999999999911e-01
7.922712049034510429e-01
9.484186033882056055e-01
6.803445071361682306e-01
9.899999999999999911e-01
9.899999999999999911e-01
8.419759892770074527e-01
9.899999999999999911e-01
9.505761599600222045e-01
9.545422849444600288e-01
8.197756377220924984e-01
9.899999999999999911e-01
9.899999999999999911e-01
9.899999999999999911e-01
7.698485189411693463e-01
9.899999999999999911e-01
9.899999999999999911e-01
7.733769119169284778e-01
9.521489421317017587e-01
9.899999999999999911e-01
9.899999999999999911e-01
8.185368229814710128e-01
9.899999999999999911e-01
9.899999999999999911e-01
9.899999999999999911e-01
8.841606282048756205e-01
9.899999999999999911e-01
9.899999999999999911e-01
9.899999999999999911e-01
7.914052957899694318e-01
9.583674853044507058e-01
9.899999999999999911e-01
9.899999999999999911e-01
7.969483895859141853e-01
9.824309707860039431e-01
9.674340890932972004e-01
9.899999999999999911e-01
8.294537992654955616e-01
9.606595751432273067e-01
9.899999999999999911e-01
9.899999999999999911e-01
7.399989836041768188e-01
9.899999999999999911e-01
9.409931345018275328e-01
9.899999999999999911e-01
7.639863099680207492e-01
9.899999999999999911e-01
9.899999999999999911e-01
9.899999999999999911e-01
8.408937772063174165e-01
9.899999999999999911e-01
9.899999999999999911e-01
9.899999999999999911e-01
7.744976647406963677e-01
9.899999999999999911e-01
9.756071788311101445e-01
9.820762667983906624e-01
8.061555780386921999e-01
9.899999999999999911e-01
9.667309109248261034e-01
8.650475899282170644e-01
9.899999999999999911e-01
9.899999999999999911e-01
9.899999999999999911e-01
