9.446933649337272421e-01
9.899999999999999911e-01
9.899999999999999911e-01
9.899999999999996581e-01
7.903986916776771787e-01
9.899999999999999911e-01
9.899999999999999911e-01
9.899999999999999911e-01
9.046458282893938829e-01
9.899999999999999911e-01
9.899999999999999911e-01
9.899999999999999911e-01
8.703289433414806986e-01
9.899999999999999911e-01
9.899999999999999911e-01
9.899999999999999911e-01
9.472280178927513505e-01
9.899999999999999911e-01
9.899999999999999911e-01
9.899999999999999911e-01
8.774436083791127272e-01
9.899999999999999911e-01
9.899999999999999911e-01
9.899999999999999911e-01
9.611083107244793311e-01
9.899999999999999911e-01
9.899999999999999911e-01
9.899999999999999911e-01
9.333277054162362196e-01
9.899999999999999911e-01
9.899999999999999911e-01
9.899999999999999911e-01
9.439553533933735530e-01
9.899999999999999911e-01
9.899999999999999911e-01
9.899999999999999911e-01
9.598121684193755554e-01
9.899999999999999911e-01
9.899999999999999911e-01
9.899999999999999911e-01
9.457032725170405607e-01
9.899999999999999911e-01
9.899999999999999911e-01
9.899999999999999911e-01
9.528317143823051838e-01
9.899999999999999911e-01
9.899999999999999911e-01
9.899999999999999911e-01
9.582077633962253760e-01
9.899999999999999911e-01
9.899999999999999911e-01
9.899999999999999911e-01
9.475480328200021063e-01
9.899999999999999911e-01
9.899999999999999911e-01
9.899999999999999911e-01
7.806919796055872274e-01
9.899999999999999911e-01
9.899999999999999911e-01
9.899999999999999911e-01
8.568326027239268061e-01
9.899999999999999911e-01
9.899999999999999911e-01
9.899999999999999911e-01
8.080811469350501763e-01
9.899999999999999911e-01
9.899999999999999911e-01
9.899999999999999911e-01
8.381213666093835224e-01
9.899999999999999911e-01
9.899999999999999911e-01
9.899999999999999911e-01
9.428190344732955142e-01
9.899999999999999911e-01
9.899999999999999911e-01
9.899999999999999911e-01
9.498900829155465519e-01
9.899999999999999911e-01
9.899999999999993250e-01
9.899999999999999911e-01
9.118720411602775355e-01
9.899999999999999911e-01
9.899999999999999911e-01
9.899999999999999911e-01
8.970974541674695546e-01
9.899999999999999911e-01
9.899999999999999911e-01
9.899999999999999911e-01
9.457161810790860601e-01
9.899999999999999911e-01
9.899999999999999911e-01
9.899999999999999911e-01
8.975112952172856762e-01
9.899999999999999911e-01
9.899999999999999911e-01
9.899999999999999911e-01
8.519833446450492120e-01
9.899999999999999911e-01
9.899999999999999911e-01
9.899999999999999911e-01
8.774444684749584944e-01
9.899999999999999911e-01
9.899999999999999911e-01
9.899999999999999911e-01
8.906338373973761158e-01
9.899999999999999911e-01
9.899999999999999911e-01
9.899999999999999911e-01
8.675367469200248038e-01
9.899999999999999911e-01
8.510771871804073685e-01
9.899999999999999911e-01
9.899999999999999911e-01
9.899999999999999911e-01
9.510478289683803599e-01
9.899999999999999911e-01
7.783841401183991815e-01
9.899999999999999911e-01
9.899999999999999911e-01
9.899999999999999911e-01
8.282345597408045101e-01
9.899999999999999911e-01
9.899999999999999911e-01
9.899999999999999911e-01
7.935106579841602059e-01
9.899999999999999911e-01
9.899999999999999911e-01
9.899999999999999911e-01
8.038501141460228094e-01
9.899999999999999911e-01
9.899999999999999911e-01
9.899999999999999911e-01
8.949804539219718968e-01
9.899999999999999911e-01
9.899999999999999911e-01
9.899999999999999911e-01
9.123202547186102240e-01
9.899999999999999911e-01
9.899999999999999911e-01
9.899999999999999911e-01
9.053777909727930284e-01
9.899999999999999911e-01
9.899999999999999911e-01
8.844989917049485006e-01
9.899999999999999911e-01
9.899999999999999911e-01
9.899999999999999911e-01
8.678062161367774419e-01
9.899999999999999911e-01
9.899999999999999911e-01
9.602979863343260591e-01
9.899999999999999911e-01
9.899999999999999911e-01
9.899999999999999911e-01
8.963102859685596613e-01
9.899999999999999911e-01
9.899999999999999911e-01
9.899999999999999911e-01
9.899999999999999911e-01
9.899999999999999911e-01
9.181172108860057302e-01
9.899999999999999911e-01
9.899999999999999911e-01
9.899999999999999911e-01
9.307906356991719754e-01
9.899999999999999911e-01
9.899999999999999911e-01
9.899999999999999911e-01
9.899999999999999911e-01
9.674459014506936461e-01
9.899999999999999911e-01
9.899999999999999911e-01
9.899999999999999911e-01
9.899999999999999911e-01
8.922072314915936442e-01
9.899999999999999911e-01
9.899999999999999911e-01
9.899999999999999911e-01
9.150723564036566948e-01
9.899999999999999911e-01
9.899999999999999911e-01
9.899999999999999911e-01
9.705830611575654299e-01
9.899999999999999911e-01
9.899999999999999911e-01
9.899999999999999911e-01
9.899999999999999911e-01
9.899999999999999911e-01
9.540413873303665859e-01
9.899999999999999911e-01
9.899999999999999911e-01
9.899999999999999911e-01
8.616297113499308269e-01
9.899999999999999911e-01
9.899999999999999911e-01
9.899999999999999911e-01
8.925219524318478426e-01
9.899999999999999911e-01
9.899999999999999911e-01
9.899999999999999911e-01
7.746168248922828958e-01
9.899999999999999911e-01
9.899999999999999911e-01
9.899999999999999911e-01
9.899999999999999911e-01
9.899999999999999911e-01
9.899999999999999911e-01
9.693580521759814772e-01
9.899999999999999911e-01
9.899999999999999911e-01
9.899999999999999911e-01
9.234034477696483334e-01
9.899999999999999911e-01
9.899999999999999911e-01
9.899999999999999911e-01
8.056376374136345886e-01
9.899999999999999911e-01
9.899999999999999911e-01
9.473175477897594066e-01
9.899999999999999911e-01
9.899999999999999911e-01
8.200333972112759939e-01
9.899999999999999911e-01
9.899999999999999911e-01
9.381225956200770488e-01
9.899999999999999911e-01
9.899999999999999911e-01
9.899999999999999911e-01
7.701282738437589259e-01
9.899999999999999911e-01
9.899999999999999911e-01
9.899999999999999911e-01
9.614207488345754005e-01
9.899999999999999911e-01
9.899999999999999911e-01
9.899999999999999911e-01
7.780444518844980006e-01
9.899999999999999911e-01
9.899999999999999911e-01
9.899999999999999911e-01
8.007815571374641284e-01
9.899999999999999911e-01
9.899999999999999911e-01
9.899999999999999911e-01
8.816286206569269313e-01
9.899999999999999911e-01
9.899999999999999911e-01
9.899999999999999911e-01
8.634080833447883574e-01
8.647197788049925116e-01
9.899999999999999911e-01
9.899999999999999911e-01
9.899999999999999911e-01
8.708644060030766854e-01
9.899999999999999911e-01
9.899999999999999911e-01
9.899999999999999911e-01
8.402322281189338327e-01
9.899999999999999911e-01
9.899999999999999911e-01
9.899999999999999911e-01
8.972609526417520964e-01
9.899999999999999911e-01
9.899999999999999911e-01
9.899999999999999911e-01
9.395548609324878564e-01
9.899999999999999911e-01
9.899999999999999911e-01
9.899999999999999911e-01
8.580063616797275472e-01
9.899999999999999911e-01
9.899999999999999911e-01
9.899999999999999911e-01
9.691947328039316467e-01
9.899999999999999911e-01
9.899999999999999911e-01
9.899999999999999911e-01
9.065002846069866171e-01
9.899999999999999911e-01
9.899999999999999911e-01
9.899999999999999911e-01
9.707290141155658914e-01
9.899999999999999911e-01
9.899999999999999911e-01
9.899999999999999911e-01
7.764605770245111005e-01
9.899999999999999911e-01
9.899999999999999911e-01
9.899999999999999911e-01
9.413857432443110129e-01
9.899999999999999911e-01
9.899999999999999911e-01
9.899999999999999911e-01
9.648321701822255569e-01
9.899999999999999911e-01
9.899999999999999911e-01
9.899999999999999911e-01
7.671797720824969913e-01
9.899999999999999911e-01
9.899999999999999911e-01
9.899999999999999911e-01
8.654678391328270992e-01
9.899999999999999911e-01
9.899999999999999911e-01
9.899999999999999911e-01
8.397937664529755430e-01
9.899999999999999911e-01
9.899999999999999911e-01
9.899999999999999911e-01
9.537933020890601021e-01
9.899999999999999911e-01
9.899999999999999911e-01
9.899999999999999911e-01
8.796052617812186725e-01
9.899999999999999911e-01
9.899999999999999911e-01
9.899999999999999911e-01
8.180969649622426010e-01
9.899999999999999911e-01
9.899999999999999911e-01
9.899999999999999911e-01
8.976697138445839386e-01
9.899999999999999911e-01
9.899999999999999911e-01
9.899999999999999911e-01
8.942031560718137762e-01
9.899999999999999911e-01
9.899999999999999911e-01
9.899999999999999911e-01
8.942616544268912060e-01
9.899999999999999911e-01
9.899999999999999911e-01
9.899999999999999911e-01
9.110559793440329290e-01
9.899999999999999911e-01
9.899999999999999911e-01
9.899999999999999911e-01
9.899999999999999911e-01
9.899999999999999911e-01
9.899999999999999911e-01
9.899999999999999911e-01
8.985545278131346070e-01
9.899999999999999911e-01
9.899999999999999911e-01
9.899999999999999911e-01
9.098838952056422791e-01
9.899999999999999911e-01
9.899999999999999911e-01
9.899999999999999911e-01
9.737735427896702101e-01
9.899999999999999911e-01
9.899999999999999911e-01
9.899999999999999911e-01
8.284248627653939545e-01
9.899999999999999911e-01
9.899999999999999911e-01
9.899999999999999911e-01
9.899999999999999911e-01
7.620800278084760571e-01
9.899999999999999911e-01
9.899999999999999911e-01
9.899999999999999911e-01
8.096469323328165935e-01
9.899999999999999911e-01
9.899999999999999911e-01
9.899999999999999911e-01
9.700299115612052159e-01
9.899999999999999911e-01
9.899999999999999911e-01
9.899999999999999911e-01
9.558564023689012368e-01
9.899999999999999911e-01
9.899999999999999911e-01
8.170215743999128533e-01
9.899999999999999911e-01
9.899999999999999911e-01
9.899999999999999911e-01
9.471043212190191074e-01
9.899999999999999911e-01
9.899999999999999911e-01
9.899999999999999911e-01
7.813071176677728324e-01
9.899999999999999911e-01
9.899999999999999911e-01
9.899999999999999911e-01
9.560534838706375993e-01
9.899999999999999911e-01
9.899999999999999911e-01
8.644890117241493810e-01
9.899999999999999911e-01
9.899999999999999911e-01
9.899999999999999911e-01
8.729950654466863691e-01
9.899999999999999911e-01
9.899999999999999911e-01
9.899999999999999911e-01
8.029012118025019573e-01
9.899999999999999911e-01
9.562607759696579723e-01
9.899999999999999911e-01
9.899999999999999911e-01
9.899999999999999911e-01
8.122360750071992985e-01
9.899999999999999911e-01
9.899999999999999911e-01
9.899999999999999911e-01
9.064903148160498025e-01
9.678911972217354442e-01
9.899999999999999911e-01
9.899999999999999911e-01
9.694050678186738601e-01
9.899999999999999911e-01
9.899999999999999911e-01
9.899999999999999911e-01
8.605943752319807905e-01
9.899999999999999911e-01
9.899999999999999911e-01
9.899999999999999911e-01
9.208890343551994206e-01
9.899999999999999911e-01
9.899999999999999911e-01
9.899999999999999911e-01
8.015480818950564412e-01
9.899999999999999911e-01
9.899999999999999911e-01
9.899999999999999911e-01
9.445775147253323567e-01
9.899999999999999911e-01
9.899999999999999911e-01
9.899999999999999911e-01
9.221791239354012459e-01
9.899999999999999911e-01
9.899999999999999911e-01
9.899999999999999911e-01
8.059814022279946366e-01
9.899999999999999911e-01
9.899999999999999911e-01
9.899999999999999911e-01
8.363790079533228727e-01
9.899999999999999911e-01
9.899999999999999911e-01
9.899999999999999911e-01
9.899999999999999911e-01
9.899999999999999911e-01
9.394178437099801604e-01
9.899999999999999911e-01
9.899999999999999911e-01
9.899999999999999911e-01
9.050388750133595561e-01
9.899999999999999911e-01
9.899999999999999911e-01
9.465211118161017678e-01
9.899999999999999911e-01
9.899999999999999911e-01
9.899999999999999911e-01
8.951509843260622157e-01
9.899999999999999911e-01
8.203095935661922633e-01
9.899999999999999911e-01
9.899999999999999911e-01
9.899999999999999911e-01
9.782915594179869556e-01
9.899999999999999911e-01
9.899999999999999911e-01
9.899999999999999911e-01
9.172417671618184887e-01
9.899999999999999911e-01
9.899999999999999911e-01
9.899999999999999911e-01
8.284570335306106204e-01
9.899999999999999911e-01
9.899999999999999911e-01
9.899999999999999911e-01
7.929204688802776735e-01
9.899999999999999911e-01
9.899999999999999911e-01
9.899999999999999911e-01
9.284228838269127371e-01
9.899999999999999911e-01
9.899999999999999911e-01
9.899999999999999911e-01
8.363022146503931165e-01
9.899999999999999911e-01
9.899999999999999911e-01
9.899999999999999911e-01
9.450066338058606963e-01
9.899999999999999911e-01
9.899999999999999911e-01
9.899999999999999911e-01
8.586555498160804989e-01
9.899999999999999911e-01
9.899999999999999911e-01
9.899999999999999911e-01
8.043916983098591267e-01
9.899999999999999911e-01
9.899999999999999911e-01
9.899999999999999911e-01
9.667412143998106444e-01
9.899999999999999911e-01
9.899999999999999911e-01
9.899999999999999911e-01
7.972184066763013943e-01
9.899999999999999911e-01
9.899999999999999911e-01
9.899999999999999911e-01
9.791896314440279303e-01
9.899999999999999911e-01
9.899999999999999911e-01
9.899999999999999911e-01
8.500238996243744127e-01
9.899999999999999911e-01
9.899999999999999911e-01
9.899999999999999911e-01
9.162657049016409427e-01
9.899999999999999911e-01
9.899999999999999911e-01
9.899999999999999911e-01
7.757595887873969254e-01
9.899999999999999911e-01
9.899999999999999911e-01
9.899999999999999911e-01
9.657901424596010420e-01
9.899999999999999911e-01
9.899999999999999911e-01
9.899999999999999911e-01
8.272629669597051372e-01
9.899999999999999911e-01
9.899999999999999911e-01
9.899999999999999911e-01
8.690929374253426598e-01
9.899999999999999911e-01
9.899999999999999911e-01
9.899999999999999911e-01
8.563493348179326281e-01
9.899999999999999911e-01
9.899999999999999911e-01
9.899999999999999911e-01
7.907427968434215249e-01
9.899999999999999911e-01
9.899999999999999911e-01
9.899999999999999911e-01
8.517917921276026982e-01
9.899999999999999911e-01
9.899999999999999911e-01
9.899999999999999911e-01
7.853423375408805640e-01
9.899999999999999911e-01
9.899999999999999911e-01
9.899999999999999911e-01
8.512512405395845638e-01
9.899999999999999911e-01
9.899999999999999911e-01
9.899999999999999911e-01
9.340609356343904102e-01
9.899999999999999911e-01
9.899999999999999911e-01
7.787188649925659290e-01
9.899999999999999911e-01
9.899999999999999911e-01
9.899999999999999911e-01
7.711899169376199570e-01
8.543582443517798719e-01
9.899999999999999911e-01
9.899999999999999911e-01
9.899999999999999911e-01
9.154289483192200594e-01
9.899999999999999911e-01
9.899999999999999911e-01
9.899999999999999911e-01
8.229268133701518328e-01
9.899999999999999911e-01
9.899999999999999911e-01
9.899999999999999911e-01
7.981336648543544410e-01
9.899999999999999911e-01
9.899999999999999911e-01
9.899999999999999911e-01
7.927237204397480363e-01
9.899999999999999911e-01
9.899999999999999911e-01
9.899999999999999911e-01
8.914886657442644413e-01
9.899999999999999911e-01
9.899999999999999911e-01
9.899999999999999911e-01
7.612222688026161199e-01
9.899999999999999911e-01
9.899999999999999911e-01
9.899999999999999911e-01
8.417749911418148656e-01
9.899999999999999911e-01
9.899999999999999911e-01
9.899999999999999911e-01
8.376842340185378655e-01
9.899999999999999911e-01
9.899999999999999911e-01
9.899999999999999911e-01
9.499903686854650475e-01
9.899999999999999911e-01
9.899999999999999911e-01
9.899999999999999911e-01
8.628679907063736554e-01
9.899999999999999911e-01
9.899999999999999911e-01
9.899999999999999911e-01
9.466383013276962188e-01
9.899999999999999911e-01
9.899999999999999911e-01
8.936097093408943426e-01
9.899999999999999911e-01
9.899999999999999911e-01
9.899999999999999911e-01
8.556488922463425517e-01
9.899999999999999911e-01
9.899999999999999911e-01
8.983962081382924625e-01
9.899999999999999911e-01
9.899999999999999911e-01
9.899999999999999911e-01
8.679968279602203740e-01
9.899999999999999911e-01
9.899999999999999911e-01
9.899999999999999911e-01
7.753061556865575854e-01
9.899999999999999911e-01
9.899999999999999911e-01
9.899999999999999911e-01
8.512372445902834928e-01
9.899999999999999911e-01
9.204269910475576522e-01
9.899999999999999911e-01
9.899999999999999911e-01
9.899999999999999911e-01
8.014653533046102174e-01
9.899999999999999911e-01
9.899999999999999911e-01
9.899999999999999911e-01
7.717162994746654681e-01
9.899999999999999911e-01
9.899999999999999911e-01
9.899999999999999911e-01
8.307473477493796388e-01
9.899999999999999911e-01
9.899999999999999911e-01
9.899999999999999911e-01
8.282627246780503993e-01
9.899999999999999911e-01
9.899999999999999911e-01
8.862808094632462774e-01
9.899999999999999911e-01
9.899999999999999911e-01
9.424702512120088915e-01
9.899999999999999911e-01
9.899999999999999911e-01
9.899999999999999911e-01
8.616576506624638032e-01
9.899999999999999911e-01
9.899999999999999911e-01
9.899999999999999911e-01
8.082563779198871368e-01
9.899999999999999911e-01
9.899999999999999911e-01
9.899999999999999911e-01
9.066636670144452292e-01
9.899999999999999911e-01
9.899999999999999911e-01
9.899999999999999911e-01
9.552013466613602510e-01
9.899999999999999911e-01
9.899999999999999911e-01
8.067953311528149873e-01
9.899999999999999911e-01
9.899999999999999911e-01
9.899999999999999911e-01
8.554356932522382273e-01
9.899999999999999911e-01
9.899999999999999911e-01
9.899999999999999911e-01
8.635942378302517985e-01
9.899999999999999911e-01
9.899999999999999911e-01
9.899999999999999911e-01
8.035151958716801879e-01
9.899999999999999911e-01
9.899999999999999911e-01
9.899999999999999911e-01
8.998046232216839746e-01
9.899999999999999911e-01
9.899999999999999911e-01
9.899999999999999911e-01
7.982537037733885565e-01
9.899999999999999911e-01
9.899999999999999911e-01
9.899999999999999911e-01
9.381758359479859255e-01
9.899999999999999911e-01
9.899999999999999911e-01
9.899999999999999911e-01
8.213118837252422200e-01
9.899999999999999911e-01
9.899999999999999911e-01
9.899999999999999911e-01
8.751282137312269560e-01
9.899999999999999911e-01
9.899999999999999911e-01
9.899999999999999911e-01
9.053809221767412652e-01
9.899999999999999911e-01
9.899999999999999911e-01
9.899999999999999911e-01
8.008564770687587320e-01
9.899999999999999911e-01
9.899999999999999911e-01
9.899999999999999911e-01
9.005170491117396869e-01
9.899999999999999911e-01
8.406301595978868946e-01
9.899999999999999911e-01
9.899999999999999911e-01
9.899999999999999911e-01
9.248291590559680753e-01
9.899999999999999911e-01
9.899999999999999911e-01
9.899999999999999911e-01
8.277666134451026059e-01
9.899999999999999911e-01
9.899999999999999911e-01
7.749510355241665538e-01
9.899999999999999911e-01
9.899999999999999911e-01
9.899999999999999911e-01
7.716830338531363020e-01
9.899999999999999911e-01
9.899999999999999911e-01
9.899999999999999911e-01
8.632035400329047814e-01
9.899999999999999911e-01
9.899999999999999911e-01
9.334797145239426275e-01
9.899999999999999911e-01
9.899999999999999911e-01
9.899999999999999911e-01
9.317191971047406041e-01
9.899999999999999911e-01
9.899999999999999911e-01
8.048100335250234494e-01
9.899999999999999911e-01
9.899999999999999911e-01
9.899999999999999911e-01
9.772384097886200882e-01
9.899999999999999911e-01
9.899999999999999911e-01
9.899999999999999911e-01
8.022555104357828037e-01
9.899999999999999911e-01
9.899999999999999911e-01
9.899999999999999911e-01
8.479739381663460307e-01
9.899999999999999911e-01
9.899999999999999911e-01
9.899999999999999911e-01
9.512689556285776060e-01
9.899999999999999911e-01
9.899999999999999911e-01
9.899999999999999911e-01
8.895906545150195077e-01
9.899999999999999911e-01
9.899999999999999911e-01
8.938637496164661966e-01
9.899999999999999911e-01
9.899999999999999911e-01
9.899999999999999911e-01
8.797312174721345635e-01
9.899999999999999911e-01
9.899999999999999911e-01
9.899999999999999911e-01
7.957593228021205833e-01
9.899999999999999911e-01
9.899999999999999911e-01
9.899999999999999911e-01
8.667750100670719160e-01
9.899999999999999911e-01
7.813599589798868594e-01
9.899999999999999911e-01
9.899999999999999911e-01
8.657407111359146645e-01
9.899999999999999911e-01
9.899999999999999911e-01
9.899999999999999911e-01
9.506682142034568184e-01
9.899999999999999911e-01
9.899999999999999911e-01
9.899999999999999911e-01
9.156951451930609442e-01
9.899999999999999911e-01
9.899999999999999911e-01
8.178678898161670929e-01
9.899999999999999911e-01
9.899999999999999911e-01
9.899999999999999911e-01
9.507362316883296582e-01
9.899999999999999911e-01
9.899999999999999911e-01
9.899999999999999911e-01
8.322575990278089364e-01
9.899999999999999911e-01
9.899999999999999911e-01
9.597416951003099328e-01
9.899999999999999911e-01
9.899999999999999911e-01
9.899999999999999911e-01
8.034661728632753741e-01
9.899999999999999911e-01
9.899999999999999911e-01
9.462556542498682388e-01
9.899999999999999911e-01
9.899999999999999911e-01
9.899999999999999911e-01
8.705222993613787041e-01
9.899999999999999911e-01
9.899999999999999911e-01
9.899999999999999911e-01
9.453561201738754916e-01
9.899999999999999911e-01
9.899999999999999911e-01
9.899999999999999911e-01
8.856012389629903669e-01
9.899999999999999911e-01
9.899999999999999911e-01
9.899999999999999911e-01
8.446183750234057541e-01
9.899999999999999911e-01
9.899999999999999911e-01
9.899999999999999911e-01
9.471653230395468137e-01
9.899999999999999911e-01
9.899999999999999911e-01
9.899999999999999911e-01
8.645890258114077298e-01
9.899999999999999911e-01
9.899999999999999911e-01
9.657404132774988215e-01
9.899999999999999911e-01
9.899999999999999911e-01
9.899999999999999911e-01
9.097412941706124467e-01
9.899999999999999911e-01
9.234492873396542567e-01
9.899999999999999911e-01
9.899999999999999911e-01
9.899999999999999911e-01
8.042482071812018241e-01
9.899999999999999911e-01
9.899999999999999911e-01
9.899999999999999911e-01
9.521713427177689315e-01
9.899999999999999911e-01
9.899999999999999911e-01
9.899999999999999911e-01
9.126646908117169721e-01
9.899999999999999911e-01
9.899999999999999911e-01
8.007338581173110148e-01
9.899999999999999911e-01
9.899999999999999911e-01
9.899999999999999911e-01
9.446238594168916425e-01
9.899999999999999911e-01
9.899999999999999911e-01
9.899999999999999911e-01
9.495794761329319211e-01
9.899999999999999911e-01
9.899999999999999911e-01
9.899999999999999911e-01
8.912674471437457280e-01
9.899999999999999911e-01
9.899999999999999911e-01
9.899999999999999911e-01
7.973205239606451222e-01
9.899999999999999911e-01
9.899999999999999911e-01
9.899999999999999911e-01
8.096014370718501718e-01
9.899999999999999911e-01
9.899999999999999911e-01
9.899999999999999911e-01
8.178844896725759872e-01
9.899999999999999911e-01
9.899999999999999911e-01
7.885315759123765478e-01
9.899999999999999911e-01
9.899999999999999911e-01
9.899999999999999911e-01
9.294374970185214080e-01
9.899999999999999911e-01
9.899999999999999911e-01
7.726438977929118712e-01
9.899999999999999911e-01
9.899999999999999911e-01
9.899999999999999911e-01
9.488051998256821218e-01
9.899999999999999911e-01
7.847222866317818957e-01
9.899999999999999911e-01
9.899999999999999911e-01
7.784261049182039649e-01
9.899999999999999911e-01
9.899999999999999911e-01
9.367276970835625161e-01
9.899999999999999911e-01
9.899999999999999911e-01
9.485518536877273199e-01
9.899999999999999911e-01
9.899999999999999911e-01
9.899999999999999911e-01
9.664663247847963268e-01
9.899999999999999911e-01
9.899999999999999911e-01
8.215225220556481300e-01
9.899999999999999911e-01
9.899999999999999911e-01
9.899999999999999911e-01
8.440265258223391687e-01
9.899999999999999911e-01
9.899999999999999911e-01
9.899999999999999911e-01
8.811504578750833927e-01
9.899999999999999911e-01
9.899999999999999911e-01
9.899999999999999911e-01
9.626384978557668282e-01
9.899999999999999911e-01
9.899999999999999911e-01
9.083043288858718700e-01
9.899999999999999911e-01
9.899999999999999911e-01
9.899999999999999911e-01
9.113124734402603400e-01
9.899999999999999911e-01
9.899999999999999911e-01
9.313787972695528605e-01
9.899999999999999911e-01
9.899999999999999911e-01
9.899999999999999911e-01
9.674817868772999097e-01
9.899999999999999911e-01
9.899999999999999911e-01
9.899999999999999911e-01
9.899999999999999911e-01
9.899999999999999911e-01
9.270358193244555567e-01
9.899999999999999911e-01
9.899999999999999911e-01
8.106918645589886729e-01
9.899999999999999911e-01
9.899999999999999911e-01
9.899999999999999911e-01
8.573101956391008249e-01
9.899999999999999911e-01
9.899999999999999911e-01
9.899999999999999911e-01
8.516572800330673987e-01
9.899999999999999911e-01
7.615025334964060644e-01
9.899999999999999911e-01
9.899999999999999911e-01
9.132773700940999273e-01
9.899999999999999911e-01
9.899999999999999911e-01
9.899999999999999911e-01
8.930801213977401787e-01
9.899999999999999911e-01
9.899999999999999911e-01
9.899999999999999911e-01
8.475863185033069014e-01
9.899999999999999911e-01
9.899999999999999911e-01
8.439181314195726147e-01
9.899999999999999911e-01
9.899999999999999911e-01
9.899999999999999911e-01
8.971670931662303339e-01
9.899999999999999911e-01
9.899999999999999911e-01
9.899999999999999911e-01
9.584068232101150553e-01
9.899999999999999911e-01
9.899999999999999911e-01
9.899999999999999911e-01
8.714511069653144704e-01
9.899999999999999911e-01
9.899999999999999911e-01
9.899999999999999911e-01
8.764031451749516588e-01
9.899999999999999911e-01
9.899999999999999911e-01
9.899999999999999911e-01
8.986991176407803650e-01
9.899999999999999911e-01
9.899999999999999911e-01
9.899999999999999911e-01
8.235379187574124460e-01
9.899999999999999911e-01
9.899999999999999911e-01
9.899999999999999911e-01
8.371936073417979296e-01
9.899999999999999911e-01
9.899999999999999911e-01
9.899999999999999911e-01
9.122290168652015252e-01
9.899999999999999911e-01
9.899999999999999911e-01
9.899999999999999911e-01
8.454614635727232264e-01
9.899999999999999911e-01
9.899999999999999911e-01
9.899999999999999911e-01
8.536239521680085707e-01
9.899999999999999911e-01
9.899999999999999911e-01
9.066813473971455650e-01
9.899999999999999911e-01
9.899999999999999911e-01
9.899999999999999911e-01
