9.396576307024090413e-01
9.899999999999999911e-01
9.899999999999999911e-01
9.899999999999976596e-01
7.794545863353770088e-01
9.899999999999999911e-01
9.899999999999999911e-01
9.899999999999999911e-01
8.986086449855121838e-01
9.899999999999999911e-01
9.899999999999999911e-01
9.899999999999999911e-01
8.594868193270328582e-01
9.899999999999999911e-01
9.899999999999999911e-01
9.899999999999999911e-01
9.356011930880477889e-01
9.899999999999999911e-01
9.899999999999999911e-01
9.899999999999999911e-01
8.666633997765825770e-01
9.899999999999999911e-01
9.899999999999999911e-01
9.899999999999999911e-01
9.489829693852958048e-01
9.899999999999999911e-01
9.899999999999999911e-01
9.899999999999999911e-01
9.212071067089241394e-01
9.899999999999999911e-01
9.899999999999999911e-01
9.899999999999999911e-01
9.318833988425979653e-01
9.899999999999999911e-01
9.899999999999999911e-01
9.899999999999999911e-01
9.491391278486331906e-01
9.899999999999999911e-01
9.899999999999999911e-01
9.899999999999999911e-01
9.336260925663514287e-01
9.899999999999999911e-01
9.899999999999999911e-01
9.899999999999999911e-01
9.433299512888925209e-01
9.899999999999999911e-01
9.899999999999999911e-01
9.899999999999999911e-01
9.473687629398519494e-01
9.899999999999999911e-01
9.899999999999999911e-01
9.899999999999999911e-01
9.361468012453559862e-01
9.899999999999999911e-01
9.899999999999999911e-01
9.899999999999999911e-01
7.699193593017462645e-01
9.899999999999999911e-01
9.899999999999999911e-01
9.899999999999999911e-01
8.451659596325398205e-01
9.899999999999999911e-01
9.899999999999999911e-01
9.899999999999999911e-01
7.970146799005328742e-01
9.899999999999999911e-01
9.899999999999999911e-01
9.899999999999999911e-01
8.272749067213012175e-01
9.899999999999999911e-01
9.899999999999999911e-01
9.899999999999999911e-01
9.318225634102780264e-01
9.899999999999999911e-01
9.899999999999999911e-01
9.899999999999999911e-01
9.429341949888868646e-01
9.899999999999999911e-01
9.899999999999996581e-01
9.899999999999999911e-01
9.036404653781185958e-01
9.899999999999999911e-01
9.899999999999999911e-01
9.899999999999999911e-01
8.862359403716669748e-01
9.899999999999999911e-01
9.899999999999999911e-01
9.899999999999999911e-01
9.348297749709912896e-01
9.899999999999999911e-01
9.899999999999999911e-01
9.899999999999999911e-01
8.864428578053826779e-01
9.899999999999999911e-01
9.899999999999999911e-01
9.899999999999999911e-01
8.399409987158699131e-01
9.899999999999999911e-01
9.899999999999999911e-01
9.899999999999999911e-01
8.655775053731821211e-01
9.899999999999999911e-01
9.899999999999999911e-01
9.899999999999999911e-01
8.793389005692244798e-01
9.899999999999999911e-01
9.899999999999999911e-01
9.899999999999999911e-01
8.568896215158177121e-01
9.899999999999999911e-01
8.392294468638361593e-01
9.899999999999999911e-01
9.899999999999999911e-01
9.899999999999999911e-01
9.415815641465650199e-01
9.899999999999999911e-01
7.674298272722407388e-01
9.899999999999999911e-01
9.899999999999999911e-01
9.899999999999999911e-01
8.169181813485566490e-01
9.899999999999999911e-01
9.899999999999999911e-01
9.899999999999999911e-01
7.813581061840870756e-01
9.899999999999999911e-01
9.899999999999999911e-01
9.899999999999999911e-01
7.921864315103676057e-01
9.899999999999999911e-01
9.899999999999999911e-01
9.899999999999999911e-01
8.828890815551561078e-01
9.899999999999999911e-01
9.899999999999999911e-01
9.899999999999999911e-01
9.014370652717894616e-01
9.899999999999999911e-01
9.899999999999999911e-01
9.899999999999999911e-01
8.998113906624752856e-01
9.899999999999999911e-01
9.899999999999999911e-01
8.773180843137766693e-01
9.899999999999999911e-01
9.899999999999999911e-01
9.899999999999999911e-01
8.606794689875210125e-01
9.899999999999999911e-01
9.899999999999999911e-01
9.571715828418635441e-01
9.899999999999999911e-01
9.899999999999999911e-01
9.899999999999999911e-01
8.877487752627289952e-01
9.899999999999999911e-01
9.899999999999999911e-01
9.899999999999999911e-01
9.899999999999999911e-01
9.899999999999999911e-01
9.104062106691817036e-01
9.899999999999999911e-01
9.899999999999999911e-01
9.899999999999999911e-01
9.219584749664838652e-01
9.899999999999999911e-01
9.899999999999999911e-01
9.899999999999999911e-01
9.899999999999999911e-01
9.572957946171678500e-01
9.899999999999999911e-01
9.899999999999999911e-01
9.899999999999999911e-01
9.899999999999999911e-01
8.835935004764242651e-01
9.899999999999999911e-01
9.899999999999999911e-01
9.899999999999999911e-01
9.076863375418733337e-01
9.899999999999999911e-01
9.899999999999999911e-01
9.899999999999999911e-01
9.613367463051449846e-01
9.899999999999999911e-01
9.899999999999999911e-01
9.899999999999999911e-01
9.899999999999999911e-01
9.899999999999999911e-01
9.445657807203846623e-01
9.899999999999999911e-01
9.899999999999999911e-01
9.899999999999999911e-01
8.526410751789070819e-01
9.899999999999999911e-01
9.899999999999999911e-01
9.899999999999999911e-01
8.803811369844376511e-01
9.899999999999999911e-01
9.899999999999999911e-01
9.899999999999999911e-01
7.627784439910534342e-01
9.899999999999999911e-01
9.899999999999999911e-01
9.899999999999999911e-01
9.899999999999999911e-01
9.899999999999999911e-01
9.899999999999999911e-01
9.668429384045036379e-01
9.899999999999999911e-01
9.899999999999999911e-01
9.899999999999999911e-01
9.124039342080546566e-01
9.899999999999999911e-01
9.899999999999999911e-01
9.899999999999999911e-01
7.957198065901724959e-01
9.899999999999999911e-01
9.899999999999999911e-01
9.386167159647393898e-01
9.899999999999999911e-01
9.899999999999999911e-01
8.097511234313893302e-01
9.899999999999999911e-01
9.899999999999999911e-01
9.290847150571019952e-01
9.899999999999999911e-01
9.899999999999999911e-01
9.899999999999999911e-01
7.587410065290551842e-01
9.899999999999999911e-01
9.899999999999999911e-01
9.899999999999999911e-01
9.538423733227376911e-01
9.899999999999999911e-01
9.899999999999999911e-01
9.899999999999999911e-01
7.666473546445761178e-01
9.899999999999999911e-01
9.899999999999999911e-01
9.899999999999999911e-01
7.886991433615073710e-01
9.899999999999999911e-01
9.899999999999999911e-01
9.899999999999999911e-01
8.695141799177364961e-01
9.899999999999999911e-01
9.899999999999999911e-01
9.899999999999999911e-01
8.546520813893757618e-01
8.527126904853912226e-01
9.899999999999999911e-01
9.899999999999999911e-01
9.899999999999999911e-01
8.595235705368045043e-01
9.899999999999999911e-01
9.899999999999999911e-01
9.899999999999999911e-01
8.294504806867043500e-01
9.899999999999999911e-01
9.899999999999999911e-01
9.899999999999999911e-01
8.864459426306043888e-01
9.899999999999999911e-01
9.899999999999999911e-01
9.899999999999999911e-01
9.284758472306213761e-01
9.899999999999999911e-01
9.899999999999999911e-01
9.899999999999999911e-01
8.470725249817283586e-01
9.899999999999999911e-01
9.899999999999999911e-01
9.899999999999999911e-01
9.583705801408183289e-01
9.899999999999999911e-01
9.899999999999999911e-01
9.899999999999999911e-01
8.997425264391543109e-01
9.899999999999999911e-01
9.899999999999999911e-01
9.899999999999999911e-01
9.592264084118582446e-01
9.899999999999999911e-01
9.899999999999999911e-01
9.899999999999999911e-01
7.651460973377181007e-01
9.899999999999999911e-01
9.899999999999999911e-01
9.899999999999999911e-01
9.303940951626971101e-01
9.899999999999999911e-01
9.899999999999999911e-01
9.899999999999999911e-01
9.529315957172660445e-01
9.899999999999999911e-01
9.899999999999999911e-01
9.899999999999999911e-01
7.550488090542536446e-01
9.899999999999999911e-01
9.899999999999999911e-01
9.899999999999999911e-01
8.535749202887416009e-01
9.899999999999999911e-01
9.899999999999999911e-01
9.899999999999999911e-01
8.289241078964527665e-01
9.899999999999999911e-01
9.899999999999999911e-01
9.899999999999999911e-01
9.428383505078593574e-01
9.899999999999999911e-01
9.899999999999999911e-01
9.899999999999999911e-01
8.683105456308548575e-01
9.899999999999999911e-01
9.899999999999999911e-01
9.899999999999999911e-01
8.062730274809597475e-01
9.899999999999999911e-01
9.899999999999999911e-01
9.899999999999999911e-01
8.865092599706483334e-01
9.899999999999999911e-01
9.899999999999999911e-01
9.899999999999999911e-01
8.834363053519692643e-01
9.899999999999999911e-01
9.899999999999999911e-01
9.899999999999999911e-01
8.822076023389405774e-01
9.899999999999999911e-01
9.899999999999999911e-01
9.899999999999999911e-01
8.989163431834422680e-01
9.899999999999999911e-01
9.899999999999999911e-01
9.899999999999999911e-01
9.899999999999999911e-01
9.899999999999999911e-01
9.899999999999999911e-01
9.899999999999999911e-01
8.906760274787796083e-01
9.899999999999999911e-01
9.899999999999999911e-01
9.899999999999999911e-01
8.977981096034793884e-01
9.899999999999999911e-01
9.899999999999999911e-01
9.899999999999999911e-01
9.722035310504220096e-01
9.899999999999999911e-01
9.899999999999999911e-01
9.899999999999999911e-01
8.193771167138832467e-01
9.899999999999999911e-01
9.899999999999999911e-01
9.899999999999999911e-01
9.899999999999999911e-01
7.502073662360820849e-01
9.899999999999999911e-01
9.899999999999999911e-01
9.899999999999999911e-01
7.992295008539952450e-01
9.899999999999999911e-01
9.899999999999999911e-01
9.899999999999999911e-01
9.592821669883956348e-01
9.899999999999999911e-01
9.899999999999999911e-01
9.899999999999999911e-01
9.440660845177092364e-01
9.899999999999999911e-01
9.899999999999999911e-01
8.048934945728629664e-01
9.899999999999999911e-01
9.899999999999999911e-01
9.899999999999999911e-01
9.354873176965384785e-01
9.899999999999999911e-01
9.899999999999999911e-01
9.899999999999999911e-01
7.704773179482479195e-01
9.899999999999999911e-01
9.899999999999999911e-01
9.899999999999999911e-01
9.460648556904529549e-01
9.899999999999999911e-01
9.899999999999999911e-01
8.523829077383096031e-01
9.899999999999999911e-01
9.899999999999999911e-01
9.899999999999999911e-01
8.620894405524335280e-01
9.899999999999999911e-01
9.899999999999999911e-01
9.899999999999999911e-01
7.924631061820333056e-01
9.899999999999999911e-01
9.509891851382794581e-01
9.899999999999999911e-01
9.899999999999999911e-01
9.899999999999999911e-01
8.014486543707273203e-01
9.899999999999999911e-01
9.899999999999999911e-01
9.899999999999999911e-01
8.955003102215737254e-01
9.561662414649340080e-01
9.899999999999999911e-01
9.899999999999999911e-01
9.584371447517872067e-01
9.899999999999999911e-01
9.899999999999999911e-01
9.899999999999999911e-01
8.495336097584778035e-01
9.899999999999999911e-01
9.899999999999999911e-01
9.899999999999999911e-01
9.100920203249353024e-01
9.899999999999999911e-01
9.899999999999999911e-01
9.899999999999999911e-01
7.894389802140904244e-01
9.899999999999999911e-01
9.899999999999999911e-01
9.899999999999999911e-01
9.333091402387930779e-01
9.899999999999999911e-01
9.899999999999999911e-01
9.899999999999999911e-01
9.113921797744902742e-01
9.899999999999999911e-01
9.899999999999999911e-01
9.899999999999999911e-01
7.940760635982776483e-01
9.899999999999999911e-01
9.899999999999999911e-01
9.899999999999999911e-01
8.250914578823103085e-01
9.899999999999999911e-01
9.899999999999999911e-01
9.899999999999999911e-01
9.899999999999999911e-01
9.899999999999999911e-01
9.307413493911264046e-01
9.899999999999999911e-01
9.899999999999999911e-01
9.899999999999999911e-01
8.955321361135351044e-01
9.899999999999999911e-01
9.899999999999999911e-01
9.350972189934330103e-01
9.899999999999999911e-01
9.899999999999999911e-01
9.899999999999999911e-01
8.860809075339416419e-01
9.899999999999999911e-01
8.083450426580142123e-01
9.899999999999999911e-01
9.899999999999999911e-01
9.899999999999999911e-01
9.769797218745619460e-01
9.899999999999999911e-01
9.899999999999999911e-01
9.899999999999999911e-01
9.055337427854094345e-01
9.899999999999999911e-01
9.899999999999999911e-01
9.899999999999999911e-01
8.164775447429347688e-01
9.899999999999999911e-01
9.899999999999999911e-01
9.899999999999999911e-01
7.807680204092505294e-01
9.899999999999999911e-01
9.899999999999999911e-01
9.899999999999999911e-01
9.191139044153550097e-01
9.899999999999999911e-01
9.899999999999999911e-01
9.899999999999999911e-01
8.241858658704207530e-01
9.899999999999999911e-01
9.899999999999999911e-01
9.899999999999999911e-01
9.332530338517366353e-01
9.899999999999999911e-01
9.899999999999999911e-01
9.899999999999999911e-01
8.467782830566267238e-01
9.899999999999999911e-01
9.899999999999999911e-01
9.899999999999999911e-01
7.938421220280266200e-01
9.899999999999999911e-01
9.899999999999999911e-01
9.899999999999999911e-01
9.559745299445858713e-01
9.899999999999999911e-01
9.899999999999999911e-01
9.899999999999999911e-01
7.851625227014480402e-01
9.899999999999999911e-01
9.899999999999999911e-01
9.899999999999999911e-01
9.781347579526101788e-01
9.899999999999999911e-01
9.899999999999999911e-01
9.899999999999999911e-01
8.402571196089906325e-01
9.899999999999999911e-01
9.899999999999999911e-01
9.899999999999999911e-01
9.081593291304590476e-01
9.899999999999999911e-01
9.899999999999999911e-01
9.899999999999999911e-01
7.643304359894416145e-01
9.899999999999999911e-01
9.899999999999999911e-01
9.899999999999999911e-01
9.538630264278183946e-01
9.899999999999999911e-01
9.899999999999999911e-01
9.899999999999999911e-01
8.175092890059950657e-01
9.899999999999999911e-01
9.899999999999999911e-01
9.899999999999999911e-01
8.572262269113218869e-01
9.899999999999999911e-01
9.899999999999999911e-01
9.899999999999999911e-01
8.442501777108935013e-01
9.899999999999999911e-01
9.899999999999999911e-01
9.899999999999999911e-01
7.796139049969592616e-01
9.899999999999999911e-01
9.899999999999999911e-01
9.899999999999999911e-01
8.397703674813969954e-01
9.899999999999999911e-01
9.899999999999999911e-01
9.899999999999999911e-01
7.732005762110975011e-01
9.899999999999999911e-01
9.899999999999999911e-01
9.899999999999999911e-01
8.397430697048189341e-01
9.899999999999999911e-01
9.899999999999999911e-01
9.899999999999999911e-01
9.244333837647589203e-01
9.899999999999999911e-01
9.899999999999999911e-01
7.667075750492303721e-01
9.899999999999999911e-01
9.899999999999999911e-01
9.899999999999999911e-01
7.598613346443889860e-01
8.423835255488993923e-01
9.899999999999999911e-01
9.899999999999999911e-01
9.899999999999999911e-01
9.105084200770534597e-01
9.899999999999999911e-01
9.899999999999999911e-01
9.899999999999999911e-01
8.111969956521623004e-01
9.899999999999999911e-01
9.899999999999999911e-01
9.899999999999999911e-01
7.873959858074415230e-01
9.899999999999999911e-01
9.899999999999999911e-01
9.899999999999999911e-01
7.818063183054559939e-01
9.899999999999999911e-01
9.899999999999999911e-01
9.899999999999999911e-01
8.793450092299348597e-01
9.899999999999999911e-01
9.899999999999999911e-01
9.899999999999999911e-01
7.493797277569063109e-01
9.899999999999999911e-01
9.899999999999999911e-01
9.899999999999999911e-01
8.296677354124476489e-01
9.899999999999999911e-01
9.899999999999999911e-01
9.899999999999999911e-01
8.256289520039473695e-01
9.899999999999999911e-01
9.899999999999999911e-01
9.899999999999999911e-01
9.397952973285385037e-01
9.899999999999999911e-01
9.899999999999999911e-01
9.899999999999999911e-01
8.534480078129192959e-01
9.899999999999999911e-01
9.899999999999999911e-01
9.899999999999999911e-01
9.404924610056935030e-01
9.899999999999999911e-01
9.899999999999999911e-01
8.829159314840688833e-01
9.899999999999999911e-01
9.899999999999999911e-01
9.899999999999999911e-01
8.477176128141269418e-01
9.899999999999999911e-01
9.899999999999999911e-01
8.891328615958127290e-01
9.899999999999999911e-01
9.899999999999999911e-01
9.899999999999999911e-01
8.568387899195178958e-01
9.899999999999999911e-01
9.899999999999999911e-01
9.899999999999999911e-01
7.636669445991980387e-01
9.899999999999999911e-01
9.899999999999999911e-01
9.899999999999999911e-01
8.428262189619168954e-01
9.899999999999999911e-01
9.097246666113258939e-01
9.899999999999999911e-01
9.899999999999999911e-01
9.899999999999999911e-01
7.894205349748247835e-01
9.899999999999999911e-01
9.899999999999999911e-01
9.899999999999999911e-01
7.604487331900339209e-01
9.899999999999999911e-01
9.899999999999999911e-01
9.899999999999999911e-01
8.199882957246406034e-01
9.899999999999999911e-01
9.899999999999999911e-01
9.899999999999999911e-01
8.167347788229259997e-01
9.899999999999999911e-01
9.899999999999999911e-01
8.755517222402521282e-01
9.899999999999999911e-01
9.899999999999999911e-01
9.316370403946615530e-01
9.899999999999999911e-01
9.899999999999999911e-01
9.899999999999999911e-01
8.497299085704623778e-01
9.899999999999999911e-01
9.899999999999999911e-01
9.899999999999999911e-01
7.973761058174260175e-01
9.899999999999999911e-01
9.899999999999999911e-01
9.899999999999999911e-01
8.956382422237071372e-01
9.899999999999999911e-01
9.899999999999999911e-01
9.899999999999999911e-01
9.430635182024432739e-01
9.899999999999999911e-01
9.899999999999999911e-01
7.957687149967049844e-01
9.899999999999999911e-01
9.899999999999999911e-01
9.899999999999999911e-01
8.441865180116275846e-01
9.899999999999999911e-01
9.899999999999999911e-01
9.899999999999999911e-01
8.514624651941586908e-01
9.899999999999999911e-01
9.899999999999999911e-01
9.899999999999999911e-01
7.913695628329330267e-01
9.899999999999999911e-01
9.899999999999999911e-01
9.899999999999999911e-01
8.878690860260644024e-01
9.899999999999999911e-01
9.899999999999999911e-01
9.899999999999999911e-01
7.873026874922479657e-01
9.899999999999999911e-01
9.899999999999999911e-01
9.899999999999999911e-01
9.263246077396619649e-01
9.899999999999999911e-01
9.899999999999999911e-01
9.899999999999999911e-01
8.101323758520501128e-01
9.899999999999999911e-01
9.899999999999999911e-01
9.899999999999999911e-01
8.631728258459137049e-01
9.899999999999999911e-01
9.899999999999999911e-01
9.899999999999999911e-01
8.937495765857262908e-01
9.899999999999999911e-01
9.899999999999999911e-01
9.899999999999999911e-01
7.901132537930660726e-01
9.899999999999999911e-01
9.899999999999999911e-01
9.899999999999999911e-01
8.918382704035188180e-01
9.899999999999999911e-01
8.291230229552737363e-01
9.899999999999999911e-01
9.899999999999999911e-01
9.899999999999999911e-01
9.129080251961579906e-01
9.899999999999999911e-01
9.899999999999999911e-01
9.899999999999999911e-01
8.156187751786052598e-01
9.899999999999999911e-01
9.899999999999999911e-01
7.630024032490928532e-01
9.899999999999999911e-01
9.899999999999999911e-01
9.899999999999999911e-01
7.603434211731507908e-01
9.899999999999999911e-01
9.899999999999999911e-01
9.899999999999999911e-01
8.516246767920339078e-01
9.899999999999999911e-01
9.899999999999999911e-01
9.227043176895594057e-01
9.899999999999999911e-01
9.899999999999999911e-01
9.899999999999999911e-01
9.198132740648289341e-01
9.899999999999999911e-01
9.899999999999999911e-01
7.941360389312100976e-01
9.899999999999999911e-01
9.899999999999999911e-01
9.899999999999999911e-01
9.764679778753116990e-01
9.899999999999999911e-01
9.899999999999999911e-01
9.899999999999999911e-01
7.914009572211704313e-01
9.899999999999999911e-01
9.899999999999999911e-01
9.899999999999999911e-01
8.368892993605685504e-01
9.899999999999999911e-01
9.899999999999999911e-01
9.899999999999999911e-01
9.395418063478725434e-01
9.899999999999999911e-01
9.899999999999999911e-01
9.899999999999999911e-01
8.820123567080431215e-01
9.899999999999999911e-01
9.899999999999999911e-01
8.834604709349663798e-01
9.899999999999999911e-01
9.899999999999999911e-01
9.899999999999999911e-01
8.683555587873168502e-01
9.899999999999999911e-01
9.899999999999999911e-01
9.899999999999999911e-01
7.846475921121520702e-01
9.899999999999999911e-01
9.899999999999999911e-01
9.899999999999999911e-01
8.594929225553761265e-01
9.899999999999999911e-01
7.702616852041253015e-01
9.899999999999999911e-01
9.899999999999999911e-01
8.544348804150672105e-01
9.899999999999999911e-01
9.899999999999999911e-01
9.899999999999999911e-01
9.395103718770434487e-01
9.899999999999999911e-01
9.899999999999999911e-01
9.899999999999999911e-01
9.040914994822787376e-01
9.899999999999999911e-01
9.899999999999999911e-01
8.070972256220335650e-01
9.899999999999999911e-01
9.899999999999999911e-01
9.899999999999999911e-01
9.398498799972682116e-01
9.899999999999999911e-01
9.899999999999999911e-01
9.899999999999999911e-01
8.201235684469687648e-01
9.899999999999999911e-01
9.899999999999999911e-01
9.477145326761473587e-01
9.899999999999999911e-01
9.899999999999999911e-01
9.899999999999999911e-01
7.933007397551378181e-01
9.899999999999999911e-01
9.899999999999999911e-01
9.344810838670738473e-01
9.899999999999999911e-01
9.899999999999999911e-01
9.899999999999999911e-01
8.594276336905236624e-01
9.899999999999999911e-01
9.899999999999999911e-01
9.899999999999999911e-01
9.388139441236739158e-01
9.899999999999999911e-01
9.899999999999999911e-01
9.899999999999999911e-01
8.734598345053289359e-01
9.899999999999999911e-01
9.899999999999999911e-01
9.899999999999999911e-01
8.338107514520139985e-01
9.899999999999999911e-01
9.899999999999999911e-01
9.899999999999999911e-01
9.357885624631463450e-01
9.899999999999999911e-01
9.899999999999999911e-01
9.899999999999999911e-01
8.524675955593904453e-01
9.899999999999999911e-01
9.899999999999999911e-01
9.536052298992748755e-01
9.899999999999999911e-01
9.899999999999999911e-01
9.899999999999999911e-01
8.998795970185479165e-01
9.899999999999999911e-01
9.113982146790221561e-01
9.899999999999999911e-01
9.899999999999999911e-01
9.899999999999999911e-01
7.921018957053375109e-01
9.899999999999999911e-01
9.899999999999999911e-01
9.899999999999999911e-01
9.403977565922831960e-01
9.899999999999999911e-01
9.899999999999999911e-01
9.899999999999999911e-01
9.017316050812379524e-01
9.899999999999999911e-01
9.899999999999999911e-01
7.888009577155676855e-01
9.899999999999999911e-01
9.899999999999999911e-01
9.899999999999999911e-01
9.335361234410416431e-01
9.899999999999999911e-01
9.899999999999999911e-01
9.899999999999999911e-01
9.375883453536195677e-01
9.899999999999999911e-01
9.899999999999999911e-01
9.899999999999999911e-01
8.853955264770272393e-01
9.899999999999999911e-01
9.899999999999999911e-01
9.899999999999999911e-01
7.851690151884792579e-01
9.899999999999999911e-01
9.899999999999999911e-01
9.899999999999999911e-01
7.983666017251448421e-01
9.899999999999999911e-01
9.899999999999999911e-01
9.899999999999999911e-01
8.067760981551772570e-01
9.899999999999999911e-01
9.899999999999999911e-01
7.777650160869324925e-01
9.899999999999999911e-01
9.899999999999999911e-01
9.899999999999999911e-01
9.185663191986135345e-01
9.899999999999999911e-01
9.899999999999999911e-01
7.606840383830554275e-01
9.899999999999999911e-01
9.899999999999999911e-01
9.899999999999999911e-01
9.366804626175400106e-01
9.899999999999999911e-01
7.739840294524736874e-01
9.899999999999999911e-01
9.899999999999999911e-01
7.662773089759622458e-01
9.899999999999999911e-01
9.899999999999999911e-01
9.257809526580295101e-01
9.899999999999999911e-01
9.899999999999999911e-01
9.372299946620976652e-01
9.899999999999999911e-01
9.899999999999999911e-01
9.899999999999999911e-01
9.543746215658729382e-01
9.899999999999999911e-01
9.899999999999999911e-01
8.093730880708541742e-01
9.899999999999999911e-01
9.899999999999999911e-01
9.899999999999999911e-01
8.334701710629707216e-01
9.899999999999999911e-01
9.899999999999999911e-01
9.899999999999999911e-01
8.698028613677675214e-01
9.899999999999999911e-01
9.899999999999999911e-01
9.899999999999999911e-01
9.518299289653279205e-01
9.899999999999999911e-01
9.899999999999999911e-01
9.033045467753328950e-01
9.899999999999999911e-01
9.899999999999999911e-01
9.899999999999999911e-01
9.030345642872081857e-01
9.899999999999999911e-01
9.899999999999999911e-01
9.199093398141904299e-01
9.899999999999999911e-01
9.899999999999999911e-01
9.899999999999999911e-01
9.611999355271251266e-01
9.899999999999999911e-01
9.899999999999999911e-01
9.899999999999999911e-01
9.899999999999999911e-01
9.899999999999999911e-01
9.213771317058244703e-01
9.899999999999999911e-01
9.899999999999999911e-01
7.989608704692597874e-01
9.899999999999999911e-01
9.899999999999999911e-01
9.899999999999999911e-01
8.463382524156617404e-01
9.899999999999999911e-01
9.899999999999999911e-01
9.899999999999999911e-01
8.419896251448394375e-01
9.899999999999999911e-01
7.493479877106000719e-01
9.899999999999999911e-01
9.899999999999999911e-01
9.024533893167957510e-01
9.899999999999999911e-01
9.899999999999999911e-01
9.899999999999999911e-01
8.815848527976198890e-01
9.899999999999999911e-01
9.899999999999999911e-01
9.899999999999999911e-01
8.363428141197956078e-01
9.899999999999999911e-01
9.899999999999999911e-01
8.329223040398380240e-01
9.899999999999999911e-01
9.899999999999999911e-01
9.899999999999999911e-01
8.856863047591451155e-01
9.899999999999999911e-01
9.899999999999999911e-01
9.899999999999999911e-01
9.474287323766051871e-01
9.899999999999999911e-01
9.899999999999999911e-01
9.899999999999999911e-01
8.597715517313687661e-01
9.899999999999999911e-01
9.899999999999999911e-01
9.899999999999999911e-01
8.648245004320204155e-01
9.899999999999999911e-01
9.899999999999999911e-01
9.899999999999999911e-01
8.877530854425066398e-01
9.899999999999999911e-01
9.899999999999999911e-01
9.899999999999999911e-01
8.122645300336690521e-01
9.899999999999999911e-01
9.899999999999999911e-01
9.899999999999999911e-01
8.255550995952843918e-01
9.899999999999999911e-01
9.899999999999999911e-01
9.899999999999999911e-01
9.012779766029479500e-01
9.899999999999999911e-01
9.899999999999999911e-01
9.899999999999999911e-01
8.342790827964796652e-01
9.899999999999999911e-01
9.899999999999999911e-01
9.899999999999999911e-01
8.456206724361868821e-01
9.899999999999999911e-01
9.899999999999999911e-01
8.997800140936352831e-01
9.899999999999999911e-01
9.899999999999999911e-01
9.899999999999999911e-01
