9.307014177470086524e-01
9.899999999999999911e-01
9.899999999999999911e-01
9.899999999999998801e-01
7.599910649190141365e-01
9.899999999999999911e-01
9.899999999999999911e-01
9.899999999999999911e-01
8.878762265357786898e-01
9.899999999999999911e-01
9.899999999999999911e-01
9.899999999999999911e-01
8.402111555188334080e-01
9.899999999999999911e-01
9.899999999999999911e-01
9.899999999999999911e-01
9.149378946882630315e-01
9.899999999999999911e-01
9.899999999999999911e-01
9.899999999999999911e-01
8.475000860791389590e-01
9.899999999999999911e-01
9.899999999999999911e-01
9.899999999999999911e-01
9.274259874046216767e-01
9.899999999999999911e-01
9.899999999999999911e-01
9.899999999999999911e-01
8.996600016572243730e-01
9.899999999999999911e-01
9.899999999999999911e-01
9.899999999999999911e-01
9.104236395293995310e-01
9.899999999999999911e-01
9.899999999999999911e-01
9.899999999999999911e-01
9.301539446881399442e-01
9.899999999999999911e-01
9.899999999999999911e-01
9.899999999999999911e-01
9.121568743488105424e-01
9.899999999999999911e-01
9.899999999999999911e-01
9.899999999999999911e-01
9.264274287658402773e-01
9.899999999999999911e-01
9.899999999999999911e-01
9.899999999999999911e-01
9.281078731909189194e-01
9.899999999999999911e-01
9.899999999999999911e-01
9.899999999999999911e-01
9.158860889992690435e-01
9.899999999999999911e-01
9.899999999999999911e-01
9.899999999999999911e-01
7.507632509371731100e-01
9.899999999999999911e-01
9.899999999999999911e-01
9.899999999999999911e-01
8.244263399127343961e-01
9.899999999999999911e-01
9.899999999999999911e-01
9.899999999999999911e-01
7.773419724967121081e-01
9.899999999999999911e-01
9.899999999999999911e-01
9.899999999999999911e-01
8.079893863425769984e-01
9.899999999999999911e-01
9.899999999999999911e-01
9.899999999999999911e-01
9.122784709563507288e-01
9.899999999999999911e-01
9.899999999999999911e-01
9.899999999999999911e-01
9.305604022632932848e-01
9.899999999999999911e-01
9.899999999999987699e-01
9.899999999999999911e-01
8.890024390525042008e-01
9.899999999999999911e-01
9.899999999999999911e-01
9.899999999999999911e-01
8.669323437420748402e-01
9.899999999999999911e-01
9.899999999999999911e-01
9.899999999999999911e-01
9.154858960700497095e-01
9.899999999999999911e-01
9.899999999999999911e-01
9.899999999999999911e-01
8.667720778240892709e-01
9.899999999999999911e-01
9.899999999999999911e-01
9.899999999999999911e-01
8.185368994707890034e-01
9.899999999999999911e-01
9.899999999999999911e-01
9.899999999999999911e-01
8.444854888230463041e-01
9.899999999999999911e-01
9.899999999999999911e-01
9.899999999999999911e-01
8.592586466001657097e-01
9.899999999999999911e-01
9.899999999999999911e-01
9.899999999999999911e-01
8.379609570488100179e-01
9.899999999999999911e-01
8.181686930912661637e-01
9.899999999999999911e-01
9.899999999999999911e-01
9.899999999999999911e-01
9.247423846883838783e-01
9.899999999999999911e-01
7.479534562033072209e-01
9.899999999999999911e-01
9.899999999999999911e-01
9.899999999999999911e-01
7.968037972915825717e-01
9.899999999999999911e-01
9.899999999999999911e-01
9.899999999999999911e-01
7.597601284790208576e-01
9.899999999999999911e-01
9.899999999999999911e-01
9.899999999999999911e-01
7.714569758156496482e-01
9.899999999999999911e-01
9.899999999999999911e-01
9.899999999999999911e-01
8.613960784071955645e-01
9.899999999999999911e-01
9.899999999999999911e-01
9.899999999999999911e-01
8.820962457176566573e-01
9.899999999999999911e-01
9.899999999999999911e-01
9.899999999999999911e-01
8.899167019706442083e-01
9.899999999999999911e-01
9.899999999999999911e-01
8.645532877047484854e-01
9.899999999999999911e-01
9.899999999999999911e-01
9.899999999999999911e-01
8.480134420034960430e-01
9.899999999999999911e-01
9.899999999999999911e-01
9.516111682185922627e-01
9.899999999999999911e-01
9.899999999999999911e-01
9.899999999999999911e-01
8.725259117899994976e-01
9.899999999999999911e-01
9.899999999999999911e-01
9.899999999999999911e-01
9.899999999999999911e-01
9.899999999999999911e-01
8.966934586736422519e-01
9.899999999999999911e-01
9.899999999999999911e-01
9.899999999999999911e-01
9.062495769897001008e-01
9.899999999999999911e-01
9.899999999999999911e-01
9.899999999999999911e-01
9.899999999999999911e-01
9.392389428714073007e-01
9.899999999999999911e-01
9.899999999999999911e-01
9.899999999999999911e-01
9.899999999999999911e-01
8.682782898141655492e-01
9.899999999999999911e-01
9.899999999999999911e-01
9.899999999999999911e-01
8.945522195512745078e-01
9.899999999999999911e-01
9.899999999999999911e-01
9.899999999999999911e-01
9.448861480860931694e-01
9.899999999999999911e-01
9.899999999999999911e-01
9.899999999999999911e-01
9.899999999999999911e-01
9.899999999999999911e-01
9.277096113474412320e-01
9.899999999999999911e-01
9.899999999999999911e-01
9.899999999999999911e-01
8.366629656539759097e-01
9.899999999999999911e-01
9.899999999999999911e-01
9.899999999999999911e-01
8.587985190444400452e-01
9.899999999999999911e-01
9.899999999999999911e-01
9.899999999999999911e-01
7.417377801011451055e-01
9.899999999999999911e-01
9.899999999999999911e-01
9.899999999999999911e-01
9.899999999999999911e-01
9.899999999999999911e-01
9.899999999999999911e-01
9.623691466533709216e-01
9.899999999999999911e-01
9.899999999999999911e-01
9.899999999999999911e-01
8.928573431611186439e-01
9.899999999999999911e-01
9.899999999999999911e-01
9.899999999999999911e-01
7.780956930926483661e-01
9.899999999999999911e-01
9.899999999999999911e-01
9.231392001416790505e-01
9.899999999999999911e-01
9.899999999999999911e-01
7.914768887859834345e-01
9.899999999999999911e-01
9.899999999999999911e-01
9.130089754407519909e-01
9.899999999999999911e-01
9.899999999999999911e-01
9.899999999999999911e-01
7.385065200358220672e-01
9.899999999999999911e-01
9.899999999999999911e-01
9.899999999999999911e-01
9.403594934152561535e-01
9.899999999999999911e-01
9.899999999999999911e-01
9.899999999999999911e-01
7.463881795047222489e-01
9.899999999999999911e-01
9.899999999999999911e-01
9.899999999999999911e-01
7.672254643225613346e-01
9.899999999999999911e-01
9.899999999999999911e-01
9.899999999999999911e-01
8.479784046167025968e-01
9.899999999999999911e-01
9.899999999999999911e-01
9.899999999999999911e-01
8.390876167702780997e-01
8.313711264193835992e-01
9.899999999999999911e-01
9.899999999999999911e-01
9.899999999999999911e-01
8.393674595984460529e-01
9.899999999999999911e-01
9.899999999999999911e-01
9.899999999999999911e-01
8.102807622928716036e-01
9.899999999999999911e-01
9.899999999999999911e-01
9.899999999999999911e-01
8.672246844316063852e-01
9.899999999999999911e-01
9.899999999999999911e-01
9.899999999999999911e-01
9.087717305256165501e-01
9.899999999999999911e-01
9.899999999999999911e-01
9.899999999999999911e-01
8.276351724495748519e-01
9.899999999999999911e-01
9.899999999999999911e-01
9.899999999999999911e-01
9.391392345896379945e-01
9.899999999999999911e-01
9.899999999999999911e-01
9.899999999999999911e-01
8.877275396410020392e-01
9.899999999999999911e-01
9.899999999999999911e-01
9.899999999999999911e-01
9.387855042921322557e-01
9.899999999999999911e-01
9.899999999999999911e-01
9.899999999999999911e-01
7.450330559475909498e-01
9.899999999999999911e-01
9.899999999999999911e-01
9.899999999999999911e-01
9.108627529187171001e-01
9.899999999999999911e-01
9.899999999999999911e-01
9.899999999999999911e-01
9.317788795948145353e-01
9.899999999999999911e-01
9.899999999999999911e-01
9.899999999999999911e-01
7.334909656585999471e-01
9.899999999999999911e-01
9.899999999999999911e-01
9.899999999999999911e-01
8.324327622756031442e-01
9.899999999999999911e-01
9.899999999999999911e-01
9.899999999999999911e-01
8.095973703337450145e-01
9.899999999999999911e-01
9.899999999999999911e-01
9.899999999999999911e-01
9.233694391179044780e-01
9.899999999999999911e-01
9.899999999999999911e-01
9.899999999999999911e-01
8.482367485339983304e-01
9.899999999999999911e-01
9.899999999999999911e-01
9.899999999999999911e-01
7.852578091908156699e-01
9.899999999999999911e-01
9.899999999999999911e-01
9.899999999999999911e-01
8.666690253229429874e-01
9.899999999999999911e-01
9.899999999999999911e-01
9.899999999999999911e-01
8.642996617958104144e-01
9.899999999999999911e-01
9.899999999999999911e-01
9.899999999999999911e-01
8.607776611195636640e-01
9.899999999999999911e-01
9.899999999999999911e-01
9.899999999999999911e-01
8.773355688712887179e-01
9.899999999999999911e-01
9.899999999999999911e-01
9.899999999999999911e-01
9.899999999999999911e-01
9.899999999999999911e-01
9.899999999999999911e-01
9.899999999999999911e-01
8.766679939157525636e-01
9.899999999999999911e-01
9.899999999999999911e-01
9.899999999999999911e-01
8.763146143817623912e-01
9.899999999999999911e-01
9.899999999999999911e-01
9.899999999999999911e-01
9.694113384249861687e-01
9.899999999999999911e-01
9.899999999999999911e-01
9.899999999999999911e-01
8.032982069003673509e-01
9.899999999999999911e-01
9.899999999999999911e-01
9.899999999999999911e-01
9.899999999999999911e-01
7.291060718729873713e-01
9.899999999999999911e-01
9.899999999999999911e-01
9.899999999999999911e-01
7.807160598114539773e-01
9.899999999999999911e-01
9.899999999999999911e-01
9.899999999999999911e-01
9.401631319001001463e-01
9.899999999999999911e-01
9.899999999999999911e-01
9.899999999999999911e-01
9.230982494031333419e-01
9.899999999999999911e-01
9.899999999999999911e-01
7.833378845754997988e-01
9.899999999999999911e-01
9.899999999999999911e-01
9.899999999999999911e-01
9.148415527307878214e-01
9.899999999999999911e-01
9.899999999999999911e-01
9.899999999999999911e-01
7.512207113137061576e-01
9.899999999999999911e-01
9.899999999999999911e-01
9.899999999999999911e-01
9.282963902627914266e-01
9.899999999999999911e-01
9.899999999999999911e-01
8.308629317638293044e-01
9.899999999999999911e-01
9.899999999999999911e-01
9.899999999999999911e-01
8.427058331922313572e-01
9.899999999999999911e-01
9.899999999999999911e-01
9.899999999999999911e-01
7.739136790712223268e-01
9.899999999999999911e-01
9.416114831795427964e-01
9.899999999999999911e-01
9.899999999999999911e-01
9.899999999999999911e-01
7.822690792490516465e-01
9.899999999999999911e-01
9.899999999999999911e-01
9.899999999999999911e-01
8.759578537737364723e-01
9.353131644905969821e-01
9.899999999999999911e-01
9.899999999999999911e-01
9.389500686202262303e-01
9.899999999999999911e-01
9.899999999999999911e-01
9.899999999999999911e-01
8.298682174573212000e-01
9.899999999999999911e-01
9.899999999999999911e-01
9.899999999999999911e-01
8.909045712107852566e-01
9.899999999999999911e-01
9.899999999999999911e-01
9.899999999999999911e-01
7.679178085134290566e-01
9.899999999999999911e-01
9.899999999999999911e-01
9.899999999999999911e-01
9.132851801010027915e-01
9.899999999999999911e-01
9.899999999999999911e-01
9.899999999999999911e-01
8.922212151496973220e-01
9.899999999999999911e-01
9.899999999999999911e-01
9.899999999999999911e-01
7.729167619241481546e-01
9.899999999999999911e-01
9.899999999999999911e-01
9.899999999999999911e-01
8.050285329012020208e-01
9.899999999999999911e-01
9.899999999999999911e-01
9.899999999999999911e-01
9.899999999999999911e-01
9.899999999999999911e-01
9.153081737064889811e-01
9.899999999999999911e-01
9.899999999999999911e-01
9.899999999999999911e-01
8.786268245262688348e-01
9.899999999999999911e-01
9.899999999999999911e-01
9.147960502754280965e-01
9.899999999999999911e-01
9.899999999999999911e-01
9.899999999999999911e-01
8.699535231339063923e-01
9.899999999999999911e-01
7.870793457106507462e-01
9.899999999999999911e-01
9.899999999999999911e-01
9.899999999999999911e-01
9.746463681540056267e-01
9.899999999999999911e-01
9.899999999999999911e-01
9.899999999999999911e-01
8.847151783381093093e-01
9.899999999999999911e-01
9.899999999999999911e-01
9.899999999999999911e-01
7.951846725065965238e-01
9.899999999999999911e-01
9.899999999999999911e-01
9.899999999999999911e-01
7.591702335972575488e-01
9.899999999999999911e-01
9.899999999999999911e-01
9.899999999999999911e-01
9.025573012985877996e-01
9.899999999999999911e-01
9.899999999999999911e-01
9.899999999999999911e-01
8.026495665966373316e-01
9.899999999999999911e-01
9.899999999999999911e-01
9.899999999999999911e-01
9.123511995574186129e-01
9.899999999999999911e-01
9.899999999999999911e-01
9.899999999999999911e-01
8.256644697694603963e-01
9.899999999999999911e-01
9.899999999999999911e-01
9.899999999999999911e-01
7.750942122847862548e-01
9.899999999999999911e-01
9.899999999999999911e-01
9.899999999999999911e-01
9.368222180836924817e-01
9.899999999999999911e-01
9.899999999999999911e-01
9.899999999999999911e-01
7.637358573045630594e-01
9.899999999999999911e-01
9.899999999999999911e-01
9.899999999999999911e-01
9.762586830076630529e-01
9.899999999999999911e-01
9.899999999999999911e-01
9.899999999999999911e-01
8.228962156903039116e-01
9.899999999999999911e-01
9.899999999999999911e-01
9.899999999999999911e-01
8.937434313589067703e-01
9.899999999999999911e-01
9.899999999999999911e-01
9.899999999999999911e-01
7.440144583600538652e-01
9.899999999999999911e-01
9.899999999999999911e-01
9.899999999999999911e-01
9.326522369959784342e-01
9.899999999999999911e-01
9.899999999999999911e-01
9.899999999999999911e-01
8.001745376758159223e-01
9.899999999999999911e-01
9.899999999999999911e-01
9.899999999999999911e-01
8.361302791978363347e-01
9.899999999999999911e-01
9.899999999999999911e-01
9.899999999999999911e-01
8.227446131905813420e-01
9.899999999999999911e-01
9.899999999999999911e-01
9.899999999999999911e-01
7.598298033679781183e-01
9.899999999999999911e-01
9.899999999999999911e-01
9.899999999999999911e-01
8.184012840646821552e-01
9.899999999999999911e-01
9.899999999999999911e-01
9.899999999999999911e-01
7.516220452694052367e-01
9.899999999999999911e-01
9.899999999999999911e-01
9.899999999999999911e-01
8.192890380587991572e-01
9.899999999999999911e-01
9.899999999999999911e-01
9.899999999999999911e-01
9.073095698761359795e-01
9.899999999999999911e-01
9.899999999999999911e-01
7.453620293935575569e-01
9.899999999999999911e-01
9.899999999999999911e-01
9.899999999999999911e-01
7.397311568261201176e-01
8.210971041923202929e-01
9.899999999999999911e-01
9.899999999999999911e-01
9.899999999999999911e-01
9.017617014910478401e-01
9.899999999999999911e-01
9.899999999999999911e-01
9.899999999999999911e-01
7.903482150837869424e-01
9.899999999999999911e-01
9.899999999999999911e-01
9.899999999999999911e-01
7.683023555118277947e-01
9.899999999999999911e-01
9.899999999999999911e-01
9.899999999999999911e-01
7.623960773740936503e-01
9.899999999999999911e-01
9.899999999999999911e-01
9.899999999999999911e-01
8.577577279838684010e-01
9.899999999999999911e-01
9.899999999999999911e-01
9.899999999999999911e-01
7.283359371423574480e-01
9.899999999999999911e-01
9.899999999999999911e-01
9.899999999999999911e-01
8.081482512239049898e-01
9.899999999999999911e-01
9.899999999999999911e-01
9.899999999999999911e-01
8.042022043660393971e-01
9.899999999999999911e-01
9.899999999999999911e-01
9.899999999999999911e-01
9.216606149497986733e-01
9.899999999999999911e-01
9.899999999999999911e-01
9.899999999999999911e-01
8.367023819549069819e-01
9.899999999999999911e-01
9.899999999999999911e-01
9.899999999999999911e-01
9.295604702463817759e-01
9.899999999999999911e-01
9.899999999999999911e-01
8.639013687589067736e-01
9.899999999999999911e-01
9.899999999999999911e-01
9.899999999999999911e-01
8.336216326951717548e-01
9.899999999999999911e-01
9.899999999999999911e-01
8.726612854332502778e-01
9.899999999999999911e-01
9.899999999999999911e-01
9.899999999999999911e-01
8.370018217055150700e-01
9.899999999999999911e-01
9.899999999999999911e-01
9.899999999999999911e-01
7.429836891617294103e-01
9.899999999999999911e-01
9.899999999999999911e-01
9.899999999999999911e-01
8.278771896100604044e-01
9.899999999999999911e-01
8.906918874455352908e-01
9.899999999999999911e-01
9.899999999999999911e-01
9.899999999999999911e-01
7.680136388073866005e-01
9.899999999999999911e-01
9.899999999999999911e-01
9.899999999999999911e-01
7.404380415414395511e-01
9.899999999999999911e-01
9.899999999999999911e-01
9.899999999999999911e-01
8.008583518896073006e-01
9.899999999999999911e-01
9.899999999999999911e-01
9.899999999999999911e-01
7.962443311419493686e-01
9.899999999999999911e-01
9.899999999999999911e-01
8.564752203360215255e-01
9.899999999999999911e-01
9.899999999999999911e-01
9.123850146260146232e-01
9.899999999999999911e-01
9.899999999999999911e-01
9.899999999999999911e-01
8.285253479446615943e-01
9.899999999999999911e-01
9.899999999999999911e-01
9.899999999999999911e-01
7.780325266602338141e-01
9.899999999999999911e-01
9.899999999999999911e-01
9.899999999999999911e-01
8.760444663731368209e-01
9.899999999999999911e-01
9.899999999999999911e-01
9.899999999999999911e-01
9.214832543652373698e-01
9.899999999999999911e-01
9.899999999999999911e-01
7.761664212377483718e-01
9.899999999999999911e-01
9.899999999999999911e-01
9.899999999999999911e-01
8.241925215826306772e-01
9.899999999999999911e-01
9.899999999999999911e-01
9.899999999999999911e-01
8.298972385542339181e-01
9.899999999999999911e-01
9.899999999999999911e-01
9.899999999999999911e-01
7.697833360541163072e-01
9.899999999999999911e-01
9.899999999999999911e-01
9.899999999999999911e-01
8.666527330847367816e-01
9.899999999999999911e-01
9.899999999999999911e-01
9.899999999999999911e-01
7.678275359080938278e-01
9.899999999999999911e-01
9.899999999999999911e-01
9.899999999999999911e-01
9.052603641603242934e-01
9.899999999999999911e-01
9.899999999999999911e-01
9.899999999999999911e-01
7.902530277598516228e-01
9.899999999999999911e-01
9.899999999999999911e-01
9.899999999999999911e-01
8.419220632231682044e-01
9.899999999999999911e-01
9.899999999999999911e-01
9.899999999999999911e-01
8.730711292368514842e-01
9.899999999999999911e-01
9.899999999999999911e-01
9.899999999999999911e-01
7.710088015500590197e-01
9.899999999999999911e-01
9.899999999999999911e-01
9.899999999999999911e-01
8.764062301230246543e-01
9.899999999999999911e-01
8.086705633727209186e-01
9.899999999999999911e-01
9.899999999999999911e-01
9.899999999999999911e-01
8.917142990668717184e-01
9.899999999999999911e-01
9.899999999999999911e-01
9.899999999999999911e-01
7.940274279220808085e-01
9.899999999999999911e-01
9.899999999999999911e-01
7.417626351227922799e-01
9.899999999999999911e-01
9.899999999999999911e-01
9.899999999999999911e-01
7.401857411658538943e-01
9.899999999999999911e-01
9.899999999999999911e-01
9.899999999999999911e-01
8.310452810684924030e-01
9.899999999999999911e-01
9.899999999999999911e-01
9.035553819074640947e-01
9.899999999999999911e-01
9.899999999999999911e-01
9.899999999999999911e-01
8.986426812257959362e-01
9.899999999999999911e-01
9.899999999999999911e-01
7.751559754932000335e-01
9.899999999999999911e-01
9.899999999999999911e-01
9.899999999999999911e-01
9.750985699716158139e-01
9.899999999999999911e-01
9.899999999999999911e-01
9.899999999999999911e-01
7.720977560701965947e-01
9.899999999999999911e-01
9.899999999999999911e-01
9.899999999999999911e-01
8.171804649635876494e-01
9.899999999999999911e-01
9.899999999999999911e-01
9.899999999999999911e-01
9.186936808492945916e-01
9.899999999999999911e-01
9.899999999999999911e-01
9.899999999999999911e-01
8.685397188791730283e-01
9.899999999999999911e-01
9.899999999999999911e-01
8.649763078038441577e-01
9.899999999999999911e-01
9.899999999999999911e-01
9.899999999999999911e-01
8.481310302745342922e-01
9.899999999999999911e-01
9.899999999999999911e-01
9.899999999999999911e-01
7.648941138860602118e-01
9.899999999999999911e-01
9.899999999999999911e-01
9.899999999999999911e-01
8.465506066178453137e-01
9.899999999999999911e-01
7.505402003553608425e-01
9.899999999999999911e-01
9.899999999999999911e-01
8.343407464066018298e-01
9.899999999999999911e-01
9.899999999999999911e-01
9.899999999999999911e-01
9.196785512028939902e-01
9.899999999999999911e-01
9.899999999999999911e-01
9.899999999999999911e-01
8.834689856146524800e-01
9.899999999999999911e-01
9.899999999999999911e-01
7.879451811557581786e-01
9.899999999999999911e-01
9.899999999999999911e-01
9.899999999999999911e-01
9.205065008115620451e-01
9.899999999999999911e-01
9.899999999999999911e-01
9.899999999999999911e-01
7.985567007328172595e-01
9.899999999999999911e-01
9.899999999999999911e-01
9.263348501650963129e-01
9.899999999999999911e-01
9.899999999999999911e-01
9.899999999999999911e-01
7.752363592709367035e-01
9.899999999999999911e-01
9.899999999999999911e-01
9.135483064073348647e-01
9.899999999999999911e-01
9.899999999999999911e-01
9.899999999999999911e-01
8.397026332075698818e-01
9.899999999999999911e-01
9.899999999999999911e-01
9.899999999999999911e-01
9.271769108954848182e-01
9.899999999999999911e-01
9.899999999999999911e-01
9.899999999999999911e-01
8.518771622364068596e-01
9.899999999999999911e-01
9.899999999999999911e-01
9.899999999999999911e-01
8.145982105871664158e-01
9.899999999999999911e-01
9.899999999999999911e-01
9.899999999999999911e-01
9.155655921087302307e-01
9.899999999999999911e-01
9.899999999999999911e-01
9.899999999999999911e-01
8.309205418487214390e-01
9.899999999999999911e-01
9.899999999999999911e-01
9.320287606126466118e-01
9.899999999999999911e-01
9.899999999999999911e-01
9.899999999999999911e-01
8.823424712141758608e-01
9.899999999999999911e-01
8.899765657910897465e-01
9.899999999999999911e-01
9.899999999999999911e-01
9.899999999999999911e-01
7.705144290291277009e-01
9.899999999999999911e-01
9.899999999999999911e-01
9.899999999999999911e-01
9.194598817454409101e-01
9.899999999999999911e-01
9.899999999999999911e-01
9.899999999999999911e-01
8.822896180384344200e-01
9.899999999999999911e-01
9.899999999999999911e-01
7.675924661779447433e-01
9.899999999999999911e-01
9.899999999999999911e-01
9.899999999999999911e-01
9.138339730610179901e-01
9.899999999999999911e-01
9.899999999999999911e-01
9.899999999999999911e-01
9.162656381360512192e-01
9.899999999999999911e-01
9.899999999999999911e-01
9.899999999999999911e-01
8.749592104054435548e-01
9.899999999999999911e-01
9.899999999999999911e-01
9.899999999999999911e-01
7.635726922653607307e-01
9.899999999999999911e-01
9.899999999999999911e-01
9.899999999999999911e-01
7.783959280548657933e-01
9.899999999999999911e-01
9.899999999999999911e-01
9.899999999999999911e-01
7.870228313368388129e-01
9.899999999999999911e-01
9.899999999999999911e-01
7.586201706676959367e-01
9.899999999999999911e-01
9.899999999999999911e-01
9.899999999999999911e-01
8.992481761409149010e-01
9.899999999999999911e-01
9.899999999999999911e-01
7.394248772693663430e-01
9.899999999999999911e-01
9.899999999999999911e-01
9.899999999999999911e-01
9.151251495606333997e-01
9.899999999999999911e-01
7.548883482644158649e-01
9.899999999999999911e-01
9.899999999999999911e-01
7.446866616642890957e-01
9.899999999999999911e-01
9.899999999999999911e-01
9.063291310942963586e-01
9.899999999999999911e-01
9.899999999999999911e-01
9.171108701521687445e-01
9.899999999999999911e-01
9.899999999999999911e-01
9.899999999999999911e-01
9.328785009410228701e-01
9.899999999999999911e-01
9.899999999999999911e-01
7.877450216833233876e-01
9.899999999999999911e-01
9.899999999999999911e-01
9.899999999999999911e-01
8.147187501894470607e-01
9.899999999999999911e-01
9.899999999999999911e-01
9.899999999999999911e-01
8.496283373145575579e-01
9.899999999999999911e-01
9.899999999999999911e-01
9.899999999999999911e-01
9.326241061367674945e-01
9.899999999999999911e-01
9.899999999999999911e-01
8.944178590646304494e-01
9.899999999999999911e-01
9.899999999999999911e-01
9.899999999999999911e-01
8.883141879271768682e-01
9.899999999999999911e-01
9.899999999999999911e-01
8.995202192419896603e-01
9.899999999999999911e-01
9.899999999999999911e-01
9.899999999999999911e-01
9.500228615051544701e-01
9.899999999999999911e-01
9.899999999999999911e-01
9.899999999999999911e-01
9.899999999999999911e-01
9.899999999999999911e-01
9.113149537563621783e-01
9.899999999999999911e-01
9.899999999999999911e-01
7.781177555047447125e-01
9.899999999999999911e-01
9.899999999999999911e-01
9.899999999999999911e-01
8.268307713143141502e-01
9.899999999999999911e-01
9.899999999999999911e-01
9.899999999999999911e-01
8.248048453758957121e-01
9.899999999999999911e-01
7.277480581792529213e-01
9.899999999999999911e-01
9.899999999999999911e-01
8.832150950160843061e-01
9.899999999999999911e-01
9.899999999999999911e-01
9.899999999999999911e-01
8.611481291316743780e-01
9.899999999999999911e-01
9.899999999999999911e-01
9.899999999999999911e-01
8.163585181892111242e-01
9.899999999999999911e-01
9.899999999999999911e-01
8.133711926322950703e-01
9.899999999999999911e-01
9.899999999999999911e-01
9.899999999999999911e-01
8.652821939020467479e-01
9.899999999999999911e-01
9.899999999999999911e-01
9.899999999999999911e-01
9.279227412733433988e-01
9.899999999999999911e-01
9.899999999999999911e-01
9.899999999999999911e-01
8.390131912846189310e-01
9.899999999999999911e-01
9.899999999999999911e-01
9.899999999999999911e-01
8.442457522884505572e-01
9.899999999999999911e-01
9.899999999999999911e-01
9.899999999999999911e-01
8.682879112303967251e-01
9.899999999999999911e-01
9.899999999999999911e-01
9.899999999999999911e-01
7.922387412671304530e-01
9.899999999999999911e-01
9.899999999999999911e-01
9.899999999999999911e-01
8.048621171146022046e-01
9.899999999999999911e-01
9.899999999999999911e-01
9.899999999999999911e-01
8.818124383467167426e-01
9.899999999999999911e-01
9.899999999999999911e-01
9.899999999999999911e-01
8.143962424584411108e-01
9.899999999999999911e-01
9.899999999999999911e-01
9.899999999999999911e-01
8.313968532010064250e-01
9.899999999999999911e-01
9.899999999999999911e-01
8.875095173221025924e-01
9.899999999999999911e-01
9.899999999999999911e-01
9.899999999999999911e-01
