9.295816114172403832e-01
9.899999999999999911e-01
9.899999999999999911e-01
9.899999999999997691e-01
7.575575637323436196e-01
9.899999999999999911e-01
9.899999999999999911e-01
9.899999999999999911e-01
8.865347032928223570e-01
9.899999999999999911e-01
9.899999999999999911e-01
9.899999999999999911e-01
8.378016485561126103e-01
9.899999999999999911e-01
9.899999999999999911e-01
9.899999999999999911e-01
9.123555109268921548e-01
9.899999999999999911e-01
9.899999999999999911e-01
9.899999999999999911e-01
8.451047548893128036e-01
9.899999999999999911e-01
9.899999999999999911e-01
9.899999999999999911e-01
9.247313585875107655e-01
9.899999999999999911e-01
9.899999999999999911e-01
9.899999999999999911e-01
8.969667022694042258e-01
9.899999999999999911e-01
9.899999999999999911e-01
9.899999999999999911e-01
9.077413271671816997e-01
9.899999999999999911e-01
9.899999999999999911e-01
9.899999999999999911e-01
9.277800171554982933e-01
9.899999999999999911e-01
9.899999999999999911e-01
9.899999999999999911e-01
9.094733679255018188e-01
9.899999999999999911e-01
9.899999999999999911e-01
9.899999999999999911e-01
9.243138514441106013e-01
9.899999999999999911e-01
9.899999999999999911e-01
9.899999999999999911e-01
9.257008512909442599e-01
9.899999999999999911e-01
9.899999999999999911e-01
9.899999999999999911e-01
9.133541341218585075e-01
9.899999999999999911e-01
9.899999999999999911e-01
9.899999999999999911e-01
7.483683479064210387e-01
9.899999999999999911e-01
9.899999999999999911e-01
9.899999999999999911e-01
8.218339758027825015e-01
9.899999999999999911e-01
9.899999999999999911e-01
9.899999999999999911e-01
7.748829277839563989e-01
9.899999999999999911e-01
9.899999999999999911e-01
9.899999999999999911e-01
8.055784533300959227e-01
9.899999999999999911e-01
9.899999999999999911e-01
9.899999999999999911e-01
9.098358008756671778e-01
9.899999999999999911e-01
9.899999999999999911e-01
9.899999999999999911e-01
9.290131068968926487e-01
9.899999999999999911e-01
9.899999999999999911e-01
9.899999999999999911e-01
8.871723868346735875e-01
9.899999999999999911e-01
9.899999999999999911e-01
9.899999999999999911e-01
8.645198088193786212e-01
9.899999999999999911e-01
9.899999999999999911e-01
9.899999999999999911e-01
9.130686316369612809e-01
9.899999999999999911e-01
9.899999999999999911e-01
9.899999999999999911e-01
8.643137059280784351e-01
9.899999999999999911e-01
9.899999999999999911e-01
9.899999999999999911e-01
8.158617256427355136e-01
9.899999999999999911e-01
9.899999999999999911e-01
9.899999999999999911e-01
8.418493551370895833e-01
9.899999999999999911e-01
9.899999999999999911e-01
9.899999999999999911e-01
8.567485549880793361e-01
9.899999999999999911e-01
9.899999999999999911e-01
9.899999999999999911e-01
8.355948484887076866e-01
9.899999999999999911e-01
8.155362465064304178e-01
9.899999999999999911e-01
9.899999999999999911e-01
9.899999999999999911e-01
9.226367421804053670e-01
9.899999999999999911e-01
7.455187184506310016e-01
9.899999999999999911e-01
9.899999999999999911e-01
9.899999999999999911e-01
7.942897468832553765e-01
9.899999999999999911e-01
9.899999999999999911e-01
9.899999999999999911e-01
7.570608497599015108e-01
9.899999999999999911e-01
9.899999999999999911e-01
9.899999999999999911e-01
7.688662290240508845e-01
9.899999999999999911e-01
9.899999999999999911e-01
9.899999999999999911e-01
8.587096830022514782e-01
9.899999999999999911e-01
9.899999999999999911e-01
9.899999999999999911e-01
8.796791596814569347e-01
9.899999999999999911e-01
9.899999999999999911e-01
9.899999999999999911e-01
8.886799529449123103e-01
9.899999999999999911e-01
9.899999999999999911e-01
8.629577845922778989e-01
9.899999999999999911e-01
9.899999999999999911e-01
9.899999999999999911e-01
8.464304687351237311e-01
9.899999999999999911e-01
9.899999999999999911e-01
9.509159417146829663e-01
9.899999999999999911e-01
9.899999999999999911e-01
9.899999999999999911e-01
8.706228814367508173e-01
9.899999999999999911e-01
9.899999999999999911e-01
9.899999999999999911e-01
9.899999999999999911e-01
9.899999999999999911e-01
8.949790505820810482e-01
9.899999999999999911e-01
9.899999999999999911e-01
9.899999999999999911e-01
9.042854350149972520e-01
9.899999999999999911e-01
9.899999999999999911e-01
9.899999999999999911e-01
9.899999999999999911e-01
9.369809546038683212e-01
9.899999999999999911e-01
9.899999999999999911e-01
9.899999999999999911e-01
9.899999999999999911e-01
8.663637520323632657e-01
9.899999999999999911e-01
9.884863588769912113e-01
9.899999999999999911e-01
8.929102058377681450e-01
9.899999999999999911e-01
9.899999999999999911e-01
9.899999999999999911e-01
9.428288984474447743e-01
9.899999999999999911e-01
9.899999999999999911e-01
9.899999999999999911e-01
9.899999999999999911e-01
9.899999999999999911e-01
9.256018172500670715e-01
9.899999999999999911e-01
9.899999999999999911e-01
9.899999999999999911e-01
8.346658297377910207e-01
9.899999999999999911e-01
9.899999999999999911e-01
9.899999999999999911e-01
8.561007943412001220e-01
9.899999999999999911e-01
9.899999999999999911e-01
9.899999999999999911e-01
7.391080566501408988e-01
9.899999999999999911e-01
9.899999999999999911e-01
9.899999999999999911e-01
9.899999999999999911e-01
9.899999999999999911e-01
9.899999999999999911e-01
9.618097389370756645e-01
9.899999999999999911e-01
9.899999999999999911e-01
9.899999999999999911e-01
8.904146220882166451e-01
9.899999999999999911e-01
9.899999999999999911e-01
9.899999999999999911e-01
7.758932361710086933e-01
9.899999999999999911e-01
9.899999999999999911e-01
9.212038270280891172e-01
9.899999999999999911e-01
9.899999999999999911e-01
7.891930041713389743e-01
9.899999999999999911e-01
9.899999999999999911e-01
9.109988972140198316e-01
9.899999999999999911e-01
9.899999999999999911e-01
9.899999999999999911e-01
7.359778999639434716e-01
9.899999999999999911e-01
9.899999999999999911e-01
9.899999999999999911e-01
9.386733835599488929e-01
9.899999999999999911e-01
9.899999999999999911e-01
9.899999999999999911e-01
7.438559145282943597e-01
9.899999999999999911e-01
9.899999999999999911e-01
9.899999999999999911e-01
7.645416996923847242e-01
9.899999999999999911e-01
9.899999999999999911e-01
9.899999999999999911e-01
8.452865271229281774e-01
9.899999999999999911e-01
9.899999999999999911e-01
9.899999999999999911e-01
8.371421918364989612e-01
8.287037639055597760e-01
9.899999999999999911e-01
9.899999999999999911e-01
9.899999999999999911e-01
8.368483410730420680e-01
9.899999999999999911e-01
9.899999999999999911e-01
9.899999999999999911e-01
8.078843601145258013e-01
9.899999999999999911e-01
9.899999999999999911e-01
9.899999999999999911e-01
8.648224135909787780e-01
9.899999999999999911e-01
9.899999999999999911e-01
9.899999999999999911e-01
9.063081431482507000e-01
9.899999999999999911e-01
9.899999999999999911e-01
9.899999999999999911e-01
8.252055523708211604e-01
9.899999999999999911e-01
9.899999999999999911e-01
9.899999999999999911e-01
9.367361697269639409e-01
9.899999999999999911e-01
9.899999999999999911e-01
9.899999999999999911e-01
8.862255810688836055e-01
9.899999999999999911e-01
9.899999999999999911e-01
9.899999999999999911e-01
9.362310414833324712e-01
9.899999999999999911e-01
9.885887322668023280e-01
9.899999999999999911e-01
7.425190015366650576e-01
9.899999999999999911e-01
9.899999999999999911e-01
9.899999999999999911e-01
9.084220361914339126e-01
9.899999999999999911e-01
9.899999999999999911e-01
9.899999999999999911e-01
9.291351301211664415e-01
9.899999999999999911e-01
9.899999999999999911e-01
9.899999999999999911e-01
7.307968249573628672e-01
9.899999999999999911e-01
9.899999999999999911e-01
9.899999999999999911e-01
8.297900647157284704e-01
9.899999999999999911e-01
9.899999999999999911e-01
9.899999999999999911e-01
8.071812869743033581e-01
9.899999999999999911e-01
9.899999999999999911e-01
9.899999999999999911e-01
9.209362676870038733e-01
9.899999999999999911e-01
9.899999999999999911e-01
9.899999999999999911e-01
8.457279455352568753e-01
9.899999999999999911e-01
9.899999999999999911e-01
9.899999999999999911e-01
7.826312694026961170e-01
9.899999999999999911e-01
9.899999999999999911e-01
9.899999999999999911e-01
8.641890027330436652e-01
9.899999999999999911e-01
9.899999999999999911e-01
9.899999999999999911e-01
8.619078876162372671e-01
9.899999999999999911e-01
9.899999999999999911e-01
9.899999999999999911e-01
8.580989043198329336e-01
9.899999999999999911e-01
9.899999999999999911e-01
9.899999999999999911e-01
8.746380639314940142e-01
9.899999999999999911e-01
9.899999999999999911e-01
9.899999999999999911e-01
9.899999999999999911e-01
9.892697752510736242e-01
9.899999999999999911e-01
9.899999999999999911e-01
8.749168598361087845e-01
9.899999999999999911e-01
9.899999999999999911e-01
9.899999999999999911e-01
8.736293827598518025e-01
9.899999999999999911e-01
9.899999999999999911e-01
9.899999999999999911e-01
9.690622359661980045e-01
9.899999999999999911e-01
9.899999999999999911e-01
9.899999999999999911e-01
8.012887847515640649e-01
9.899999999999999911e-01
9.899999999999999911e-01
9.899999999999999911e-01
9.899999999999999911e-01
7.264687875745865497e-01
9.899999999999999911e-01
9.899999999999999911e-01
9.899999999999999911e-01
7.784023519497811350e-01
9.899999999999999911e-01
9.899999999999999911e-01
9.899999999999999911e-01
9.377723985619670355e-01
9.899999999999999911e-01
9.899999999999999911e-01
9.899999999999999911e-01
9.204767730127805248e-01
9.899999999999999911e-01
9.899999999999999911e-01
7.806438255016457939e-01
9.899999999999999911e-01
9.899999999999999911e-01
9.899999999999999911e-01
9.122613657229338147e-01
9.899999999999999911e-01
9.899999999999999911e-01
9.899999999999999911e-01
7.488133293622569742e-01
9.875864485574683549e-01
9.899999999999999911e-01
9.899999999999999911e-01
9.260745441788148513e-01
9.899999999999999911e-01
9.899999999999999911e-01
8.281730948033554363e-01
9.899999999999999911e-01
9.899999999999999911e-01
9.899999999999999911e-01
8.402831760024964680e-01
9.899999999999999911e-01
9.899999999999999911e-01
9.899999999999999911e-01
7.715955285359870075e-01
9.899999999999999911e-01
9.404388283204843102e-01
9.899999999999999911e-01
9.899999999999999911e-01
9.899999999999999911e-01
7.798714586732822251e-01
9.899999999999999911e-01
9.899999999999999911e-01
9.899999999999999911e-01
8.735147185210364595e-01
9.327059287788830311e-01
9.899999999999999911e-01
9.899999999999999911e-01
9.365150452429772399e-01
9.899999999999999911e-01
9.899999999999999911e-01
9.899999999999999911e-01
8.274098805957286196e-01
9.899999999999999911e-01
9.899999999999999911e-01
9.899999999999999911e-01
8.885066618758383772e-01
9.899999999999999911e-01
9.899999999999999911e-01
9.899999999999999911e-01
7.652281035544129528e-01
9.899999999999999911e-01
9.899999999999999911e-01
9.899999999999999911e-01
9.107828539312831095e-01
9.899999999999999911e-01
9.899999999999999911e-01
9.899999999999999911e-01
8.898252470275767045e-01
9.899999999999999911e-01
9.899999999999999911e-01
9.899999999999999911e-01
7.702722666731411927e-01
9.899999999999999911e-01
9.899999999999999911e-01
9.899999999999999911e-01
8.025209331460274598e-01
9.899999999999999911e-01
9.899999999999999911e-01
9.899999999999999911e-01
9.899999999999999911e-01
9.899999999999999911e-01
9.133784217687986873e-01
9.899999999999999911e-01
9.899999999999999911e-01
9.899999999999999911e-01
8.765133407330206738e-01
9.899999999999999911e-01
9.899999999999999911e-01
9.122590262259068217e-01
9.899999999999999911e-01
9.899999999999999911e-01
9.899999999999999911e-01
8.679373989420311464e-01
9.899999999999999911e-01
7.844214721122492184e-01
9.899999999999999911e-01
9.899999999999999911e-01
9.899999999999999911e-01
9.743546100591898851e-01
9.899999999999999911e-01
9.899999999999996581e-01
9.899999999999999911e-01
8.821125670091244375e-01
9.899999999999999911e-01
9.899999999999999911e-01
9.899999999999999911e-01
7.925233589847735516e-01
9.899999999999999911e-01
9.899999999999999911e-01
9.899999999999999911e-01
7.564709785763042982e-01
9.899999999999999911e-01
9.899999999999999911e-01
9.899999999999999911e-01
9.004871960789925245e-01
9.899999999999999911e-01
9.899999999999999911e-01
9.899999999999999911e-01
7.999578179957338442e-01
9.899999999999999911e-01
9.899999999999999911e-01
9.899999999999999911e-01
9.097380226968507788e-01
9.899999999999999911e-01
9.899999999999999911e-01
9.899999999999999911e-01
8.230253513276289956e-01
9.899999999999999911e-01
9.899999999999999911e-01
9.899999999999999911e-01
7.727512283992016284e-01
9.899999999999999911e-01
9.899999999999999911e-01
9.899999999999999911e-01
9.344273538358879305e-01
9.899999999999999911e-01
9.899999999999999911e-01
9.899999999999999911e-01
7.610579489789117691e-01
9.899999999999999911e-01
9.899999999999999911e-01
9.899999999999999911e-01
9.760241185834981348e-01
9.899999999999999911e-01
9.899999999999999911e-01
9.899999999999999911e-01
8.207262722571145863e-01
9.899999999999999911e-01
9.899999999999999911e-01
9.899999999999999911e-01
8.919411119166545943e-01
9.899999999999999911e-01
9.899999999999999911e-01
9.899999999999999911e-01
7.414751060617486011e-01
9.899999999999999911e-01
9.899999999999999911e-01
9.899999999999999911e-01
9.300004156851966464e-01
9.899999999999999911e-01
9.899999999999999911e-01
9.899999999999999911e-01
7.980080718136367546e-01
9.899999999999999911e-01
9.899999999999999911e-01
9.899999999999999911e-01
8.334933306965742750e-01
9.899999999999999911e-01
9.899999999999999911e-01
9.899999999999999911e-01
8.200567248937162823e-01
9.899999999999999911e-01
9.899999999999999911e-01
9.899999999999999911e-01
7.573567976621163877e-01
9.899999999999999911e-01
9.899999999999999911e-01
9.899999999999999911e-01
8.157303297264921760e-01
9.899999999999999911e-01
9.899999999999999911e-01
9.899999999999999911e-01
7.489252115861023684e-01
9.899999999999999911e-01
9.899999999999999911e-01
9.899999999999999911e-01
8.167326426200172129e-01
9.899999999999999911e-01
9.899999999999999911e-01
9.899999999999999911e-01
9.051685021164920242e-01
9.899999999999999911e-01
9.899999999999999911e-01
7.426943996487834765e-01
9.899999999999999911e-01
9.899999999999999911e-01
9.899999999999999911e-01
7.372155744392310250e-01
8.184364559954176999e-01
9.899999999999999911e-01
9.899999999999999911e-01
9.899999999999999911e-01
9.006684303025046523e-01
9.899999999999999911e-01
9.899999999999999911e-01
9.899999999999999911e-01
7.877424287207727138e-01
9.899999999999999911e-01
9.899999999999999911e-01
9.899999999999999911e-01
7.659152939696565188e-01
9.899999999999999911e-01
9.899999999999999911e-01
9.899999999999999911e-01
7.599696482855233803e-01
9.899999999999999911e-01
9.899999999999999911e-01
9.899999999999999911e-01
8.550594486717435494e-01
9.899999999999999911e-01
9.899999999999999911e-01
9.899999999999999911e-01
7.257061530996046228e-01
9.899999999999999911e-01
9.899999999999999911e-01
9.899999999999999911e-01
8.054586519817881207e-01
9.899999999999999911e-01
9.899999999999999911e-01
9.899999999999999911e-01
8.015242190452566140e-01
9.899999999999999911e-01
9.899999999999999911e-01
9.899999999999999911e-01
9.193930511493312308e-01
9.899999999999999911e-01
9.899999999999999911e-01
9.899999999999999911e-01
8.346092569819899554e-01
9.899999999999999911e-01
9.899999999999999911e-01
9.899999999999999911e-01
9.281935256605347018e-01
9.899999999999999911e-01
9.899999999999999911e-01
8.615243093288469378e-01
9.899999999999999911e-01
9.899999999999999911e-01
9.899999999999999911e-01
8.318599387134606449e-01
9.899999999999999911e-01
9.899999999999999911e-01
8.706020937108249758e-01
9.899999999999999911e-01
9.899999999999999911e-01
9.899999999999999911e-01
8.345221762263757004e-01
9.899999999999999911e-01
9.899999999999999911e-01
9.899999999999999911e-01
7.403989085614783860e-01
9.899999999999999911e-01
9.899999999999999911e-01
9.899999999999999911e-01
8.260088517260810725e-01
9.899999999999999911e-01
8.883123328799271690e-01
9.899999999999999911e-01
9.899999999999999911e-01
9.899999999999999911e-01
7.653382188695830868e-01
9.899999999999999911e-01
9.899999999999999911e-01
9.899999999999999911e-01
7.379381882158799755e-01
9.899999999999999911e-01
9.899999999999999911e-01
9.899999999999999911e-01
7.984668792804282544e-01
9.899999999999999911e-01
9.899999999999999911e-01
9.899999999999999911e-01
7.936832972452775303e-01
9.899999999999999911e-01
9.899999999999999911e-01
8.540904788307976947e-01
9.899999999999999911e-01
9.899999999999999911e-01
9.099789963055620046e-01
9.899999999999999911e-01
9.899999999999999911e-01
9.899999999999999911e-01
8.258748016141335135e-01
9.899999999999999911e-01
9.899999999999999911e-01
9.899999999999999911e-01
7.756144829809830110e-01
9.899999999999999911e-01
9.899999999999999911e-01
9.899999999999999911e-01
8.735957607169166916e-01
9.899999999999999911e-01
9.899999999999999911e-01
9.899999999999999911e-01
9.187856317097888859e-01
9.899999999999999911e-01
9.899999999999999911e-01
7.737161455707485258e-01
9.899999999999999911e-01
9.899999999999999911e-01
9.899999999999999911e-01
8.216935969989022093e-01
9.899999999999999911e-01
9.899999999999999911e-01
9.899999999999999911e-01
8.272017732110672483e-01
9.899999999999999911e-01
9.899999999999999911e-01
9.899999999999999911e-01
7.670854885483887609e-01
9.889001709129321416e-01
9.899999999999999911e-01
9.899999999999999911e-01
8.640009120252717389e-01
9.899999999999999911e-01
9.899999999999999911e-01
9.899999999999999911e-01
7.653926283803611508e-01
9.899999999999999911e-01
9.899999999999999911e-01
9.899999999999999911e-01
9.026277154311156403e-01
9.899999999999999911e-01
9.899999999999999911e-01
9.899999999999999911e-01
7.877677437142786010e-01
9.899999999999999911e-01
9.899999999999999911e-01
9.899999999999999911e-01
8.392659908812946101e-01
9.899999999999999911e-01
9.899999999999999911e-01
9.899999999999999911e-01
8.704862614862519665e-01
9.899999999999999911e-01
9.899999999999999911e-01
9.899999999999999911e-01
7.686203192792230299e-01
9.899999999999999911e-01
9.899999999999999911e-01
9.899999999999999911e-01
8.744770014445012452e-01
9.899999999999999911e-01
8.061143399929965314e-01
9.899999999999999911e-01
9.899999999999999911e-01
9.899999999999999911e-01
8.890650434316887951e-01
9.899999999999999911e-01
9.899999999999999911e-01
9.899999999999999911e-01
7.913288623740993843e-01
9.899999999999999911e-01
9.899999999999999911e-01
7.391078236815884495e-01
9.899999999999999911e-01
9.899999999999999911e-01
9.899999999999999911e-01
7.376661082005973036e-01
9.899999999999999911e-01
9.899999999999999911e-01
9.899999999999999911e-01
8.284732450186210739e-01
9.899999999999999911e-01
9.899999999999999911e-01
9.011622818829375658e-01
9.899999999999999911e-01
9.899999999999999911e-01
9.899999999999999911e-01
8.959960586567959906e-01
9.899999999999999911e-01
9.899999999999999911e-01
7.727831901147669269e-01
9.899999999999999911e-01
9.899999999999999911e-01
9.899999999999999911e-01
9.749274132177503382e-01
9.899999999999999911e-01
9.899999999999999911e-01
9.899999999999999911e-01
7.696843735118374941e-01
9.899999999999999911e-01
9.899999999999999911e-01
9.899999999999999911e-01
8.147166263150312782e-01
9.899999999999999911e-01
9.899999999999999911e-01
9.899999999999999911e-01
9.160876520365724973e-01
9.899999999999999911e-01
9.899999999999999911e-01
9.899999999999999911e-01
8.668556345739548696e-01
9.899999999999999911e-01
9.899999999999999911e-01
8.626666505248238304e-01
9.899999999999999911e-01
9.899999999999999911e-01
9.899999999999999911e-01
8.456028511005700965e-01
9.899999999999999911e-01
9.899999999999999911e-01
9.899999999999999911e-01
7.624249463590281328e-01
9.899999999999999911e-01
9.899999999999999911e-01
9.899999999999999911e-01
8.449330876392551204e-01
9.899999999999999911e-01
7.480756530247235636e-01
9.899999999999999911e-01
9.899999999999999911e-01
8.318293532475921070e-01
9.899999999999999911e-01
9.899999999999999911e-01
9.899999999999999911e-01
9.171998489860954118e-01
9.899999999999999911e-01
9.899999999999999911e-01
9.899999999999999911e-01
8.808916536679644027e-01
9.899999999999999911e-01
9.899999999999999911e-01
7.855508389009332459e-01
9.899999999999999911e-01
9.899999999999999911e-01
9.899999999999999911e-01
9.180893296638841239e-01
9.899999999999999911e-01
9.899999999999999911e-01
9.899999999999999911e-01
7.958611912373254604e-01
9.899999999999999911e-01
9.899999999999999911e-01
9.236625872932251458e-01
9.899999999999999911e-01
9.899999999999999911e-01
9.899999999999999911e-01
7.729788619552516726e-01
9.899999999999999911e-01
9.899999999999999911e-01
9.109316757406853426e-01
9.899999999999999911e-01
9.899999999999999911e-01
9.899999999999999911e-01
8.372368923803988894e-01
9.899999999999999911e-01
9.899999999999999911e-01
9.899999999999999911e-01
9.257218036867078670e-01
9.899999999999999911e-01
9.899999999999999911e-01
9.899999999999999911e-01
8.491795012887033423e-01
9.899999999999999911e-01
9.899999999999999911e-01
9.899999999999999911e-01
8.121966935943635280e-01
9.899999999999999911e-01
9.899999999999999911e-01
9.899999999999999911e-01
9.130378545381956368e-01
9.899999999999999911e-01
9.899999999999999911e-01
9.899999999999999911e-01
8.282273327337069668e-01
9.899999999999999911e-01
9.899999999999999911e-01
9.293315491729494671e-01
9.899999999999999911e-01
9.899999999999999911e-01
9.899999999999999911e-01
8.801499553365206285e-01
9.899999999999999911e-01
8.872990806734307734e-01
9.899999999999999911e-01
9.899999999999999911e-01
9.899999999999999911e-01
7.678164244181804321e-01
9.899999999999999911e-01
9.899999999999999911e-01
9.899999999999999911e-01
9.168421647752325043e-01
9.899999999999999911e-01
9.899999999999999911e-01
9.899999999999999911e-01
8.798589891726519285e-01
9.899999999999999911e-01
9.899999999999999911e-01
7.649417938075351309e-01
9.899999999999999911e-01
9.899999999999999911e-01
9.899999999999999911e-01
9.113719136160092216e-01
9.899999999999999911e-01
9.899999999999999911e-01
9.899999999999999911e-01
9.135999624942682251e-01
9.899999999999999911e-01
9.899999999999999911e-01
9.899999999999999911e-01
8.736548707665271474e-01
9.899999999999999911e-01
9.899999999999999911e-01
9.899999999999999911e-01
7.608736074255333381e-01
9.899999999999999911e-01
9.899999999999999911e-01
9.899999999999999911e-01
7.758997399349222279e-01
9.899999999999999911e-01
9.899999999999999911e-01
9.899999999999999911e-01
7.845532814854336845e-01
9.899999999999999911e-01
9.899999999999999911e-01
7.562267133862422552e-01
9.899999999999999911e-01
9.899999999999999911e-01
9.899999999999999911e-01
8.968340250597536256e-01
9.899999999999999911e-01
9.899999999999999911e-01
7.367676831710374685e-01
9.899999999999999911e-01
9.899999999999999911e-01
9.899999999999999911e-01
9.124307680028397316e-01
9.899999999999999911e-01
7.525009527487590555e-01
9.899999999999999911e-01
9.899999999999999911e-01
7.419883398747633141e-01
9.899999999999999911e-01
9.899999999999999911e-01
9.038983271329763536e-01
9.899999999999999911e-01
9.893940537704036808e-01
9.145966464308541433e-01
9.899999999999999911e-01
9.899999999999999911e-01
9.899999999999999911e-01
9.301915609980094812e-01
9.899999999999999911e-01
9.899999999999999911e-01
7.850393404643294382e-01
9.899999999999999911e-01
9.899999999999999911e-01
9.899999999999999911e-01
8.123760001544080289e-01
9.899999999999999911e-01
9.899999999999999911e-01
9.899999999999999911e-01
8.471064164581975087e-01
9.899999999999999911e-01
9.899999999999999911e-01
9.899999999999999911e-01
9.302240432168300543e-01
9.899999999999999911e-01
9.899999999999999911e-01
8.933071606789089181e-01
9.899999999999999911e-01
9.899999999999999911e-01
9.899999999999999911e-01
8.864738435434353914e-01
9.899999999999999911e-01
9.899999999999999911e-01
8.969716186087746124e-01
9.899999999999999911e-01
9.899999999999999911e-01
9.899999999999999911e-01
9.486250382474795684e-01
9.899999999999999911e-01
9.899999999999999911e-01
9.899999999999999911e-01
9.899999999999999911e-01
9.899999999999999911e-01
9.100570144169152220e-01
9.899999999999999911e-01
9.899999999999999911e-01
7.755132622148624977e-01
9.899999999999999911e-01
9.899999999999999911e-01
9.899999999999999911e-01
8.243921739821516992e-01
9.899999999999999911e-01
9.899999999999999911e-01
9.899999999999999911e-01
8.226569103019939488e-01
9.893020560904363103e-01
7.250486391344128645e-01
9.899999999999999911e-01
9.899999999999999911e-01
8.808105971897569608e-01
9.899999999999999911e-01
9.899999999999999911e-01
9.899999999999999911e-01
8.585934590306691927e-01
9.899999999999999911e-01
9.899999999999999911e-01
9.899999999999999911e-01
8.138607747689394767e-01
9.899999999999999911e-01
9.899999999999999911e-01
8.109270572869580196e-01
9.899999999999999911e-01
9.899999999999999911e-01
9.899999999999999911e-01
8.627321499268317817e-01
9.899999999999999911e-01
9.899999999999999911e-01
9.899999999999999911e-01
9.254852894770170257e-01
9.899999999999999911e-01
9.899999999999999911e-01
9.899999999999999911e-01
8.364187938286177237e-01
9.899999999999999911e-01
9.899999999999999911e-01
9.899999999999999911e-01
8.416738223136114305e-01
9.899999999999999911e-01
9.899999999999999911e-01
9.899999999999999911e-01
8.658543094721510291e-01
9.899999999999999911e-01
9.899999999999999911e-01
9.899999999999999911e-01
7.897367062487935518e-01
9.899999999999999911e-01
9.899999999999999911e-01
9.899999999999999911e-01
8.022753088804102095e-01
9.899999999999999911e-01
9.899999999999999911e-01
9.899999999999999911e-01
8.793794295607841871e-01
9.899999999999999911e-01
9.899999999999999911e-01
9.899999999999999911e-01
8.119106365659047864e-01
9.899999999999999911e-01
9.899999999999999911e-01
9.899999999999999911e-01
8.296191911500927496e-01
9.899999999999999911e-01
9.899999999999999911e-01
8.859756004683547737e-01
9.899999999999999911e-01
9.899999999999999911e-01
9.899999999999999911e-01
