9.413364152644346783e-01
9.899999999999999911e-01
9.899999999999999911e-01
9.899999999999997691e-01
7.831029890941965110e-01
9.899999999999999911e-01
9.899999999999999911e-01
9.899999999999999911e-01
9.006210408579108373e-01
9.899999999999999911e-01
9.899999999999999911e-01
9.899999999999999911e-01
8.631009206662093591e-01
9.899999999999999911e-01
9.899999999999999911e-01
9.899999999999999911e-01
9.394764774463155721e-01
9.899999999999999911e-01
9.899999999999999911e-01
9.899999999999999911e-01
8.702567072665003955e-01
9.899999999999999911e-01
9.899999999999999911e-01
9.899999999999999911e-01
9.530248189296632866e-01
9.899999999999999911e-01
9.899999999999999911e-01
9.899999999999999911e-01
9.252472953872837858e-01
9.899999999999999911e-01
9.899999999999999911e-01
9.899999999999999911e-01
9.359073295412191351e-01
9.899999999999999911e-01
9.899999999999999911e-01
9.899999999999999911e-01
9.526973862960672612e-01
9.899999999999999911e-01
9.899999999999999911e-01
9.899999999999999911e-01
9.376517742369644415e-01
9.899999999999999911e-01
9.899999999999999911e-01
9.899999999999999911e-01
9.464977604697560887e-01
9.899999999999999911e-01
9.899999999999999911e-01
9.899999999999999911e-01
9.509813111409640696e-01
9.899999999999999911e-01
9.899999999999999911e-01
9.899999999999999911e-01
9.399468046752135209e-01
9.899999999999999911e-01
9.899999999999999911e-01
9.899999999999999911e-01
7.735104461576199908e-01
9.899999999999999911e-01
9.899999999999999911e-01
9.899999999999999911e-01
8.490548021137164225e-01
9.899999999999999911e-01
9.899999999999999911e-01
9.899999999999999911e-01
8.007034207136547455e-01
9.899999999999999911e-01
9.899999999999999911e-01
9.899999999999999911e-01
8.308905277126664712e-01
9.899999999999999911e-01
9.899999999999999911e-01
9.899999999999999911e-01
9.354877671342096690e-01
9.899999999999999911e-01
9.899999999999999911e-01
9.899999999999999911e-01
9.452532349636810771e-01
9.899999999999999911e-01
9.899999999999996581e-01
9.899999999999999911e-01
9.063845533452290493e-01
9.899999999999999911e-01
9.899999999999999911e-01
9.899999999999999911e-01
8.898561355309086984e-01
9.899999999999999911e-01
9.899999999999999911e-01
9.899999999999999911e-01
9.384580727613210938e-01
9.899999999999999911e-01
9.899999999999999911e-01
9.899999999999999911e-01
8.901319973422514575e-01
9.899999999999999911e-01
9.899999999999999911e-01
9.899999999999999911e-01
8.439548830231490273e-01
9.899999999999999911e-01
9.899999999999999911e-01
9.899999999999999911e-01
8.695329151334628692e-01
9.899999999999999911e-01
9.899999999999999911e-01
9.899999999999999911e-01
8.831038870816234621e-01
9.899999999999999911e-01
9.899999999999999911e-01
9.899999999999999911e-01
8.604387064999559076e-01
9.899999999999999911e-01
8.431786112704759972e-01
9.899999999999999911e-01
9.899999999999999911e-01
9.899999999999999911e-01
9.447375285487418228e-01
9.899999999999999911e-01
7.710813330592078962e-01
9.899999999999999911e-01
9.899999999999999911e-01
9.899999999999999911e-01
8.206900998556748705e-01
9.899999999999999911e-01
9.899999999999999911e-01
9.899999999999999911e-01
7.854086174021166489e-01
9.899999999999999911e-01
9.899999999999999911e-01
9.899999999999999911e-01
7.960740321762215244e-01
9.899999999999999911e-01
9.899999999999999911e-01
9.899999999999999911e-01
8.869194089867813435e-01
9.899999999999999911e-01
9.899999999999999911e-01
9.899999999999999911e-01
9.050644215334778808e-01
9.899999999999999911e-01
9.899999999999999911e-01
9.899999999999999911e-01
9.016668188089301816e-01
9.899999999999999911e-01
9.899999999999999911e-01
8.797116776861976239e-01
9.899999999999999911e-01
9.899999999999999911e-01
9.899999999999999911e-01
8.630548840960495793e-01
9.899999999999999911e-01
9.899999999999999911e-01
9.582138464548610735e-01
9.899999999999999911e-01
9.899999999999999911e-01
9.899999999999999911e-01
8.906027554312960781e-01
9.899999999999999911e-01
9.899999999999999911e-01
9.899999999999999911e-01
9.899999999999999911e-01
9.899999999999999911e-01
9.129767823605899890e-01
9.899999999999999911e-01
9.899999999999999911e-01
9.899999999999999911e-01
9.249029187275793484e-01
9.899999999999999911e-01
9.899999999999999911e-01
9.899999999999999911e-01
9.899999999999999911e-01
9.606798077767528810e-01
9.899999999999999911e-01
9.899999999999999911e-01
9.899999999999999911e-01
9.899999999999999911e-01
8.864648627635078881e-01
9.899999999999999911e-01
9.899999999999999911e-01
9.899999999999999911e-01
9.101485368116408736e-01
9.899999999999999911e-01
9.899999999999999911e-01
9.899999999999999911e-01
9.644195172045672004e-01
9.899999999999999911e-01
9.899999999999999911e-01
9.899999999999999911e-01
9.899999999999999911e-01
9.899999999999999911e-01
9.477248784778086188e-01
9.899999999999999911e-01
9.899999999999999911e-01
9.899999999999999911e-01
8.556372239591135687e-01
9.899999999999999911e-01
9.899999999999999911e-01
9.899999999999999911e-01
8.844280366144686711e-01
9.899999999999999911e-01
9.899999999999999911e-01
9.899999999999999911e-01
7.667242717624046522e-01
9.899999999999999911e-01
9.899999999999999911e-01
9.899999999999999911e-01
9.899999999999999911e-01
9.899999999999999911e-01
9.899999999999999911e-01
9.676814423308653934e-01
9.899999999999999911e-01
9.899999999999999911e-01
9.899999999999999911e-01
9.160700180144248916e-01
9.899999999999999911e-01
9.899999999999999911e-01
9.899999999999999911e-01
7.990253860004054021e-01
9.899999999999999911e-01
9.899999999999999911e-01
9.415174888775000861e-01
9.899999999999999911e-01
9.899999999999999911e-01
8.131782956631612436e-01
9.899999999999999911e-01
9.899999999999999911e-01
9.320977890432485813e-01
9.899999999999999911e-01
9.899999999999999911e-01
9.899999999999999911e-01
7.625362875575543153e-01
9.899999999999999911e-01
9.899999999999999911e-01
9.899999999999999911e-01
9.563690336289945026e-01
9.899999999999999911e-01
9.899999999999999911e-01
9.899999999999999911e-01
7.704462337962897367e-01
9.899999999999999911e-01
9.899999999999999911e-01
9.899999999999999911e-01
7.927263025675841401e-01
9.899999999999999911e-01
9.899999999999999911e-01
9.899999999999999911e-01
8.735522898034940864e-01
9.899999999999999911e-01
9.899999999999999911e-01
9.899999999999999911e-01
8.575706818249274610e-01
8.567148315263886094e-01
9.899999999999999911e-01
9.899999999999999911e-01
9.899999999999999911e-01
8.633035629100332953e-01
9.899999999999999911e-01
9.899999999999999911e-01
9.899999999999999911e-01
8.330444892906623267e-01
9.899999999999999911e-01
9.899999999999999911e-01
9.899999999999999911e-01
8.900506524958247123e-01
9.899999999999999911e-01
9.899999999999999911e-01
9.899999999999999911e-01
9.321692878873235610e-01
9.899999999999999911e-01
9.899999999999999911e-01
9.899999999999999911e-01
8.507171273975456804e-01
9.899999999999999911e-01
9.899999999999999911e-01
9.899999999999999911e-01
9.619780308661182167e-01
9.899999999999999911e-01
9.899999999999999911e-01
9.899999999999999911e-01
9.019951927350623455e-01
9.899999999999999911e-01
9.899999999999999911e-01
9.899999999999999911e-01
9.630602100523343312e-01
9.899999999999999911e-01
9.899999999999999911e-01
9.899999999999999911e-01
7.689174738287831712e-01
9.899999999999999911e-01
9.899999999999999911e-01
9.899999999999999911e-01
9.340574956533705953e-01
9.899999999999999911e-01
9.899999999999999911e-01
9.899999999999999911e-01
9.568982805165782146e-01
9.899999999999999911e-01
9.899999999999999911e-01
9.899999999999999911e-01
7.590920336219268982e-01
9.899999999999999911e-01
9.899999999999999911e-01
9.899999999999999911e-01
8.575392009120503811e-01
9.899999999999999911e-01
9.899999999999999911e-01
9.899999999999999911e-01
8.325474612143028974e-01
9.899999999999999911e-01
9.899999999999999911e-01
9.899999999999999911e-01
9.464896436139443869e-01
9.899999999999999911e-01
9.899999999999999911e-01
9.899999999999999911e-01
8.720751496703310623e-01
9.899999999999999911e-01
9.899999999999999911e-01
9.899999999999999911e-01
8.102140633558863048e-01
9.899999999999999911e-01
9.899999999999999911e-01
9.899999999999999911e-01
8.902293674965839898e-01
9.899999999999999911e-01
9.899999999999999911e-01
9.899999999999999911e-01
8.870250115487477993e-01
9.899999999999999911e-01
9.899999999999999911e-01
9.899999999999999911e-01
8.862256637512953006e-01
9.899999999999999911e-01
9.899999999999999911e-01
9.899999999999999911e-01
9.029628650799491618e-01
9.899999999999999911e-01
9.899999999999999911e-01
9.899999999999999911e-01
9.899999999999999911e-01
9.899999999999999911e-01
9.899999999999999911e-01
9.899999999999999911e-01
8.933023071092124345e-01
9.899999999999999911e-01
9.899999999999999911e-01
9.899999999999999911e-01
9.018265996467579315e-01
9.899999999999999911e-01
9.899999999999999911e-01
9.899999999999999911e-01
9.727269270829184133e-01
9.899999999999999911e-01
9.899999999999999911e-01
9.899999999999999911e-01
8.223927519636432537e-01
9.899999999999999911e-01
9.899999999999999911e-01
9.899999999999999911e-01
9.899999999999999911e-01
7.541646027514297135e-01
9.899999999999999911e-01
9.899999999999999911e-01
9.899999999999999911e-01
8.027016702861430320e-01
9.899999999999999911e-01
9.899999999999999911e-01
9.899999999999999911e-01
9.628653806468978615e-01
9.899999999999999911e-01
9.899999999999999911e-01
9.899999999999999911e-01
9.479965880556888713e-01
9.899999999999999911e-01
9.899999999999999911e-01
8.089359070766743987e-01
9.899999999999999911e-01
9.899999999999999911e-01
9.899999999999999911e-01
9.393593243056218567e-01
9.899999999999999911e-01
9.899999999999999911e-01
9.899999999999999911e-01
7.740874034179231478e-01
9.899999999999999911e-01
9.899999999999999911e-01
9.899999999999999911e-01
9.493949751830872419e-01
9.899999999999999911e-01
9.899999999999999911e-01
8.564181862059802031e-01
9.899999999999999911e-01
9.899999999999999911e-01
9.899999999999999911e-01
8.657244176240327382e-01
9.899999999999999911e-01
9.899999999999999911e-01
9.899999999999999911e-01
7.959421276817036928e-01
9.899999999999999911e-01
9.527466985907524499e-01
9.899999999999999911e-01
9.899999999999999911e-01
9.899999999999999911e-01
8.050445330723569048e-01
9.899999999999999911e-01
9.899999999999999911e-01
9.899999999999999911e-01
8.991639049536593875e-01
9.600750322234207212e-01
9.899999999999999911e-01
9.899999999999999911e-01
9.620925343828504728e-01
9.899999999999999911e-01
9.899999999999999911e-01
9.899999999999999911e-01
8.532206125283132714e-01
9.899999999999999911e-01
9.899999999999999911e-01
9.899999999999999911e-01
9.136906406180723694e-01
9.899999999999999911e-01
9.899999999999999911e-01
9.899999999999999911e-01
7.934750366493097395e-01
9.899999999999999911e-01
9.899999999999999911e-01
9.899999999999999911e-01
9.370648252742033169e-01
9.899999999999999911e-01
9.899999999999999911e-01
9.899999999999999911e-01
9.149875116698967803e-01
9.899999999999999911e-01
9.899999999999999911e-01
9.899999999999999911e-01
7.980442248495457358e-01
9.899999999999999911e-01
9.899999999999999911e-01
9.899999999999999911e-01
8.288537578895011082e-01
9.899999999999999911e-01
9.899999999999999911e-01
9.899999999999999911e-01
9.899999999999999911e-01
9.899999999999999911e-01
9.336339554956337716e-01
9.899999999999999911e-01
9.899999999999999911e-01
9.899999999999999911e-01
8.987012964964812278e-01
9.899999999999999911e-01
9.899999999999999911e-01
9.389047851203649042e-01
9.899999999999999911e-01
9.899999999999999911e-01
9.899999999999999911e-01
8.891044305051971630e-01
9.899999999999999911e-01
8.123329995859026598e-01
9.899999999999999911e-01
9.899999999999999911e-01
9.899999999999999911e-01
9.774170656750105213e-01
9.899999999999999911e-01
9.899999999999999911e-01
9.899999999999999911e-01
9.094366592551630379e-01
9.899999999999999911e-01
9.899999999999999911e-01
9.899999999999999911e-01
8.204705133302432341e-01
9.899999999999999911e-01
9.899999999999999911e-01
9.899999999999999911e-01
7.848184958442177006e-01
9.899999999999999911e-01
9.899999999999999911e-01
9.899999999999999911e-01
9.222172899835222593e-01
9.899999999999999911e-01
9.899999999999999911e-01
9.899999999999999911e-01
8.282244577583613987e-01
9.899999999999999911e-01
9.899999999999999911e-01
9.899999999999999911e-01
9.371712597963006708e-01
9.899999999999999911e-01
9.899999999999999911e-01
9.899999999999999911e-01
8.507373191782828803e-01
9.899999999999999911e-01
9.899999999999999911e-01
9.899999999999999911e-01
7.973583158151200667e-01
9.899999999999999911e-01
9.899999999999999911e-01
9.899999999999999911e-01
9.595640367697136908e-01
9.899999999999999911e-01
9.899999999999999911e-01
9.899999999999999911e-01
7.891808306390479810e-01
9.899999999999999911e-01
9.899999999999999911e-01
9.899999999999999911e-01
9.784864235684616052e-01
9.899999999999999911e-01
9.899999999999999911e-01
9.899999999999999911e-01
8.435126198705015232e-01
9.899999999999999911e-01
9.899999999999999911e-01
9.899999999999999911e-01
9.108617062212635007e-01
9.899999999999999911e-01
9.899999999999999911e-01
9.899999999999999911e-01
7.681399907202453026e-01
9.899999999999999911e-01
9.899999999999999911e-01
9.899999999999999911e-01
9.578391187794954575e-01
9.899999999999999911e-01
9.899999999999999911e-01
9.899999999999999911e-01
8.207602766122553684e-01
9.899999999999999911e-01
9.899999999999999911e-01
9.899999999999999911e-01
8.611817916165032116e-01
9.899999999999999911e-01
9.899999999999999911e-01
9.899999999999999911e-01
8.482830263422901362e-01
9.899999999999999911e-01
9.899999999999999911e-01
9.899999999999999911e-01
7.833234717282224757e-01
9.899999999999999911e-01
9.899999999999999911e-01
9.899999999999999911e-01
8.437774017249800584e-01
9.899999999999999911e-01
9.899999999999999911e-01
9.899999999999999911e-01
7.772474721407557352e-01
9.899999999999999911e-01
9.899999999999999911e-01
9.899999999999999911e-01
8.435788608411799450e-01
9.899999999999999911e-01
9.899999999999999911e-01
9.899999999999999911e-01
9.276430043586695318e-01
9.899999999999999911e-01
9.899999999999999911e-01
7.707109394159680216e-01
9.899999999999999911e-01
9.899999999999999911e-01
9.899999999999999911e-01
7.636370557668687997e-01
8.463750112476711163e-01
9.899999999999999911e-01
9.899999999999999911e-01
9.899999999999999911e-01
9.121485684496410951e-01
9.899999999999999911e-01
9.899999999999999911e-01
9.899999999999999911e-01
8.151067317542468604e-01
9.899999999999999911e-01
9.899999999999999911e-01
9.899999999999999911e-01
7.909754124415384613e-01
9.899999999999999911e-01
9.899999999999999911e-01
9.899999999999999911e-01
7.854454975741087530e-01
9.899999999999999911e-01
9.899999999999999911e-01
9.899999999999999911e-01
8.833928352250220994e-01
9.899999999999999911e-01
9.899999999999999911e-01
9.899999999999999911e-01
7.533267550966277204e-01
9.899999999999999911e-01
9.899999999999999911e-01
9.899999999999999911e-01
8.337032563191224543e-01
9.899999999999999911e-01
9.899999999999999911e-01
9.899999999999999911e-01
8.296471276343105883e-01
9.899999999999999911e-01
9.899999999999999911e-01
9.899999999999999911e-01
9.431941913870572902e-01
9.899999999999999911e-01
9.899999999999999911e-01
9.899999999999999911e-01
8.565879728987692010e-01
9.899999999999999911e-01
9.899999999999999911e-01
9.899999999999999911e-01
9.425413968330216274e-01
9.899999999999999911e-01
9.899999999999999911e-01
8.864807188418453165e-01
9.899999999999999911e-01
9.899999999999999911e-01
9.899999999999999911e-01
8.503611892484027601e-01
9.899999999999999911e-01
9.899999999999999911e-01
8.922208383838131640e-01
9.899999999999999911e-01
9.899999999999999911e-01
9.899999999999999911e-01
8.605581787652054615e-01
9.899999999999999911e-01
9.899999999999999911e-01
9.899999999999999911e-01
7.675462483206173525e-01
9.899999999999999911e-01
9.899999999999999911e-01
9.899999999999999911e-01
8.456297191343604691e-01
9.899999999999999911e-01
9.132924576848143738e-01
9.899999999999999911e-01
9.899999999999999911e-01
9.899999999999999911e-01
7.934351665894107120e-01
9.899999999999999911e-01
9.899999999999999911e-01
9.899999999999999911e-01
7.642035099264266051e-01
9.899999999999999911e-01
9.899999999999999911e-01
9.899999999999999911e-01
8.235747672055069302e-01
9.899999999999999911e-01
9.899999999999999911e-01
9.899999999999999911e-01
8.205772548115011222e-01
9.899999999999999911e-01
9.899999999999999911e-01
8.791282366912608337e-01
9.899999999999999911e-01
9.899999999999999911e-01
9.352477322565209139e-01
9.899999999999999911e-01
9.899999999999999911e-01
9.899999999999999911e-01
8.537058173985065945e-01
9.899999999999999911e-01
9.899999999999999911e-01
9.899999999999999911e-01
8.010028782723672691e-01
9.899999999999999911e-01
9.899999999999999911e-01
9.899999999999999911e-01
8.993130177143677795e-01
9.899999999999999911e-01
9.899999999999999911e-01
9.899999999999999911e-01
9.471095848023668440e-01
9.899999999999999911e-01
9.899999999999999911e-01
7.994441938666736469e-01
9.899999999999999911e-01
9.899999999999999911e-01
9.899999999999999911e-01
8.479359943861629612e-01
9.899999999999999911e-01
9.899999999999999911e-01
9.899999999999999911e-01
8.555062790368146430e-01
9.899999999999999911e-01
9.899999999999999911e-01
9.899999999999999911e-01
7.954177953720984462e-01
9.899999999999999911e-01
9.899999999999999911e-01
9.899999999999999911e-01
8.918475038675123256e-01
9.899999999999999911e-01
9.899999999999999911e-01
9.899999999999999911e-01
7.909533598495407380e-01
9.899999999999999911e-01
9.899999999999999911e-01
9.899999999999999911e-01
9.302747979353865881e-01
9.899999999999999911e-01
9.899999999999999911e-01
9.899999999999999911e-01
8.138591135111974406e-01
9.899999999999999911e-01
9.899999999999999911e-01
9.899999999999999911e-01
8.671578101090873236e-01
9.899999999999999911e-01
9.899999999999999911e-01
9.899999999999999911e-01
8.976267120757163154e-01
9.899999999999999911e-01
9.899999999999999911e-01
9.899999999999999911e-01
7.936945831341554181e-01
9.899999999999999911e-01
9.899999999999999911e-01
9.899999999999999911e-01
8.947313753897236932e-01
9.899999999999999911e-01
8.329584802023795032e-01
9.899999999999999911e-01
9.899999999999999911e-01
9.899999999999999911e-01
9.168817753389658654e-01
9.899999999999999911e-01
9.899999999999999911e-01
9.899999999999999911e-01
8.196678098457005346e-01
9.899999999999999911e-01
9.899999999999999911e-01
7.669851794063237138e-01
9.899999999999999911e-01
9.899999999999999911e-01
9.899999999999999911e-01
7.641231722346231159e-01
9.899999999999999911e-01
9.899999999999999911e-01
9.899999999999999911e-01
8.554840206400035063e-01
9.899999999999999911e-01
9.899999999999999911e-01
9.262957249611982746e-01
9.899999999999999911e-01
9.899999999999999911e-01
9.899999999999999911e-01
9.237821689627603305e-01
9.899999999999999911e-01
9.899999999999999911e-01
7.976942475162567270e-01
9.899999999999999911e-01
9.899999999999999911e-01
9.899999999999999911e-01
9.767247792924065308e-01
9.899999999999999911e-01
9.899999999999999911e-01
9.899999999999999911e-01
7.950194470419541526e-01
9.899999999999999911e-01
9.899999999999999911e-01
9.899999999999999911e-01
8.405843131519221689e-01
9.899999999999999911e-01
9.899999999999999911e-01
9.899999999999999911e-01
9.434508415865752173e-01
9.899999999999999911e-01
9.899999999999999911e-01
9.899999999999999911e-01
8.845384828143121325e-01
9.899999999999999911e-01
9.899999999999999911e-01
8.869277141875638870e-01
9.899999999999999911e-01
9.899999999999999911e-01
9.899999999999999911e-01
8.721474951660146413e-01
9.899999999999999911e-01
9.899999999999999911e-01
9.899999999999999911e-01
7.883514336751452634e-01
9.899999999999999911e-01
9.899999999999999911e-01
9.899999999999999911e-01
8.619201243366723109e-01
9.899999999999999911e-01
7.739606775803722361e-01
9.899999999999999911e-01
9.899999999999999911e-01
8.582032156092047614e-01
9.899999999999999911e-01
9.899999999999999911e-01
9.899999999999999911e-01
9.432294089699029271e-01
9.899999999999999911e-01
9.899999999999999911e-01
9.899999999999999911e-01
9.079590703544357932e-01
9.899999999999999911e-01
9.899999999999999911e-01
8.106876434362565442e-01
9.899999999999999911e-01
9.899999999999999911e-01
9.899999999999999911e-01
9.434781397943483583e-01
9.899999999999999911e-01
9.899999999999999911e-01
9.899999999999999911e-01
8.241680030538374169e-01
9.899999999999999911e-01
9.899999999999999911e-01
9.517235126618422969e-01
9.899999999999999911e-01
9.899999999999999911e-01
9.899999999999999911e-01
7.966888566080728706e-01
9.899999999999999911e-01
9.899999999999999911e-01
9.384059470121001167e-01
9.899999999999999911e-01
9.899999999999999911e-01
9.899999999999999911e-01
8.631259022997446184e-01
9.899999999999999911e-01
9.899999999999999911e-01
9.899999999999999911e-01
9.409950152451986849e-01
9.899999999999999911e-01
9.899999999999999911e-01
9.899999999999999911e-01
8.775068770104191840e-01
9.899999999999999911e-01
9.899999999999999911e-01
9.899999999999999911e-01
8.374132177904016761e-01
9.899999999999999911e-01
9.899999999999999911e-01
9.899999999999999911e-01
9.395806761353012737e-01
9.899999999999999911e-01
9.899999999999999911e-01
9.899999999999999911e-01
8.565079735643934544e-01
9.899999999999999911e-01
9.899999999999999911e-01
9.576504633064056859e-01
9.899999999999999911e-01
9.899999999999999911e-01
9.899999999999999911e-01
9.031671166086125968e-01
9.899999999999999911e-01
9.154151290294567644e-01
9.899999999999999911e-01
9.899999999999999911e-01
9.899999999999999911e-01
7.961503563921554782e-01
9.899999999999999911e-01
9.899999999999999911e-01
9.899999999999999911e-01
9.443226714448088588e-01
9.899999999999999911e-01
9.899999999999999911e-01
9.899999999999999911e-01
9.053762637994160478e-01
9.899999999999999911e-01
9.899999999999999911e-01
7.927782909091313224e-01
9.899999999999999911e-01
9.899999999999999911e-01
9.899999999999999911e-01
9.372315561823109098e-01
9.899999999999999911e-01
9.899999999999999911e-01
9.899999999999999911e-01
9.415856776428430663e-01
9.899999999999999911e-01
9.899999999999999911e-01
9.899999999999999911e-01
8.873527192782107997e-01
9.899999999999999911e-01
9.899999999999999911e-01
9.899999999999999911e-01
7.892191900493344958e-01
9.899999999999999911e-01
9.899999999999999911e-01
9.899999999999999911e-01
8.021113977237890325e-01
9.899999999999999911e-01
9.899999999999999911e-01
9.899999999999999911e-01
8.104791467468774879e-01
9.899999999999999911e-01
9.899999999999999911e-01
7.813540592595809020e-01
9.899999999999999911e-01
9.899999999999999911e-01
9.899999999999999911e-01
9.221896061672403277e-01
9.899999999999999911e-01
9.899999999999999911e-01
7.646705276721135203e-01
9.899999999999999911e-01
9.899999999999999911e-01
9.899999999999999911e-01
9.407220777404435852e-01
9.899999999999999911e-01
7.775636992458047070e-01
9.899999999999999911e-01
9.899999999999999911e-01
7.703265295019845471e-01
9.899999999999999911e-01
9.899999999999999911e-01
9.294293986155708343e-01
9.899999999999999911e-01
9.899999999999999911e-01
9.410035143209800612e-01
9.899999999999999911e-01
9.899999999999999911e-01
9.899999999999999911e-01
9.584052047046365264e-01
9.899999999999999911e-01
9.899999999999999911e-01
8.134244030591299968e-01
9.899999999999999911e-01
9.899999999999999911e-01
9.899999999999999911e-01
8.369881639447857014e-01
9.899999999999999911e-01
9.899999999999999911e-01
9.899999999999999911e-01
8.735854369514720608e-01
9.899999999999999911e-01
9.899999999999999911e-01
9.899999999999999911e-01
9.554322853503972590e-01
9.899999999999999911e-01
9.899999999999999911e-01
9.049710670158024328e-01
9.899999999999999911e-01
9.899999999999999911e-01
9.899999999999999911e-01
9.057940957479646560e-01
9.899999999999999911e-01
9.899999999999999911e-01
9.237324262236314976e-01
9.899999999999999911e-01
9.899999999999999911e-01
9.899999999999999911e-01
9.632943733711062384e-01
9.899999999999999911e-01
9.899999999999999911e-01
9.899999999999999911e-01
9.899999999999999911e-01
9.899999999999999911e-01
9.232634936810208970e-01
9.899999999999999911e-01
9.899999999999999911e-01
8.028705951237715688e-01
9.899999999999999911e-01
9.899999999999999911e-01
9.899999999999999911e-01
8.499956459222604011e-01
9.899999999999999911e-01
9.899999999999999911e-01
9.899999999999999911e-01
8.452120888398582110e-01
9.899999999999999911e-01
7.533990746773808755e-01
9.899999999999999911e-01
9.899999999999999911e-01
9.060611422086413125e-01
9.899999999999999911e-01
9.899999999999999911e-01
9.899999999999999911e-01
8.854166370773451922e-01
9.899999999999999911e-01
9.899999999999999911e-01
9.899999999999999911e-01
8.400904176900403364e-01
9.899999999999999911e-01
9.899999999999999911e-01
8.365877207121408254e-01
9.899999999999999911e-01
9.899999999999999911e-01
9.899999999999999911e-01
8.895129163607232714e-01
9.899999999999999911e-01
9.899999999999999911e-01
9.899999999999999911e-01
9.510875525938564667e-01
9.899999999999999911e-01
9.899999999999999911e-01
9.899999999999999911e-01
8.636644615912795198e-01
9.899999999999999911e-01
9.899999999999999911e-01
9.899999999999999911e-01
8.686837616467417700e-01
9.899999999999999911e-01
9.899999999999999911e-01
9.899999999999999911e-01
8.914020261510162690e-01
9.899999999999999911e-01
9.899999999999999911e-01
9.899999999999999911e-01
8.160215193687659907e-01
9.899999999999999911e-01
9.899999999999999911e-01
9.899999999999999911e-01
8.294347240908305219e-01
9.899999999999999911e-01
9.899999999999999911e-01
9.899999999999999911e-01
9.049281524949458477e-01
9.899999999999999911e-01
9.899999999999999911e-01
9.899999999999999911e-01
8.380066921987471273e-01
9.899999999999999911e-01
9.899999999999999911e-01
9.899999999999999911e-01
8.482882408389770257e-01
9.899999999999999911e-01
9.899999999999999911e-01
9.020805523258736969e-01
9.899999999999999911e-01
9.899999999999999911e-01
9.899999999999999911e-01
