9.248454271311883357e-01
9.899999999999999911e-01
9.899999999999999911e-01
9.899999999999999911e-01
7.447768000148559109e-01
9.899999999999999911e-01
9.899999999999999911e-01
9.899999999999999911e-01
8.815672107488263798e-01
9.875329993913849469e-01
9.899999999999999911e-01
9.899999999999999911e-01
8.255038961492773275e-01
9.899999999999999911e-01
9.899999999999999911e-01
9.899999999999999911e-01
8.961229155511987177e-01
9.899999999999999911e-01
9.899999999999999911e-01
9.899999999999999911e-01
8.312617238796876640e-01
9.899999999999999911e-01
9.899999999999999911e-01
9.899999999999999911e-01
9.083549304526198354e-01
9.899999999999999911e-01
9.899999999999999911e-01
9.899999999999999911e-01
8.804955616220876413e-01
9.899999999999999911e-01
9.899999999999999911e-01
9.899999999999999911e-01
8.912340464462561451e-01
9.899999999999999911e-01
9.899999999999999911e-01
9.899999999999999911e-01
9.145785970246087526e-01
9.899999999999999911e-01
9.899999999999999911e-01
9.899999999999999911e-01
8.929770036444978354e-01
9.899999999999999911e-01
9.899999999999999911e-01
9.899999999999999911e-01
9.130785093590548795e-01
9.899999999999999911e-01
9.899999999999999911e-01
9.899999999999999911e-01
9.116308520691854822e-01
9.899999999999999911e-01
9.804699403331987861e-01
9.899999999999999911e-01
8.974167228111465944e-01
9.899999999999999911e-01
9.899999999999999911e-01
9.899999999999999911e-01
7.333439748700798511e-01
9.899999999999999911e-01
9.899999999999999911e-01
9.899999999999999911e-01
8.076563192948682524e-01
9.899999999999999911e-01
9.899999999999999911e-01
9.899999999999999911e-01
7.585327912729372679e-01
9.899999999999999911e-01
9.899999999999999911e-01
9.899999999999999911e-01
7.922380948559822889e-01
9.899999999999999911e-01
9.899999999999999911e-01
9.899999999999999911e-01
8.959015939967615028e-01
9.899999999999999911e-01
9.899999999999999911e-01
9.899999999999999911e-01
9.215259152974160095e-01
9.899999999999999911e-01
9.899999999999997691e-01
9.899999999999999911e-01
8.787464071099310159e-01
9.899999999999999911e-01
9.899999999999999911e-01
9.899999999999999911e-01
8.494852372159661380e-01
9.899999999999999911e-01
9.899999999999999911e-01
9.899999999999999911e-01
8.981809020105062658e-01
9.899999999999999911e-01
9.899999999999999911e-01
9.899999999999999911e-01
8.486135493236068861e-01
9.899999999999999911e-01
9.899999999999999911e-01
9.899999999999999911e-01
7.989058564684010655e-01
9.899999999999999911e-01
9.850874998984916475e-01
9.899999999999999911e-01
8.249347140748861662e-01
9.899999999999999911e-01
9.899999999999999911e-01
9.899999999999999911e-01
8.430542337472292092e-01
9.899999999999999911e-01
9.899999999999999911e-01
9.899999999999999911e-01
8.237492982010803377e-01
9.899999999999999911e-01
8.008236130832536714e-01
9.899999999999999911e-01
9.899999999999999911e-01
9.899999999999999911e-01
9.114892815709971785e-01
9.899999999999999911e-01
7.293610925158046099e-01
9.899999999999999911e-01
9.899999999999999911e-01
9.899999999999999911e-01
7.775086955477863437e-01
9.899999999999999911e-01
9.899999999999999911e-01
9.899999999999999911e-01
7.406575848117668004e-01
9.899999999999999911e-01
9.899999999999999911e-01
9.899999999999999911e-01
7.551302581189033303e-01
9.899999999999999911e-01
9.899999999999999911e-01
9.899999999999999911e-01
8.420321086270520228e-01
9.899999999999999911e-01
9.899999999999999911e-01
9.899999999999999911e-01
8.646342032514273690e-01
9.899999999999999911e-01
9.899999999999999911e-01
9.899999999999999911e-01
8.843670500307335702e-01
9.899999999999999911e-01
9.899999999999999911e-01
8.568205272954254603e-01
9.899999999999999911e-01
9.899999999999999911e-01
9.899999999999999911e-01
8.408050101774278140e-01
9.899999999999999911e-01
9.899999999999999911e-01
9.481623592284863511e-01
9.899999999999999911e-01
9.899999999999999911e-01
9.899999999999999911e-01
8.620219950118526153e-01
9.899999999999999911e-01
9.899999999999999911e-01
9.899999999999999911e-01
9.899999999999999911e-01
9.899999999999999911e-01
8.871994875857270868e-01
9.899999999999999911e-01
9.899999999999999911e-01
9.899999999999999911e-01
8.945167030803848895e-01
9.899999999999999911e-01
9.899999999999999911e-01
9.899999999999999911e-01
9.899999999999999911e-01
9.244954237052911417e-01
9.899999999999999911e-01
9.899999999999999911e-01
9.899999999999999911e-01
9.899999999999999911e-01
8.577673933195588685e-01
9.899999999999999911e-01
9.767673781621795115e-01
9.899999999999999911e-01
8.856904984484266219e-01
9.899999999999999911e-01
9.899999999999999911e-01
9.852405947561334587e-01
9.316325944345319465e-01
9.899999999999999911e-01
9.899999999999999911e-01
9.899999999999999911e-01
9.899999999999999911e-01
9.899999999999999911e-01
9.143835743527148896e-01
9.899999999999999911e-01
9.899999999999999911e-01
9.899999999999999911e-01
8.260809184634095859e-01
9.899999999999999911e-01
9.899999999999999911e-01
9.899999999999999911e-01
8.398359332914380193e-01
9.899999999999999911e-01
9.899999999999999911e-01
9.899999999999999911e-01
7.215012963117772848e-01
9.899999999999999911e-01
9.899999999999999911e-01
9.899999999999999911e-01
9.899999999999999911e-01
9.899999999999999911e-01
9.899999999999999911e-01
9.595165408923590489e-01
9.899999999999999911e-01
9.899999999999999911e-01
9.899999999999999911e-01
8.750706869221706041e-01
9.899999999999999911e-01
9.899999999999999911e-01
9.899999999999999911e-01
7.665846317916551467e-01
9.899999999999999911e-01
9.899999999999999911e-01
9.112834384056602843e-01
9.899999999999999911e-01
9.899999999999999911e-01
7.788542889373972766e-01
9.899999999999999911e-01
9.899999999999999911e-01
9.007620088828171001e-01
9.834604007286321670e-01
9.899999999999999911e-01
9.899999999999999911e-01
7.234651512372342053e-01
9.803681387013783999e-01
9.899999999999999911e-01
9.899999999999999911e-01
9.300346991199294200e-01
9.899999999999999911e-01
9.899999999999999911e-01
9.899999999999999911e-01
7.265279302476624901e-01
9.783202087631861499e-01
9.899999999999999911e-01
9.899999999999999911e-01
7.489766813021924152e-01
9.899999999999999911e-01
9.899999999999999911e-01
9.899999999999999911e-01
8.292924464949404939e-01
9.899999999999999911e-01
9.899999999999999911e-01
9.899999999999999911e-01
8.289275834555713818e-01
8.117646293379758848e-01
9.899999999999999911e-01
9.899999999999999911e-01
9.899999999999999911e-01
8.203749201141361524e-01
9.899999999999999911e-01
9.899999999999999911e-01
9.899999999999999911e-01
7.942582745043500481e-01
9.899999999999999911e-01
9.755610085732048242e-01
9.899999999999999911e-01
8.500194315012221669e-01
9.899999999999999911e-01
9.825465961640964530e-01
9.899999999999999911e-01
8.926590090216414142e-01
9.899999999999999911e-01
9.899999999999999911e-01
9.899999999999999911e-01
8.128680600211629637e-01
9.899999999999999911e-01
9.899999999999999911e-01
9.899999999999999911e-01
9.221602535734928496e-01
9.899999999999999911e-01
9.899999999999999911e-01
9.899999999999999911e-01
8.801562204647044307e-01
9.899999999999999911e-01
9.899999999999999911e-01
9.899999999999999911e-01
9.203427032339522862e-01
9.899999999999999911e-01
9.723866547365143109e-01
9.899999999999999911e-01
7.253157992646213081e-01
9.899999999999999911e-01
9.872967832696943891e-01
9.899999999999999911e-01
8.932137148362537804e-01
9.899999999999999911e-01
9.899999999999999911e-01
9.899999999999999911e-01
9.127775652919811744e-01
9.899999999999999911e-01
9.899999999999999911e-01
9.899999999999999911e-01
7.148908748263487212e-01
9.899999999999999911e-01
9.899999999999999911e-01
9.899999999999999911e-01
8.148338512264652334e-01
9.899999999999999911e-01
9.899999999999999911e-01
9.899999999999999911e-01
7.938899917060419087e-01
9.899999999999999911e-01
9.899999999999999911e-01
9.899999999999999911e-01
9.069286730160476262e-01
9.899999999999999911e-01
9.899999999999999911e-01
9.899999999999999911e-01
8.294057457574289804e-01
9.899999999999999911e-01
9.899999999999999911e-01
9.899999999999999911e-01
7.653157270345065655e-01
9.899999999999999911e-01
9.899999999999999911e-01
9.899999999999999911e-01
8.505584603599101179e-01
9.899999999999999911e-01
9.899999999999999911e-01
9.852473242036239309e-01
8.474878355577828426e-01
9.899999999999999911e-01
9.899999999999999911e-01
9.899999999999999911e-01
8.423981797053713416e-01
9.899999999999999911e-01
9.899999999999999911e-01
9.899999999999999911e-01
8.582228738854089656e-01
9.899999999999999911e-01
9.899999999999999911e-01
9.899999999999999911e-01
9.899999999999999911e-01
9.850485657233162273e-01
9.899999999999999911e-01
9.899999999999999911e-01
8.673496677852956527e-01
9.899999999999999911e-01
9.899999999999999911e-01
9.899999999999999911e-01
8.569991671005969813e-01
9.899999999999999911e-01
9.899999999999999911e-01
9.899999999999999911e-01
9.677757208495986196e-01
9.899999999999999911e-01
9.899999999999999911e-01
9.899999999999999911e-01
7.932819926359487850e-01
9.899999999999999911e-01
9.899999999999999911e-01
9.899999999999999911e-01
9.777924217402604867e-01
7.088016504759895309e-01
9.899999999999999911e-01
9.899999999999999911e-01
9.899999999999999911e-01
7.679277618100034397e-01
9.899999999999999911e-01
9.899999999999999911e-01
9.835067012598923686e-01
9.243086892224102735e-01
9.899999999999999911e-01
9.899999999999999911e-01
9.899999999999999911e-01
9.052628274615572845e-01
9.899999999999999911e-01
9.899999999999999911e-01
7.638492374287908504e-01
9.816461510582403793e-01
9.787428948293347419e-01
9.899999999999999911e-01
8.960388872300620866e-01
9.899999999999999911e-01
9.899999999999999911e-01
9.899999999999999911e-01
7.333309242650214443e-01
9.714105998279537468e-01
9.899999999999999911e-01
9.899999999999999911e-01
9.140290442412076777e-01
9.899999999999999911e-01
9.899999999999999911e-01
8.122712317198161891e-01
9.899999999999999911e-01
9.899999999999999911e-01
9.899999999999999911e-01
8.249336400858380269e-01
9.899999999999999911e-01
9.899999999999999911e-01
9.899999999999999911e-01
7.611787199816060223e-01
9.838684403341110274e-01
9.350478378464268658e-01
9.899999999999999911e-01
9.899999999999999911e-01
9.899999999999999911e-01
7.648720097374854809e-01
9.899999999999999911e-01
9.899999999999999911e-01
9.800023715730744600e-01
8.604405047119612071e-01
9.175487888208384568e-01
9.899999999999999911e-01
9.899999999999999911e-01
9.215348816933572884e-01
9.899999999999999911e-01
9.899999999999999911e-01
9.899999999999999911e-01
8.141384205177999434e-01
9.899999999999999911e-01
9.899999999999999911e-01
9.899999999999999911e-01
8.739054488775950258e-01
9.899999999999999911e-01
9.899999999999999911e-01
9.899999999999999911e-01
7.494559035550463211e-01
9.899999999999999911e-01
9.899999999999999911e-01
9.899999999999999911e-01
8.950315264174258933e-01
9.899999999999999911e-01
9.899999999999999911e-01
9.899999999999999911e-01
8.757960843595101741e-01
9.899999999999999911e-01
9.899999999999999911e-01
9.849313409589487422e-01
7.556107598359577127e-01
9.899999999999999911e-01
9.899999999999999911e-01
9.899999999999999911e-01
7.858596121590859518e-01
9.899999999999999911e-01
9.899999999999999911e-01
9.899999999999999911e-01
9.887713061546747895e-01
9.899999999999999911e-01
9.036634810684454067e-01
9.899999999999999911e-01
9.899999999999999911e-01
9.899999999999999911e-01
8.661701026406654069e-01
9.899999999999999911e-01
9.899999999999999911e-01
8.962802426201906814e-01
9.899999999999999911e-01
9.899999999999999911e-01
9.899999999999999911e-01
8.585237439223836198e-01
9.899999999999999911e-01
7.694220345855553589e-01
9.838043464902057611e-01
9.899999999999999911e-01
9.899999999999999911e-01
9.732205060767684657e-01
9.899999999999999911e-01
9.899999999999999911e-01
9.899999999999999911e-01
8.673572001175851032e-01
9.899999999999999911e-01
9.899999999999999911e-01
9.899999999999999911e-01
7.774163469460305675e-01
9.899999999999999911e-01
9.899999999999999911e-01
9.899999999999999911e-01
7.399711798369390525e-01
9.899999999999999911e-01
9.899999999999999911e-01
9.899999999999999911e-01
8.900198391407296850e-01
9.899999999999999911e-01
9.899999999999999911e-01
9.899999999999999911e-01
7.840401535408828559e-01
9.899999999999999911e-01
9.899999999999999911e-01
9.899999999999999911e-01
8.946776867222691054e-01
9.899999999999999911e-01
9.899999999999999911e-01
9.899999999999999911e-01
8.081634283042258282e-01
9.899999999999999911e-01
9.899999999999999911e-01
9.899999999999999911e-01
7.620518279991855826e-01
9.899999999999999911e-01
9.899999999999999911e-01
9.887127904338204321e-01
9.209773369741882654e-01
9.899999999999999911e-01
9.899999999999999911e-01
9.899999999999999911e-01
7.438784891847111114e-01
9.899999999999999911e-01
9.899999999999999911e-01
9.899999999999999911e-01
9.751673614513300947e-01
9.899999999999999911e-01
9.899999999999999911e-01
9.899999999999999911e-01
8.109301859969855197e-01
9.899999999999999911e-01
9.899999999999999911e-01
9.899999999999999911e-01
8.836069837935820459e-01
9.899999999999999911e-01
9.899999999999999911e-01
9.899999999999999911e-01
7.240825026655145491e-01
9.899999999999999911e-01
9.899999999999999911e-01
9.899999999999999911e-01
9.144217256322905163e-01
9.899999999999999911e-01
9.899999999999999911e-01
9.899999999999999911e-01
7.886515023443819716e-01
9.899999999999999911e-01
9.899999999999999911e-01
9.899999999999999911e-01
8.186055910864986629e-01
9.899999999999999911e-01
9.899999999999999911e-01
9.899999999999999911e-01
8.032540655928530615e-01
9.899999999999999911e-01
9.899999999999999911e-01
9.899999999999999911e-01
7.406922734889634929e-01
9.899999999999999911e-01
9.899999999999999911e-01
9.899999999999999911e-01
8.003284391415980137e-01
9.899999999999999911e-01
9.899999999999999911e-01
9.899999999999999911e-01
7.321611518432707966e-01
9.899999999999999911e-01
9.899999999999999911e-01
9.899999999999999911e-01
7.998594606755123904e-01
9.899999999999999911e-01
9.829849421316098068e-01
9.899999999999999911e-01
8.940848681695939826e-01
9.899999999999999911e-01
9.899999999999999911e-01
7.276578237246807968e-01
9.899999999999999911e-01
9.899999999999999911e-01
9.899999999999999911e-01
7.248751520783056623e-01
8.032280462178236213e-01
9.899999999999999911e-01
9.899999999999999911e-01
9.899999999999999911e-01
8.969653851403603939e-01
9.899999999999999911e-01
9.899999999999999911e-01
9.899999999999999911e-01
7.736300775512146011e-01
9.899999999999999911e-01
9.899999999999999911e-01
9.872464385258270525e-01
7.514823125318760288e-01
9.899999999999999911e-01
9.899999999999999911e-01
9.899999999999999911e-01
7.440725205246182528e-01
9.899999999999999911e-01
9.899999999999999911e-01
9.899999999999999911e-01
8.386936970820165760e-01
9.899999999999999911e-01
9.899999999999999911e-01
9.899999999999999911e-01
7.116010609456577818e-01
9.899999999999999911e-01
9.899999999999999911e-01
9.899999999999999911e-01
7.886330499663422033e-01
9.899999999999999911e-01
9.899999999999999911e-01
9.899999999999999911e-01
7.845269332582873734e-01
9.899999999999999911e-01
9.899999999999999911e-01
9.899999999999999911e-01
9.071195771868288960e-01
9.846346023037365613e-01
9.899999999999999911e-01
9.899999999999999911e-01
8.252242455150528011e-01
9.899999999999999911e-01
9.899999999999999911e-01
9.899999999999999911e-01
9.219060611882653467e-01
9.899999999999999911e-01
9.898287803670590135e-01
8.492128467624161514e-01
9.878517017522486787e-01
9.899999999999999911e-01
9.899999999999999911e-01
8.252257915382064102e-01
9.899999999999999911e-01
9.899999999999999911e-01
8.607985855608735193e-01
9.899999999999999911e-01
9.899999999999999911e-01
9.899999999999999911e-01
8.215482486686676022e-01
9.899999999999999911e-01
9.899999999999999911e-01
9.899999999999999911e-01
7.269898927523337218e-01
9.899999999999999911e-01
9.899999999999999911e-01
9.899999999999999911e-01
8.186595273663250794e-01
9.899999999999999911e-01
8.756089392423508366e-01
9.899999999999999911e-01
9.899999999999999911e-01
9.899999999999999911e-01
7.500113832525330260e-01
9.899999999999999911e-01
9.899999999999999911e-01
9.899999999999999911e-01
7.187271593076901555e-01
9.899999999999999911e-01
9.899999999999999911e-01
9.899999999999999911e-01
7.847126852743376846e-01
9.899999999999999911e-01
9.899999999999999911e-01
9.899999999999999911e-01
7.801621781962783109e-01
9.899999999999999911e-01
9.899999999999999911e-01
8.418108513341624466e-01
9.899999999999999911e-01
9.899999999999999911e-01
8.959838487687943331e-01
9.899999999999999911e-01
9.899999999999999911e-01
9.899999999999999911e-01
8.104998741095664760e-01
9.899999999999999911e-01
9.899999999999999911e-01
9.899999999999999911e-01
7.599958760976905925e-01
9.899999999999999911e-01
9.899999999999999911e-01
9.899999999999999911e-01
8.580713092876551817e-01
9.899999999999999911e-01
9.899999999999999911e-01
9.899999999999999911e-01
9.025003591030809069e-01
9.899999999999999911e-01
9.899999999999999911e-01
7.574848616189714390e-01
9.899999999999999911e-01
9.899999999999999911e-01
9.899999999999999911e-01
8.052614586006439090e-01
9.899999999999999911e-01
9.899999999999999911e-01
9.899999999999999911e-01
8.110915479026272745e-01
9.899999999999999911e-01
9.899999999999999911e-01
9.899999999999999911e-01
7.504332791385467383e-01
9.791547478153084239e-01
9.899999999999999911e-01
9.899999999999999911e-01
8.473475812444488664e-01
9.899999999999999911e-01
9.899999999999999911e-01
9.899999999999999911e-01
7.525603236413909158e-01
9.899999999999999911e-01
9.899999999999999911e-01
9.899999999999999911e-01
8.861263349890738938e-01
9.899999999999999911e-01
9.896339617261489252e-01
9.899999999999999911e-01
7.748096213518911313e-01
9.899999999999999911e-01
9.899999999999999911e-01
9.899999999999999911e-01
8.226145861441506169e-01
9.899999999999999911e-01
9.899999999999999911e-01
9.899999999999999911e-01
8.560552871085276294e-01
9.899999999999999911e-01
9.899999999999999911e-01
9.892295721371184847e-01
7.548561900332330099e-01
9.899999999999999911e-01
9.899999999999999911e-01
9.899999999999999911e-01
8.655948516991140984e-01
9.899999999999999911e-01
7.891557441607978118e-01
9.899999999999999911e-01
9.899999999999999911e-01
9.890820418386125912e-01
8.735311631460318527e-01
9.899999999999999911e-01
9.899999999999999911e-01
9.899999999999999911e-01
7.748062592678816030e-01
9.899999999999999911e-01
9.899999999999999911e-01
7.237742891462509709e-01
9.899999999999999911e-01
9.899999999999999911e-01
9.899999999999999911e-01
7.203784659480397812e-01
9.899999999999999911e-01
9.899999999999999911e-01
9.899999999999999911e-01
8.116201991227754986e-01
9.899999999999999911e-01
9.899999999999999911e-01
8.869943336266075118e-01
9.899999999999999911e-01
9.899999999999999911e-01
9.899999999999999911e-01
8.806395945528715519e-01
9.899999999999999911e-01
9.899999999999999911e-01
7.605414678387243388e-01
9.899999999999999911e-01
9.899999999999999911e-01
9.899999999999999911e-01
9.744832304414436930e-01
9.899999999999999911e-01
9.899999999999999911e-01
9.899999999999999911e-01
7.566115982485936975e-01
9.754147696170520909e-01
9.899999999999999911e-01
9.899999999999999911e-01
8.015524195324635892e-01
9.899999999999999911e-01
9.899999999999999911e-01
9.899999999999999911e-01
9.010798254605302260e-01
9.899999999999999911e-01
9.510965043804536778e-01
9.880463967379541357e-01
8.599732877822489074e-01
9.899999999999999911e-01
9.899999999999999911e-01
8.473239989214566004e-01
9.899999999999999911e-01
9.899999999999999911e-01
9.771892217043938178e-01
8.318986381879116543e-01
9.762648166815737216e-01
9.899999999999999911e-01
9.899999999999999911e-01
7.458473691237308412e-01
9.899999999999999911e-01
9.899999999999999911e-01
9.899999999999999911e-01
8.390869713816976327e-01
9.899999999999999911e-01
7.362925610180772740e-01
9.899999999999999911e-01
9.899999999999999911e-01
8.153742696950285751e-01
9.899999999999999911e-01
9.899999999999999911e-01
9.899999999999999911e-01
9.031026811806166510e-01
9.899999999999999911e-01
9.899999999999999911e-01
9.899999999999999911e-01
8.644331934832419906e-01
9.899999999999999911e-01
9.899999999999999911e-01
7.719786331825657655e-01
9.899999999999999911e-01
9.899999999999999911e-01
9.899999999999999911e-01
9.032262173357844537e-01
9.899999999999999911e-01
9.860738114780611685e-01
9.804423499178938073e-01
7.791609001543535751e-01
9.899999999999999911e-01
9.899999999999999911e-01
9.072174744468137764e-01
9.899999999999999911e-01
9.899999999999999911e-01
9.899999999999999911e-01
7.631695065081051110e-01
9.854258822466864798e-01
9.860250077567384031e-01
8.958353467920286972e-01
9.829243513871088744e-01
9.899999999999999911e-01
9.804253918018420721e-01
8.238761600551754993e-01
9.899999999999999911e-01
9.899999999999999911e-01
9.899999999999999911e-01
9.189259157690483626e-01
9.899999999999999911e-01
9.899999999999999911e-01
9.899999999999999911e-01
8.327152279690888115e-01
9.899999999999999911e-01
9.899999999999999911e-01
9.899999999999999911e-01
7.972010554205551935e-01
9.899999999999999911e-01
9.899999999999999911e-01
9.899999999999999911e-01
8.987186156427565686e-01
9.899999999999999911e-01
9.899999999999999911e-01
9.899999999999999911e-01
8.122108348781799103e-01
9.899999999999999911e-01
9.899999999999999911e-01
9.130894027330136442e-01
9.899999999999999911e-01
9.899999999999999911e-01
9.899999999999999911e-01
8.691137932913872710e-01
9.899999999999999911e-01
8.706871190360335744e-01
9.899999999999999911e-01
9.833735472771577557e-01
9.899999999999999911e-01
7.511781911036052861e-01
9.899999999999999911e-01
9.899999999999999911e-01
9.899999999999999911e-01
9.016890821532003164e-01
9.899999999999999911e-01
9.899999999999999911e-01
9.899999999999999911e-01
8.668200508134457083e-01
9.899999999999999911e-01
9.899999999999999911e-01
7.475694392096590146e-01
9.899999999999999911e-01
9.899999999999999911e-01
9.899999999999999911e-01
8.959638744377548258e-01
9.899999999999999911e-01
9.899999999999999911e-01
9.899999999999999911e-01
8.979272523535406503e-01
9.899999999999999911e-01
9.899999999999999911e-01
9.899999999999999911e-01
8.693042724340336314e-01
9.899999999999999911e-01
9.899999999999999911e-01
9.899999999999999911e-01
7.445200930753617108e-01
9.899999999999999911e-01
9.899999999999999911e-01
9.899999999999999911e-01
7.591270196171986395e-01
9.899999999999999911e-01
9.899999999999999911e-01
9.899999999999999911e-01
7.716495648482254444e-01
9.899999999999999911e-01
9.899999999999999911e-01
7.413068316616859832e-01
9.899999999999999911e-01
9.899999999999999911e-01
9.899999999999999911e-01
8.819196213307919363e-01
9.899999999999999911e-01
9.899999999999999911e-01
7.212811130757320610e-01
9.899999999999999911e-01
9.899999999999999911e-01
9.899999999999999911e-01
8.960181073789897921e-01
9.899999999999999911e-01
7.379595869846261591e-01
9.899999999999999911e-01
9.879076486788241906e-01
7.253111020289528810e-01
9.838059235515509426e-01
9.899999999999999911e-01
8.887811908838398889e-01
9.899999999999999911e-01
9.744303794840025734e-01
8.987891718294234167e-01
9.899999999999999911e-01
9.797568137416571288e-01
9.899999999999999911e-01
9.137863872570631818e-01
9.893968434529781808e-01
9.899999999999999911e-01
7.741450401011442661e-01
9.899999999999999911e-01
9.899999999999999911e-01
9.708427165657211866e-01
7.955770234967438626e-01
9.899999999999999911e-01
9.899999999999999911e-01
9.899999999999999911e-01
8.334302632489157814e-01
9.899999999999999911e-01
9.899999999999999911e-01
9.899999999999999911e-01
9.160887411931767366e-01
9.899999999999999911e-01
9.899999999999999911e-01
8.897078196925989335e-01
9.899999999999999911e-01
9.899999999999999911e-01
9.899999999999999911e-01
8.779886726623237214e-01
9.899999999999999911e-01
9.899999999999999911e-01
8.826506608353025252e-01
9.899999999999999911e-01
9.899999999999999911e-01
9.846983616850764065e-01
9.415820821190163947e-01
9.899999999999999911e-01
9.899999999999999911e-01
9.899999999999999911e-01
9.899999999999999911e-01
9.899999999999999911e-01
9.049910858532018709e-01
9.899999999999999911e-01
9.899999999999999911e-01
7.574067825750444571e-01
9.899999999999999911e-01
9.899999999999999911e-01
9.899999999999999911e-01
8.111171533245126186e-01
9.899999999999999911e-01
9.899999999999999911e-01
9.899999999999999911e-01
8.130213482480345144e-01
9.743683753018851368e-01
7.084682027158893947e-01
9.899999999999999911e-01
9.899999999999999911e-01
8.669538439847910283e-01
9.899999999999999911e-01
9.778199205165446495e-01
9.798611421196666837e-01
8.445627331175794561e-01
9.899999999999999911e-01
9.899999999999999911e-01
9.899999999999999911e-01
7.973767248582476208e-01
9.899999999999999911e-01
9.899999999999999911e-01
7.977747521604109382e-01
9.802568566986323839e-01
9.899999999999999911e-01
9.899999999999999911e-01
8.462688362971785283e-01
9.899999999999999911e-01
9.899999999999999911e-01
9.899999999999999911e-01
9.104156527611544369e-01
9.899999999999999911e-01
9.899999999999999911e-01
9.899999999999999911e-01
8.195435916666441445e-01
9.858575196034231602e-01
9.899999999999999911e-01
9.899999999999999911e-01
8.249269016962531564e-01
9.899999999999999911e-01
9.899999999999999911e-01
9.899999999999999911e-01
8.531126898702844352e-01
9.859741138439293007e-01
9.899999999999999911e-01
9.899999999999999911e-01
7.713392412427303446e-01
9.899999999999999911e-01
9.704532105447982726e-01
9.899999999999999911e-01
7.883594136106275574e-01
9.899999999999999911e-01
9.899999999999999911e-01
9.899999999999999911e-01
8.656741946732365856e-01
9.899999999999999911e-01
9.899999999999999911e-01
9.899999999999999911e-01
7.987330391316642686e-01
9.899999999999999911e-01
9.899999999999999911e-01
9.899999999999999911e-01
8.229118938539758954e-01
9.899999999999999911e-01
9.844215690981849010e-01
8.796893535427374733e-01
9.899999999999999911e-01
9.899999999999999911e-01
9.899999999999999911e-01
