9.180387224235111443e-01
9.899999999999999911e-01
9.899999999999999911e-01
9.899999999999997691e-01
7.268190888492295221e-01
9.899999999999999911e-01
9.899999999999999911e-01
9.899999999999999911e-01
8.737504461020290103e-01
9.784128576950064105e-01
9.899999999999999911e-01
9.899999999999999911e-01
8.108281850654089906e-01
9.899999999999999911e-01
9.899999999999999911e-01
9.899999999999999911e-01
8.779626339816246627e-01
9.899999999999999911e-01
9.899999999999999911e-01
9.899999999999999911e-01
8.133730346227696639e-01
9.899999999999999911e-01
9.899999999999999911e-01
9.899999999999999911e-01
8.900837329867893333e-01
9.899999999999999911e-01
9.899999999999999911e-01
9.899999999999999911e-01
8.623835178937951929e-01
9.899999999999999911e-01
9.899999999999999911e-01
9.899999999999999911e-01
8.730003611379685280e-01
9.899999999999999911e-01
9.899999999999999911e-01
9.899999999999999911e-01
8.991869131891456757e-01
9.899999999999999911e-01
9.899999999999999911e-01
9.899999999999999911e-01
8.747373853163408208e-01
9.899999999999999911e-01
9.899999999999999911e-01
9.899999999999999911e-01
8.995825908825694217e-01
9.899999999999999911e-01
9.899999999999999911e-01
9.863355491161139854e-01
8.942845802416554690e-01
9.899999999999999911e-01
9.626156420125554503e-01
9.899999999999999911e-01
8.793783836736953630e-01
9.899999999999999911e-01
9.899999999999999911e-01
9.899999999999999911e-01
7.146257937122267867e-01
9.899999999999999911e-01
9.899999999999999911e-01
9.899999999999999911e-01
7.916517195909769100e-01
9.899999999999999911e-01
9.899999999999999911e-01
9.899999999999999911e-01
7.401090791018712922e-01
9.740118338357397487e-01
9.899999999999999911e-01
9.899999999999999911e-01
7.742654607792598398e-01
9.899999999999999911e-01
9.899999999999999911e-01
9.899999999999999911e-01
8.785256948585140613e-01
9.899999999999999911e-01
9.899999999999999911e-01
9.899999999999999911e-01
9.118575345534067900e-01
9.899999999999999911e-01
9.899999999999998801e-01
9.899999999999999911e-01
8.676268447799325712e-01
9.899999999999999911e-01
9.899999999999999911e-01
9.899999999999999911e-01
8.315118467738751296e-01
9.895075494147812512e-01
9.768108076511283766e-01
9.899999999999999911e-01
8.805007212818604101e-01
9.899999999999999911e-01
9.899999999999999911e-01
9.899999999999999911e-01
8.305672146904442554e-01
9.899999999999999911e-01
9.899999999999999911e-01
9.899999999999999911e-01
7.811085758883665742e-01
9.899999999999999911e-01
9.686116372993894830e-01
9.899999999999999911e-01
8.068873519188057841e-01
9.899999999999999911e-01
9.899999999999999911e-01
9.899999999999999911e-01
8.257768800688269906e-01
9.899999999999999911e-01
9.899999999999999911e-01
9.899999999999999911e-01
8.094250321530116477e-01
9.899999999999999911e-01
7.844918050086676642e-01
9.899999999999999911e-01
9.899999999999999911e-01
9.899999999999999911e-01
8.980676849042189547e-01
9.896102108190312219e-01
7.107312515360837413e-01
9.899999999999999911e-01
9.899999999999999911e-01
9.899999999999999911e-01
7.592719562304125480e-01
9.899999999999999911e-01
9.899999999999999911e-01
9.899999999999999911e-01
7.237027572284666643e-01
9.899999999999999911e-01
9.899999999999999911e-01
9.826119754630485703e-01
7.396763293409891471e-01
9.899999999999999911e-01
9.899999999999999911e-01
9.899999999999999911e-01
8.240864569957149222e-01
9.899999999999999911e-01
9.899999999999999911e-01
9.899999999999999911e-01
8.467445999301889126e-01
9.899999999999999911e-01
9.899999999999999911e-01
9.899999999999999911e-01
8.772257306529588350e-01
9.899999999999999911e-01
9.899999999999999911e-01
8.475620044600127301e-01
9.899999999999999911e-01
9.899999999999999911e-01
9.899999999999999911e-01
8.318147339954805597e-01
9.899999999999999911e-01
9.899999999999999911e-01
9.439530114210781253e-01
9.899999999999999911e-01
9.899999999999999911e-01
9.899999999999999911e-01
8.505885889653809206e-01
9.795903248285275922e-01
9.899999999999999911e-01
9.899999999999999911e-01
9.899999999999999911e-01
9.899999999999999911e-01
8.767797471512378538e-01
9.899999999999999911e-01
9.899999999999999911e-01
9.899999999999999911e-01
8.822841813398890620e-01
9.899999999999999911e-01
9.878331373237815294e-01
9.899999999999999911e-01
9.899999999999999911e-01
9.098386119853283382e-01
9.899999999999999911e-01
9.899999999999999911e-01
9.899999999999999911e-01
9.899999999999999911e-01
8.463028150813014516e-01
9.899999999999999911e-01
9.633565804359960350e-01
9.899999999999999911e-01
8.757842780816137429e-01
9.899999999999999911e-01
9.899999999999999911e-01
9.747163648077225018e-01
9.183217947541088000e-01
9.899999999999999911e-01
9.867124508557276741e-01
9.899999999999999911e-01
9.899999999999999911e-01
9.899999999999999911e-01
9.009136746144144059e-01
9.899999999999999911e-01
9.899999999999999911e-01
9.899999999999999911e-01
8.144029529293603797e-01
9.899999999999999911e-01
9.899999999999999911e-01
9.878318413882589688e-01
8.221981925212498155e-01
9.899999999999999911e-01
9.899999999999999911e-01
9.899999999999999911e-01
7.037299430963360747e-01
9.899999999999999911e-01
9.899999999999999911e-01
9.899999999999999911e-01
9.899999999999999911e-01
9.899999999999999911e-01
9.899999999999999911e-01
9.560948903502211049e-01
9.899999999999999911e-01
9.899999999999999911e-01
9.899999999999999911e-01
8.571771762850599607e-01
9.899999999999999911e-01
9.899999999999999911e-01
9.899999999999999911e-01
7.541208049841597871e-01
9.899999999999999911e-01
9.899999999999999911e-01
8.990590737766036566e-01
9.899999999999999911e-01
9.899999999999999911e-01
7.656511923425720623e-01
9.899999999999999911e-01
9.884124832417421347e-01
8.881363172731269184e-01
9.716149364357158369e-01
9.899999999999999911e-01
9.899999999999999911e-01
7.089175154166915682e-01
9.617738774528855616e-01
9.874562778497749660e-01
9.899999999999999911e-01
9.193183903710784310e-01
9.899999999999999911e-01
9.899999999999999911e-01
9.899999999999999911e-01
7.082753636588400292e-01
9.601899174751901134e-01
9.899999999999999911e-01
9.899999999999999911e-01
7.324550484105583070e-01
9.899999999999999911e-01
9.899999999999999911e-01
9.899999999999999911e-01
8.119179804024307945e-01
9.899999999999999911e-01
9.899999999999999911e-01
9.899999999999999911e-01
8.175789747665130891e-01
7.938630778566170276e-01
9.899999999999999911e-01
9.899999999999999911e-01
9.899999999999999911e-01
8.022234177894916884e-01
9.899999999999999911e-01
9.838778206880253174e-01
9.759242335706239668e-01
7.761597874339172254e-01
9.899999999999999911e-01
9.584553367625170406e-01
9.899999999999999911e-01
8.320773512229568958e-01
9.899999999999999911e-01
9.656350656777943353e-01
9.899999999999999911e-01
8.768315516297920942e-01
9.899999999999999911e-01
9.899999999999999911e-01
9.899999999999999911e-01
7.981748768406018435e-01
9.899999999999999911e-01
9.899999999999999911e-01
9.899999999999999911e-01
9.047146112802035844e-01
9.899999999999999911e-01
9.899999999999999911e-01
9.899999999999999911e-01
8.712681972015999809e-01
9.899999999999999911e-01
9.899999999999999911e-01
9.888048571938380382e-01
9.022610632517535922e-01
9.899999999999999911e-01
9.537073075571772529e-01
9.899999999999999911e-01
7.069851399496788202e-01
9.899999999999999911e-01
9.695759966982088196e-01
9.899999999999999911e-01
8.754203710873693645e-01
9.899999999999999911e-01
9.899999999999999911e-01
9.899999999999999911e-01
8.944583708301458991e-01
9.899999999999999911e-01
9.899999999999999911e-01
9.899999999999999911e-01
6.984231438999791708e-01
9.899999999999999911e-01
9.836635483823049642e-01
9.899999999999999911e-01
7.982566897943871309e-01
9.899999999999999911e-01
9.899999999999999911e-01
9.899999999999999911e-01
7.759690202919252711e-01
9.899999999999999911e-01
9.899999999999999911e-01
9.899999999999999911e-01
8.895863606580853844e-01
9.899999999999999911e-01
9.899999999999999911e-01
9.899999999999999911e-01
8.112700942839219387e-01
9.815958767750376790e-01
9.899999999999999911e-01
9.899999999999999911e-01
7.474073091992983198e-01
9.899999999999999911e-01
9.899999999999999911e-01
9.899999999999999911e-01
8.331688625967526018e-01
9.899999999999999911e-01
9.899999999999999911e-01
9.677188204622865220e-01
8.295846289676435115e-01
9.899999999999999911e-01
9.899999999999999911e-01
9.899999999999999911e-01
8.251313930371584338e-01
9.899999999999999911e-01
9.895049291815514181e-01
9.899999999999999911e-01
8.403347889989586372e-01
9.899999999999999911e-01
9.728956095484706523e-01
9.899999999999999911e-01
9.899999999999999911e-01
9.801983081456994151e-01
9.899999999999999911e-01
9.899999999999999911e-01
8.569051641588026902e-01
9.874618482848138701e-01
9.899999999999999911e-01
9.899999999999999911e-01
8.389628021369883726e-01
9.899999999999999911e-01
9.899999999999999911e-01
9.899999999999999911e-01
9.656739770875243378e-01
9.899999999999999911e-01
9.899999999999999911e-01
9.899999999999999911e-01
7.818940585734865945e-01
9.899999999999999911e-01
9.899999999999999911e-01
9.899999999999999911e-01
9.638148845610131632e-01
6.911182837752255503e-01
9.899999999999999911e-01
9.766822078794401563e-01
9.899999999999999911e-01
7.546241592962917855e-01
9.899999999999999911e-01
9.899999999999999911e-01
9.697381623753577040e-01
9.086848480048970167e-01
9.877494477460037059e-01
9.899999999999999911e-01
9.899999999999999911e-01
8.880154445927923579e-01
9.899999999999999911e-01
9.899999999999999911e-01
7.464643148785830018e-01
9.634089193138702933e-01
9.610076394070740102e-01
9.899999999999999911e-01
8.778834325878701605e-01
9.899999999999999911e-01
9.899999999999999911e-01
9.899999999999999911e-01
7.146358814460460618e-01
9.528210765573980057e-01
9.899999999999999911e-01
9.899999999999999911e-01
8.997506332588642852e-01
9.899999999999999911e-01
9.899999999999999911e-01
7.950829366892311345e-01
9.899999999999999911e-01
9.899999999999999911e-01
9.899999999999999911e-01
8.067968382306254238e-01
9.899999999999999911e-01
9.899999999999999911e-01
9.899999999999999911e-01
7.479173717548645017e-01
9.711127616975868682e-01
9.277702009921685589e-01
9.899999999999999911e-01
9.899999999999999911e-01
9.899999999999999911e-01
7.463647965261301920e-01
9.899999999999999911e-01
9.868075117293082510e-01
9.616283351261717405e-01
8.451214777375374299e-01
9.003047068627975102e-01
9.899999999999999911e-01
9.899999999999999911e-01
9.039184315400626835e-01
9.899999999999999911e-01
9.899999999999999911e-01
9.899999999999999911e-01
7.965858950969738617e-01
9.899999999999999911e-01
9.899999999999999911e-01
9.899999999999999911e-01
8.561491627914475933e-01
9.899999999999999911e-01
9.899999999999999911e-01
9.899999999999999911e-01
7.328086943728338021e-01
9.899999999999999911e-01
9.899999999999999911e-01
9.899999999999999911e-01
8.770668444986494672e-01
9.899999999999999911e-01
9.899999999999999911e-01
9.899999999999999911e-01
8.581873253870542229e-01
9.899999999999999911e-01
9.899999999999999911e-01
9.666131229845563722e-01
7.395835176720457760e-01
9.899999999999999911e-01
9.899999999999999911e-01
9.899999999999999911e-01
7.676271608705901306e-01
9.899999999999999911e-01
9.899999999999999911e-01
9.899999999999999911e-01
9.808522944114894671e-01
9.899999999999999911e-01
8.915657912842850363e-01
9.899999999999999911e-01
9.899999999999999911e-01
9.899999999999999911e-01
8.532108868821604020e-01
9.899999999999999911e-01
9.899999999999999911e-01
8.782272742911948482e-01
9.899999999999999911e-01
9.899999999999999911e-01
9.899999999999999911e-01
8.463401274648961747e-01
9.899999999999999911e-01
7.530998954037705362e-01
9.658656138528511903e-01
9.899999999999999911e-01
9.899999999999999911e-01
9.714448237519933693e-01
9.899999999999999911e-01
9.899999999999999911e-01
9.899993361424885840e-01
8.506555024334239157e-01
9.899999999999999911e-01
9.899999999999999911e-01
9.899999999999999911e-01
7.609752722947445980e-01
9.899999999999999911e-01
9.899999999999999911e-01
9.899999999999999911e-01
7.229631677678456381e-01
9.803219080928162743e-01
9.899999999999999911e-01
9.899999999999999911e-01
8.770950058998618903e-01
9.899999999999999911e-01
9.899999999999999911e-01
9.882819622185852193e-01
7.670498384776149869e-01
9.899999999999999911e-01
9.899999999999999911e-01
9.899999999999999911e-01
8.776088460083739662e-01
9.899999999999999911e-01
9.899999999999999911e-01
9.899999999999999911e-01
7.916892368704526728e-01
9.899999999999999911e-01
9.899999999999999911e-01
9.814497896705299818e-01
7.485919553792225178e-01
9.899999999999999911e-01
9.899999999999999911e-01
9.763017140602983091e-01
9.053596140810852289e-01
9.899999999999999911e-01
9.899999999999999911e-01
9.888357257438723513e-01
7.263792437786581457e-01
9.899999999999999911e-01
9.899999999999999911e-01
9.899999999999999911e-01
9.737537222963483785e-01
9.888724923534911726e-01
9.899999999999999911e-01
9.899999999999999911e-01
7.981973611296900861e-01
9.899999999999999911e-01
9.899999999999999911e-01
9.899999999999999911e-01
8.726232073095107067e-01
9.899999999999999911e-01
9.899999999999999911e-01
9.899999999999999911e-01
7.058581665185265086e-01
9.899999999999999911e-01
9.899999999999999911e-01
9.899999999999999911e-01
8.968047902547239270e-01
9.899999999999999911e-01
9.899999999999999911e-01
9.899999999999999911e-01
7.761977140753241189e-01
9.796070339760647450e-01
9.899999999999999911e-01
9.874995674251745292e-01
8.020533845994503030e-01
9.836458482229833988e-01
9.899999999999999911e-01
9.899999999999999911e-01
7.855405735123039968e-01
9.899999999999999911e-01
9.899999999999999911e-01
9.899999999999999911e-01
7.222447583519856495e-01
9.899999999999999911e-01
9.899999999999999911e-01
9.899999999999999911e-01
7.835480095975111414e-01
9.899999999999999911e-01
9.899999999999999911e-01
9.899999999999999911e-01
7.150503978145645867e-01
9.786034104457649319e-01
9.899999999999999911e-01
9.899999999999999911e-01
7.817227754151941932e-01
9.899999999999999911e-01
9.646899296885471653e-01
9.899999999999999911e-01
8.806106855871511652e-01
9.899999999999999911e-01
9.899999999999999911e-01
7.115932250346763688e-01
9.899999999999999911e-01
9.899999999999999911e-01
9.778456704786924192e-01
7.104275778068945835e-01
7.865543117967896958e-01
9.899999999999999911e-01
9.899999999999999911e-01
9.899999999999999911e-01
8.906484672045539286e-01
9.899999999999999911e-01
9.899999999999999911e-01
9.899999999999999911e-01
7.578406423923641499e-01
9.899999999999999911e-01
9.899999999999999911e-01
9.709808910494022172e-01
7.329082854583395257e-01
9.899999999999999911e-01
9.899999999999999911e-01
9.899999999999999911e-01
7.254910719169538336e-01
9.899999999999999911e-01
9.899492350025705933e-01
9.899999999999999911e-01
8.209959490679740179e-01
9.899999999999999911e-01
9.850413627753463741e-01
9.899999999999999911e-01
6.961746071143555259e-01
9.899999999999999911e-01
9.899999999999999911e-01
9.899999999999999911e-01
7.710243299262975469e-01
9.899999999999999911e-01
9.899999999999999911e-01
9.899999999999999911e-01
7.668220820563614870e-01
9.899999999999999911e-01
9.761477678094522270e-01
9.899999999999999911e-01
8.925896610871554282e-01
9.765030547734508959e-01
9.899999999999999911e-01
9.899999999999999911e-01
8.128780483737154672e-01
9.899999999999999911e-01
9.899999999999999911e-01
9.899999999999999911e-01
9.134608323017388010e-01
9.899999999999999911e-01
9.810221974999090433e-01
8.345227251818710945e-01
9.722851629289223085e-01
9.899999999999999911e-01
9.899999999999999911e-01
8.151919490495189713e-01
9.899999999999999911e-01
9.899999999999999911e-01
8.482854831692517861e-01
9.899999999999999911e-01
9.899999999999999911e-01
9.899999999999999911e-01
8.063633465099930842e-01
9.899999999999999911e-01
9.899999999999999911e-01
9.899999999999999911e-01
7.118825677357757398e-01
9.899999999999999911e-01
9.899999999999999911e-01
9.899999999999999911e-01
8.079650974729422064e-01
9.899999999999999911e-01
8.606072984524838487e-01
9.899999999999999911e-01
9.899999999999999911e-01
9.899999999999999911e-01
7.336229792110703363e-01
9.899999999999999911e-01
9.899999999999999911e-01
9.729123096494294298e-01
7.018237497875450259e-01
9.899999999999999911e-01
9.899999999999999911e-01
9.827354235943087657e-01
7.664980718470921772e-01
9.899999999999999911e-01
9.899999999999999911e-01
9.899999999999999911e-01
7.647276245583349841e-01
9.899999999999999911e-01
9.899999999999999911e-01
8.271445804226347231e-01
9.899999999999999911e-01
9.899999999999999911e-01
8.785440191251906450e-01
9.899999999999999911e-01
9.899999999999999911e-01
9.899999999999999911e-01
7.941208264331698352e-01
9.899999999999999911e-01
9.899999999999999911e-01
9.899999999999999911e-01
7.414822633453561629e-01
9.899999999999999911e-01
9.899999999999999911e-01
9.899999999999999911e-01
8.400813365942920719e-01
9.899999999999999911e-01
9.735416452359946238e-01
9.899999999999999911e-01
8.843536585936124794e-01
9.899999999999999911e-01
9.899999999999999911e-01
7.390337782928976251e-01
9.899999999999999911e-01
9.899999999999999911e-01
9.860302435705592394e-01
7.870630272102949743e-01
9.899999999999999911e-01
9.899999999999999911e-01
9.899999999999999911e-01
7.937768710378776404e-01
9.899999999999999911e-01
9.870790630224355322e-01
9.899999999999999911e-01
7.332482711556361776e-01
9.679976243479517795e-01
9.899999999999999911e-01
9.899999999999999911e-01
8.306452810994556790e-01
9.899999999999999911e-01
9.899999999999999911e-01
9.763129040099923772e-01
7.346440492589207949e-01
9.899999999999999911e-01
9.899999999999999911e-01
9.750917883833428723e-01
8.679016638187908583e-01
9.899999999999999911e-01
9.709052321462089408e-01
9.899999999999999911e-01
7.573982047291384356e-01
9.899999999999999911e-01
9.899999999999999911e-01
9.899999999999999911e-01
8.062203914502288349e-01
9.899999999999999911e-01
9.899999999999999911e-01
9.899999999999999911e-01
8.389869251740833533e-01
9.899999999999999911e-01
9.899999999999999911e-01
9.715122068661951049e-01
7.364157125884350785e-01
9.899999999999999911e-01
9.899999999999999911e-01
9.899999999999999911e-01
8.539380576315466209e-01
9.899999999999999911e-01
7.710161459513182880e-01
9.891041045371827822e-01
9.899999999999999911e-01
9.704274806926475039e-01
8.564765786997731167e-01
9.899999999999999911e-01
9.899999999999999911e-01
9.899999999999999911e-01
7.575104465831375977e-01
9.899999999999999911e-01
9.899999999999999911e-01
7.083822778541353227e-01
9.899999999999999911e-01
9.899999999999999911e-01
9.899999999999999911e-01
7.020637839583987461e-01
9.899999999999999911e-01
9.826663564943142193e-01
9.899999999999999911e-01
7.935038708845387756e-01
9.899999999999999911e-01
9.899999999999999911e-01
8.694291562536916596e-01
9.873514601438520000e-01
9.899999999999999911e-01
9.899999999999999911e-01
8.633926752577856245e-01
9.899999999999999911e-01
9.899999999999999911e-01
7.411044361095552313e-01
9.899999999999999911e-01
9.899999999999999911e-01
9.899999999999999911e-01
9.735006022016978733e-01
9.899999999999999911e-01
9.899999999999999911e-01
9.899999999999999911e-01
7.384894453240554713e-01
9.575375887679866693e-01
9.899999999999999911e-01
9.899999999999999911e-01
7.840097622982697967e-01
9.899999999999999911e-01
9.758096939451010865e-01
9.899999999999999911e-01
8.837450780827856844e-01
9.899999999999999911e-01
9.220139684831014648e-01
9.696335018990359655e-01
8.500735166618250682e-01
9.899999999999999911e-01
9.899999999999999911e-01
8.285704443726098489e-01
9.899999999999999911e-01
9.899999999999999911e-01
9.589229270767866131e-01
8.147148995984866415e-01
9.590901694693263480e-01
9.899999999999999911e-01
9.899999999999999911e-01
7.274050813228075674e-01
9.899999999999999911e-01
9.899999999999999911e-01
9.899999999999999911e-01
8.298810356599637394e-01
9.813609383333788960e-01
7.221552928355065015e-01
9.899999999999999911e-01
9.899999999999999911e-01
7.972090246086862564e-01
9.899999999999999911e-01
9.899999999999999911e-01
9.899999999999999911e-01
8.857681365720893041e-01
9.899999999999999911e-01
9.899999999999999911e-01
9.899999999999999911e-01
8.462968592541164625e-01
9.860515572654114935e-01
9.899999999999999911e-01
7.537260890231172183e-01
9.899999999999999911e-01
9.899999999999999911e-01
9.899999999999999911e-01
8.855784119712909463e-01
9.829630916846674449e-01
9.673130766936173242e-01
9.621684632888511945e-01
7.617153039814901216e-01
9.899999999999999911e-01
9.899999999999999911e-01
8.888912192572816506e-01
9.825329971960633513e-01
9.899999999999999911e-01
9.899999999999999911e-01
7.503396785780102052e-01
9.706186291387126630e-01
9.715708155395454959e-01
8.785403154984195995e-01
9.642036699070865025e-01
9.746538571329970146e-01
9.626166388116104145e-01
8.063855305258633699e-01
9.899999999999999911e-01
9.899999999999999911e-01
9.899999999999999911e-01
9.099154503432687058e-01
9.867846423350573604e-01
9.899999999999999911e-01
9.899999999999999911e-01
8.149977515598918476e-01
9.899999999999999911e-01
9.899999999999999911e-01
9.899999999999999911e-01
7.789063189875822246e-01
9.755669965267625976e-01
9.803167584900355225e-01
9.899999999999999911e-01
8.813961808567039036e-01
9.776022335121175022e-01
9.899999999999999911e-01
9.765893437495040130e-01
7.949485007804680814e-01
9.899999999999999911e-01
9.899999999999999911e-01
8.948940991403917522e-01
9.899999999999999911e-01
9.780460419968959318e-01
9.806327588419789798e-01
8.555560802067623261e-01
9.899999999999999911e-01
8.525455148466993816e-01
9.899999999999999911e-01
9.648711176158181191e-01
9.899999999999999911e-01
7.339961137285661019e-01
9.899999999999999911e-01
9.899999999999999911e-01
9.899999999999999911e-01
8.845104504477002694e-01
9.899999999999999911e-01
9.899999999999999911e-01
9.899999999999999911e-01
8.515277261670365361e-01
9.899999999999999911e-01
9.899999999999999911e-01
7.298403421543762093e-01
9.899999999999999911e-01
9.899999999999999911e-01
9.899999999999999911e-01
8.781175041214139831e-01
9.899999999999999911e-01
9.899999999999999911e-01
9.899999999999999911e-01
8.803214632236359138e-01
9.899999999999999911e-01
9.899999999999999911e-01
9.899999999999999911e-01
8.618769881654505527e-01
9.899999999999999911e-01
9.899999999999999911e-01
9.899999999999999911e-01
7.275652871475136729e-01
9.899999999999999911e-01
9.899999999999999911e-01
9.899999999999999911e-01
7.408060047658765468e-01
9.899999999999999911e-01
9.899999999999999911e-01
9.899999999999999911e-01
7.541026172211917622e-01
9.899999999999999911e-01
9.899999999999999911e-01
7.226416262503336796e-01
9.899999999999999911e-01
9.899999999999999911e-01
9.899999999999999911e-01
8.641479581715196812e-01
9.899999999999999911e-01
9.899999999999999911e-01
7.059573460044287208e-01
9.899999999999999911e-01
9.899999999999999911e-01
9.899999999999999911e-01
8.778215955681870630e-01
9.899999999999999911e-01
7.192833385745295294e-01
9.899999999999999911e-01
9.706175716091842709e-01
7.083092649743627511e-01
9.708900005282328216e-01
9.899999999999999911e-01
8.709952624400962851e-01
9.899999999999999911e-01
9.568516019002528683e-01
8.808012005372221065e-01
9.899999999999999911e-01
9.612955441544555057e-01
9.899999999999999911e-01
8.954417997979360333e-01
9.744117740281329487e-01
9.899999999999999911e-01
7.597672826061409035e-01
9.899999999999999911e-01
9.899999999999999911e-01
9.507846006369595759e-01
7.766119267926445691e-01
9.899999999999999911e-01
9.899999999999999911e-01
9.899999999999999911e-01
8.162153254506406830e-01
9.814499115306773991e-01
9.899999999999999911e-01
9.899999999999999911e-01
8.987534841023346877e-01
9.886123694546813390e-01
9.899999999999999911e-01
8.833547560448588021e-01
9.899999999999999911e-01
9.899999999999999911e-01
9.899999999999999911e-01
8.668066181567269934e-01
9.899999999999999911e-01
9.899999999999999911e-01
8.653858827856338864e-01
9.899999999999999911e-01
9.899999999999999911e-01
9.677924269317584871e-01
9.327041206443708043e-01
9.899999999999999911e-01
9.899999999999999911e-01
9.899999999999999911e-01
9.899999999999999911e-01
9.899999999999999911e-01
8.974748147174718138e-01
9.899999999999999911e-01
9.899999999999999911e-01
7.414561792467539991e-01
9.899999999999999911e-01
9.899999999999999911e-01
9.899999999999999911e-01
7.934319579544181211e-01
9.899999999999999911e-01
9.899999999999999911e-01
9.899999999999999911e-01
8.004230447432931772e-01
9.572767630420535578e-01
6.916578379229123552e-01
9.899999999999999911e-01
9.899999999999999911e-01
8.493400471584623412e-01
9.899999999999999911e-01
9.597505719512067213e-01
9.627718022995130909e-01
8.274503018288877909e-01
9.899999999999999911e-01
9.899999999999999911e-01
9.899999999999999911e-01
7.791566871547105366e-01
9.899999999999999911e-01
9.899999999999999911e-01
7.800847124979642944e-01
9.617020838753006506e-01
9.899999999999999911e-01
9.899999999999999911e-01
8.281490190924489792e-01
9.899999999999999911e-01
9.899999999999999911e-01
9.899999999999999911e-01
8.927268634706546635e-01
9.899999999999999911e-01
9.899999999999999911e-01
9.899999999999999911e-01
8.014467065944403945e-01
9.676714601147762274e-01
9.899999999999999911e-01
9.899999999999999911e-01
8.068061255058983638e-01
9.897277587630265439e-01
9.768413679625683743e-01
9.899999999999999911e-01
8.352887179183369204e-01
9.690106967210874167e-01
9.899999999999999911e-01
9.899999999999999911e-01
7.542934058234185279e-01
9.899999999999999911e-01
9.470657756200694388e-01
9.899999999999999911e-01
7.717025309688815282e-01
9.899999999999999911e-01
9.899999999999999911e-01
9.899999999999999911e-01
8.481635811282739468e-01
9.899999999999999911e-01
9.899999999999999911e-01
9.899999999999999911e-01
7.813349240018174768e-01
9.899999999999999911e-01
9.849422738195693361e-01
9.899999999999999911e-01
8.127947838108755541e-01
9.899999999999999911e-01
9.727034490398506206e-01
8.705892836336408536e-01
9.899999999999999911e-01
9.899999999999999911e-01
9.899999999999999911e-01
