9.254110483341672078e-01
9.899999999999999911e-01
9.899999999999999911e-01
9.899999999999999911e-01
7.462676965798052953e-01
9.899999999999999911e-01
9.899999999999999911e-01
9.899999999999999911e-01
8.820584459194589222e-01
9.888453308494009608e-01
9.899999999999999911e-01
9.899999999999999911e-01
8.273471258864715239e-01
9.899999999999999911e-01
9.899999999999999911e-01
9.899999999999999911e-01
8.990119488907674095e-01
9.899999999999999911e-01
9.899999999999999911e-01
9.899999999999999911e-01
8.333757081821157042e-01
9.899999999999999911e-01
9.899999999999999911e-01
9.899999999999999911e-01
9.111705012231064993e-01
9.899999999999999911e-01
9.899999999999999911e-01
9.899999999999999911e-01
8.833605520978171644e-01
9.899999999999999911e-01
9.899999999999999911e-01
9.899999999999999911e-01
8.941161585917567489e-01
9.899999999999999911e-01
9.899999999999999911e-01
9.899999999999999911e-01
9.166642196139134224e-01
9.899999999999999911e-01
9.899999999999999911e-01
9.899999999999999911e-01
8.958532477933124349e-01
9.899999999999999911e-01
9.899999999999999911e-01
9.899999999999999911e-01
9.147842346186352280e-01
9.899999999999999911e-01
9.899999999999999911e-01
9.899999999999999911e-01
9.138425835464173419e-01
9.899999999999999911e-01
9.830131898401704982e-01
9.899999999999999911e-01
9.002543463721602857e-01
9.899999999999999911e-01
9.899999999999999911e-01
9.899999999999999911e-01
7.359665993412953799e-01
9.899999999999999911e-01
9.899999999999999911e-01
9.899999999999999911e-01
8.099312969486357483e-01
9.899999999999999911e-01
9.899999999999999911e-01
9.899999999999999911e-01
7.616214742306612884e-01
9.899999999999999911e-01
9.899999999999999911e-01
9.899999999999999911e-01
7.940697423002660571e-01
9.899999999999999911e-01
9.899999999999999911e-01
9.899999999999999911e-01
8.979643899449659683e-01
9.899999999999999911e-01
9.899999999999999911e-01
9.899999999999999911e-01
9.225650810300916049e-01
9.899999999999999911e-01
9.899999999999996581e-01
9.899999999999999911e-01
8.798684116824109225e-01
9.899999999999999911e-01
9.899999999999999911e-01
9.899999999999999911e-01
8.521113332703776910e-01
9.899999999999999911e-01
9.899999999999999911e-01
9.899999999999999911e-01
9.007481690391754281e-01
9.899999999999999911e-01
9.899999999999999911e-01
9.899999999999999911e-01
8.514504193818398514e-01
9.899999999999999911e-01
9.899999999999999911e-01
9.899999999999999911e-01
8.019965053074182837e-01
9.899999999999999911e-01
9.874659278179536148e-01
9.899999999999999911e-01
8.280354971132048991e-01
9.899999999999999911e-01
9.899999999999999911e-01
9.899999999999999911e-01
8.448060583396774792e-01
9.899999999999999911e-01
9.899999999999999911e-01
9.899999999999999911e-01
8.254931829819747158e-01
9.899999999999999911e-01
8.032342960911759144e-01
9.899999999999999911e-01
9.899999999999999911e-01
9.899999999999999911e-01
9.131762206913861535e-01
9.899999999999999911e-01
7.324006530581107510e-01
9.899999999999999911e-01
9.899999999999999911e-01
9.899999999999999911e-01
7.806999061685263586e-01
9.899999999999999911e-01
9.899999999999999911e-01
9.899999999999999911e-01
7.435818869204007253e-01
9.899999999999999911e-01
9.899999999999999911e-01
9.899999999999999911e-01
7.573057488616526944e-01
9.899999999999999911e-01
9.899999999999999911e-01
9.899999999999999911e-01
8.449949433378484143e-01
9.899999999999999911e-01
9.899999999999999911e-01
9.899999999999999911e-01
8.672611619978609632e-01
9.899999999999999911e-01
9.899999999999999911e-01
9.899999999999999911e-01
8.847474924494329596e-01
9.899999999999999911e-01
9.899999999999999911e-01
8.574708418031889989e-01
9.899999999999999911e-01
9.899999999999999911e-01
9.899999999999999911e-01
8.413263067454014310e-01
9.899999999999999911e-01
9.899999999999999911e-01
9.484619999232498655e-01
9.899999999999999911e-01
9.899999999999999911e-01
9.899999999999999911e-01
8.631488029305920406e-01
9.899999999999999911e-01
9.899999999999999911e-01
9.899999999999999911e-01
9.899999999999999911e-01
9.899999999999999911e-01
8.882169822775718426e-01
9.899999999999999911e-01
9.899999999999999911e-01
9.899999999999999911e-01
8.959182621996045759e-01
9.899999999999999911e-01
9.899999999999999911e-01
9.899999999999999911e-01
9.899999999999999911e-01
9.264519574087867193e-01
9.899999999999999911e-01
9.899999999999999911e-01
9.899999999999999911e-01
9.899999999999999911e-01
8.588865302257130407e-01
9.899999999999999911e-01
9.786650083461176930e-01
9.899999999999999911e-01
8.866016883743030874e-01
9.899999999999999911e-01
9.899999999999999911e-01
9.867458789251101203e-01
9.333588382174725639e-01
9.899999999999999911e-01
9.899999999999999911e-01
9.899999999999999911e-01
9.899999999999999911e-01
9.899999999999999911e-01
9.160879280924787427e-01
9.899999999999999911e-01
9.899999999999999911e-01
9.899999999999999911e-01
8.271515030795936196e-01
9.899999999999999911e-01
9.899999999999999911e-01
9.899999999999999911e-01
8.426539679231159763e-01
9.899999999999999911e-01
9.899999999999999911e-01
9.899999999999999911e-01
7.248942187069975507e-01
9.899999999999999911e-01
9.899999999999999911e-01
9.899999999999999911e-01
9.899999999999999911e-01
9.899999999999999911e-01
9.899999999999999911e-01
9.597780767131155466e-01
9.899999999999999911e-01
9.899999999999999911e-01
9.899999999999999911e-01
8.777874190181965686e-01
9.899999999999999911e-01
9.899999999999999911e-01
9.899999999999999911e-01
7.677418422965865963e-01
9.899999999999999911e-01
9.899999999999999911e-01
9.127413509514392675e-01
9.899999999999999911e-01
9.899999999999999911e-01
7.802436225008251292e-01
9.899999999999999911e-01
9.899999999999999911e-01
9.022615898921357847e-01
9.851516256180761211e-01
9.899999999999999911e-01
9.899999999999999911e-01
7.253410090404099897e-01
9.830594956113499761e-01
9.899999999999999911e-01
9.899999999999999911e-01
9.312976211757012512e-01
9.899999999999999911e-01
9.899999999999999911e-01
9.899999999999999911e-01
7.299120747568189627e-01
9.809390852275532424e-01
9.899999999999999911e-01
9.899999999999999911e-01
7.516434553202840929e-01
9.899999999999999911e-01
9.899999999999999911e-01
9.899999999999999911e-01
8.320353826607360670e-01
9.899999999999999911e-01
9.899999999999999911e-01
9.899999999999999911e-01
8.299284752536795207e-01
8.148500368057708387e-01
9.899999999999999911e-01
9.899999999999999911e-01
9.899999999999999911e-01
8.234392182584430175e-01
9.899999999999999911e-01
9.899999999999999911e-01
9.899999999999999911e-01
7.962604030024680313e-01
9.899999999999999911e-01
9.779858306915530930e-01
9.899999999999999911e-01
8.525620794824406712e-01
9.899999999999999911e-01
9.849335094956441772e-01
9.899999999999999911e-01
8.948222921228063953e-01
9.899999999999999911e-01
9.899999999999999911e-01
9.899999999999999911e-01
8.147150232474384968e-01
9.899999999999999911e-01
9.899999999999999911e-01
9.899999999999999911e-01
9.246201390767453399e-01
9.899999999999999911e-01
9.899999999999999911e-01
9.899999999999999911e-01
8.808444150453168531e-01
9.899999999999999911e-01
9.899999999999999911e-01
9.899999999999999911e-01
9.231317097874363053e-01
9.899999999999999911e-01
9.751107903654697706e-01
9.899999999999999911e-01
7.286726051924742320e-01
9.899999999999999911e-01
9.898212175277260050e-01
9.899999999999999911e-01
8.958803343870083147e-01
9.899999999999999911e-01
9.899999999999999911e-01
9.899999999999999911e-01
9.156379007353445676e-01
9.899999999999999911e-01
9.899999999999999911e-01
9.899999999999999911e-01
7.176782223916289283e-01
9.899999999999999911e-01
9.899999999999999911e-01
9.899999999999999911e-01
8.173021050571533941e-01
9.899999999999999911e-01
9.899999999999999911e-01
9.899999999999999911e-01
7.956855172469573523e-01
9.899999999999999911e-01
9.899999999999999911e-01
9.899999999999999911e-01
9.090515287912250830e-01
9.899999999999999911e-01
9.899999999999999911e-01
9.899999999999999911e-01
8.324236337718431411e-01
9.899999999999999911e-01
9.899999999999999911e-01
9.899999999999999911e-01
7.685912700353881855e-01
9.899999999999999911e-01
9.899999999999999911e-01
9.899999999999999911e-01
8.523650537874838395e-01
9.899999999999999911e-01
9.899999999999999911e-01
9.877452638190580281e-01
8.498783211109776081e-01
9.899999999999999911e-01
9.899999999999999911e-01
9.899999999999999911e-01
8.450506177180724388e-01
9.899999999999999911e-01
9.899999999999999911e-01
9.899999999999999911e-01
8.610786563143301153e-01
9.899999999999999911e-01
9.899999999999999911e-01
9.899999999999999911e-01
9.899999999999999911e-01
9.857182123114243133e-01
9.899999999999999911e-01
9.899999999999999911e-01
8.682891608725695765e-01
9.899999999999999911e-01
9.899999999999999911e-01
9.899999999999999911e-01
8.599387825324211754e-01
9.899999999999999911e-01
9.899999999999999911e-01
9.899999999999999911e-01
9.679000987279942070e-01
9.899999999999999911e-01
9.899999999999999911e-01
9.899999999999999911e-01
7.941933439491040136e-01
9.899999999999999911e-01
9.899999999999999911e-01
9.899999999999999911e-01
9.797796015515635171e-01
7.122143862247344304e-01
9.899999999999999911e-01
9.899999999999999911e-01
9.899999999999999911e-01
7.693402292210871352e-01
9.899999999999999911e-01
9.899999999999999911e-01
9.854824451661990947e-01
9.264534947731183356e-01
9.899999999999999911e-01
9.899999999999999911e-01
9.899999999999999911e-01
9.077685069509411342e-01
9.899999999999999911e-01
9.899999999999999911e-01
7.668899988112354293e-01
9.842723367695017656e-01
9.812916098183538383e-01
9.899999999999999911e-01
8.989267299573930892e-01
9.899999999999999911e-01
9.899999999999999911e-01
9.899999999999999911e-01
7.361296921853267561e-01
9.741178136988479785e-01
9.899999999999999911e-01
9.899999999999999911e-01
9.158896599957736528e-01
9.899999999999999911e-01
9.899999999999999911e-01
8.149976841439295905e-01
9.899999999999999911e-01
9.899999999999999911e-01
9.899999999999999911e-01
8.276724215713977539e-01
9.899999999999999911e-01
9.899999999999999911e-01
9.899999999999999911e-01
7.625746168421666527e-01
9.856959388748605111e-01
9.357558690034820659e-01
9.899999999999999911e-01
9.899999999999999911e-01
9.899999999999999911e-01
7.674868907293131981e-01
9.899999999999999911e-01
9.899999999999999911e-01
9.826565956358380705e-01
8.624676222649230173e-01
9.200402431760265065e-01
9.899999999999999911e-01
9.899999999999999911e-01
9.241199898287235648e-01
9.899999999999999911e-01
9.899999999999999911e-01
9.899999999999999911e-01
8.158162624245105521e-01
9.899999999999999911e-01
9.899999999999999911e-01
9.899999999999999911e-01
8.763727513095250776e-01
9.899999999999999911e-01
9.899999999999999911e-01
9.899999999999999911e-01
7.521824285109985908e-01
9.899999999999999911e-01
9.899999999999999911e-01
9.899999999999999911e-01
8.978342390518674332e-01
9.899999999999999911e-01
9.899999999999999911e-01
9.899999999999999911e-01
8.780051061787185196e-01
9.899999999999999911e-01
9.899999999999999911e-01
9.875602340831882708e-01
7.580252273996247458e-01
9.899999999999999911e-01
9.899999999999999911e-01
9.899999999999999911e-01
7.890117987720132176e-01
9.899999999999999911e-01
9.899999999999999911e-01
9.899999999999999911e-01
9.899159790631164579e-01
9.899999999999999911e-01
9.050702134393862064e-01
9.899999999999999911e-01
9.899999999999999911e-01
9.899999999999999911e-01
8.676418299771457843e-01
9.899999999999999911e-01
9.899999999999999911e-01
8.991275833337464274e-01
9.899999999999999911e-01
9.899999999999999911e-01
9.899999999999999911e-01
8.598028072057827265e-01
9.899999999999999911e-01
7.719208453153952876e-01
9.863957419714045605e-01
9.899999999999999911e-01
9.899999999999999911e-01
9.733401388193196890e-01
9.899999999999999911e-01
9.899999999999999911e-01
9.899999999999999911e-01
8.697618286146472366e-01
9.899999999999999911e-01
9.899999999999999911e-01
9.899999999999999911e-01
7.799404400662852677e-01
9.899999999999999911e-01
9.899999999999999911e-01
9.899999999999999911e-01
7.429268807480374770e-01
9.899999999999999911e-01
9.899999999999999911e-01
9.899999999999999911e-01
8.915472551016624392e-01
9.899999999999999911e-01
9.899999999999999911e-01
9.899999999999999911e-01
7.867883710194875091e-01
9.899999999999999911e-01
9.899999999999999911e-01
9.899999999999999911e-01
8.971496287188045482e-01
9.899999999999999911e-01
9.899999999999999911e-01
9.899999999999999911e-01
8.106098632372290558e-01
9.899999999999999911e-01
9.899999999999999911e-01
9.899999999999999911e-01
7.635111888449652717e-01
9.899999999999999911e-01
9.899999999999999911e-01
9.899999999999999911e-01
9.231169177472740017e-01
9.899999999999999911e-01
9.899999999999999911e-01
9.899999999999999911e-01
7.470720470946826675e-01
9.899999999999999911e-01
9.899999999999999911e-01
9.899999999999999911e-01
9.752488242610874991e-01
9.899999999999999911e-01
9.899999999999999911e-01
9.899999999999999911e-01
8.122300408081407630e-01
9.899999999999999911e-01
9.899999999999999911e-01
9.899999999999999911e-01
8.847206115594310472e-01
9.899999999999999911e-01
9.899999999999999911e-01
9.899999999999999911e-01
7.274837517669165976e-01
9.899999999999999911e-01
9.899999999999999911e-01
9.899999999999999911e-01
9.170102098324998119e-01
9.899999999999999911e-01
9.899999999999999911e-01
9.899999999999999911e-01
7.898380875677718516e-01
9.899999999999999911e-01
9.899999999999999911e-01
9.899999999999999911e-01
8.210549429465016091e-01
9.899999999999999911e-01
9.899999999999999911e-01
9.899999999999999911e-01
8.062794905438399606e-01
9.899999999999999911e-01
9.899999999999999911e-01
9.899999999999999911e-01
7.438873315875166314e-01
9.899999999999999911e-01
9.899999999999999911e-01
9.899999999999999911e-01
8.029213103425482112e-01
9.899999999999999911e-01
9.899999999999999911e-01
9.899999999999999911e-01
7.352090264111809104e-01
9.899999999999999911e-01
9.899999999999999911e-01
9.899999999999999911e-01
8.030352135021908699e-01
9.899999999999999911e-01
9.856163530131955008e-01
9.899999999999999911e-01
8.957362282835149569e-01
9.899999999999999911e-01
9.899999999999999911e-01
7.301872811496048499e-01
9.899999999999999911e-01
9.899999999999999911e-01
9.899999999999999911e-01
7.267088313572598324e-01
8.057672852968872368e-01
9.899999999999999911e-01
9.899999999999999911e-01
9.899999999999999911e-01
8.972712241330509375e-01
9.899999999999999911e-01
9.899999999999999911e-01
9.899999999999999911e-01
7.758961552058224465e-01
9.899999999999999911e-01
9.899999999999999911e-01
9.895980305533363941e-01
7.538633787326316504e-01
9.899999999999999911e-01
9.899999999999999911e-01
9.899999999999999911e-01
7.470188376669083530e-01
9.899999999999999911e-01
9.899999999999999911e-01
9.899999999999999911e-01
8.415447275295266927e-01
9.899999999999999911e-01
9.899999999999999911e-01
9.899999999999999911e-01
7.138852453034375545e-01
9.899999999999999911e-01
9.899999999999999911e-01
9.899999999999999911e-01
7.916730891991254904e-01
9.899999999999999911e-01
9.899999999999999911e-01
9.899999999999999911e-01
7.876368321293237829e-01
9.899999999999999911e-01
9.899999999999999911e-01
9.899999999999999911e-01
9.090165205947027260e-01
9.857843253200651024e-01
9.899999999999999911e-01
9.899999999999999911e-01
8.264548980820849433e-01
9.899999999999999911e-01
9.899999999999999911e-01
9.899999999999999911e-01
9.227343853290272957e-01
9.899999999999999911e-01
9.899999999999999911e-01
8.510711499989473960e-01
9.899999999999999911e-01
9.899999999999999911e-01
9.899999999999999911e-01
8.259110115941065144e-01
9.899999999999999911e-01
9.899999999999999911e-01
8.621571703252799423e-01
9.899999999999999911e-01
9.899999999999999911e-01
9.899999999999999911e-01
8.235406779487171036e-01
9.899999999999999911e-01
9.899999999999999911e-01
9.899999999999999911e-01
7.290888450470542903e-01
9.899999999999999911e-01
9.899999999999999911e-01
9.899999999999999911e-01
8.194740158008195774e-01
9.899999999999999911e-01
8.775657946972841295e-01
9.899999999999999911e-01
9.899999999999999911e-01
9.899999999999999911e-01
7.526100290081029209e-01
9.899999999999999911e-01
9.899999999999999911e-01
9.899999999999999911e-01
7.242033507411576032e-01
9.899999999999999911e-01
9.899999999999999911e-01
9.899999999999999911e-01
7.867835837440760871e-01
9.899999999999999911e-01
9.899999999999999911e-01
9.899999999999999911e-01
7.822805499769758253e-01
9.899999999999999911e-01
9.899999999999999911e-01
8.436581788677094407e-01
9.899999999999999911e-01
9.899999999999999911e-01
8.981592460592747740e-01
9.899999999999999911e-01
9.899999999999999911e-01
9.899999999999999911e-01
8.126597757059397242e-01
9.899999999999999911e-01
9.899999999999999911e-01
9.899999999999999911e-01
7.628413914777067983e-01
9.899999999999999911e-01
9.899999999999999911e-01
9.899999999999999911e-01
8.608511603977268001e-01
9.899999999999999911e-01
9.899999999999999911e-01
9.899999999999999911e-01
9.052856999697115326e-01
9.899999999999999911e-01
9.899999999999999911e-01
7.605370772215775954e-01
9.899999999999999911e-01
9.899999999999999911e-01
9.899999999999999911e-01
8.083346041761818590e-01
9.899999999999999911e-01
9.899999999999999911e-01
9.899999999999999911e-01
8.138802832839153734e-01
9.899999999999999911e-01
9.899999999999999911e-01
9.899999999999999911e-01
7.534327310401169875e-01
9.807229530991919964e-01
9.899999999999991029e-01
9.899999999999999911e-01
8.502836925861294581e-01
9.899999999999999911e-01
9.899999999999999911e-01
9.899999999999999911e-01
7.540740650351130947e-01
9.899999999999999911e-01
9.899999999999999911e-01
9.899999999999999911e-01
8.890601912059072909e-01
9.899999999999999911e-01
9.899999999999999911e-01
9.899999999999999911e-01
7.762406100548285837e-01
9.899999999999999911e-01
9.899999999999999911e-01
9.899999999999999911e-01
8.255014840208100280e-01
9.899999999999999911e-01
9.899999999999999911e-01
9.899999999999999911e-01
8.579708119379801934e-01
9.899999999999999911e-01
9.899999999999999911e-01
9.899999999999999911e-01
7.569314495561538791e-01
9.899999999999999911e-01
9.899999999999999911e-01
9.899999999999999911e-01
8.667814307019465758e-01
9.899999999999999911e-01
7.923655036755115066e-01
9.899999999999999911e-01
9.899999999999999911e-01
9.899999999999999911e-01
8.758522997364777130e-01
9.899999999999999911e-01
9.899999999999999911e-01
9.899999999999999911e-01
7.777479581077798576e-01
9.899999999999999911e-01
9.899999999999999911e-01
7.257973141752851465e-01
9.899999999999999911e-01
9.899999999999999911e-01
9.899999999999999911e-01
7.237617605432146162e-01
9.899999999999999911e-01
9.899999999999999911e-01
9.899999999999999911e-01
8.147690728790789594e-01
9.899999999999999911e-01
9.899999999999999911e-01
8.892764018499565992e-01
9.899999999999999911e-01
9.899999999999999911e-01
9.899999999999999911e-01
8.831854131382915751e-01
9.899999999999999911e-01
9.899999999999999911e-01
7.624323811369642101e-01
9.899999999999999911e-01
9.899999999999999911e-01
9.899999999999999911e-01
9.744943645568737711e-01
9.899999999999999911e-01
9.899999999999999911e-01
9.899999999999999911e-01
7.583015469091454186e-01
9.779979851019762194e-01
9.899999999999999911e-01
9.899999999999999911e-01
8.031583567395992329e-01
9.899999999999999911e-01
9.899999999999999911e-01
9.899999999999999911e-01
9.032720766035774451e-01
9.899999999999999911e-01
9.638622852856744139e-01
9.899999999999999911e-01
8.607697586618495711e-01
9.899999999999999911e-01
9.899999999999999911e-01
8.514895105297636269e-01
9.899999999999999911e-01
9.899999999999999911e-01
9.798763731111388431e-01
8.335972196969224646e-01
9.787381514940600713e-01
9.899999999999999911e-01
9.899999999999999911e-01
7.490130023546885951e-01
9.899999999999999911e-01
9.899999999999999911e-01
9.899999999999999911e-01
8.396466148881018832e-01
9.899999999999999911e-01
7.379931741168457293e-01
9.899999999999999911e-01
9.899999999999999911e-01
8.184409837904690344e-01
9.899999999999999911e-01
9.899999999999999911e-01
9.899999999999999911e-01
9.051610304137179819e-01
9.899999999999999911e-01
9.899999999999999911e-01
9.899999999999999911e-01
8.674186043600210505e-01
9.899999999999999911e-01
9.899999999999999911e-01
7.739554465876774536e-01
9.899999999999999911e-01
9.899999999999999911e-01
9.899999999999999911e-01
9.057842649719837214e-01
9.899999999999999911e-01
9.887753507769899697e-01
9.830785364022369688e-01
7.821602710434097938e-01
9.899999999999999911e-01
9.899999999999999911e-01
9.100803886467963011e-01
9.899999999999999911e-01
9.899999999999999911e-01
9.899999999999999911e-01
7.644327804745831845e-01
9.875607988519812253e-01
9.881100824562936147e-01
8.980400022714534192e-01
9.856293821868199467e-01
9.899999999999999911e-01
9.829588297555187371e-01
8.255801605280405076e-01
9.899999999999999911e-01
9.899999999999999911e-01
9.899999999999999911e-01
9.198363477776749786e-01
9.899999999999999911e-01
9.899999999999999911e-01
9.899999999999999911e-01
8.356026954418035446e-01
9.899999999999999911e-01
9.899999999999999911e-01
9.899999999999999911e-01
7.998156323199155926e-01
9.899999999999999911e-01
9.899999999999999911e-01
9.899999999999999911e-01
9.007632527003837097e-01
9.899999999999999911e-01
9.899999999999999911e-01
9.899999999999999911e-01
8.149708799768677903e-01
9.899999999999999911e-01
9.899999999999999911e-01
9.158541014894721055e-01
9.899999999999999911e-01
9.899999999999999911e-01
9.899999999999999911e-01
8.707263686790582824e-01
9.899999999999999911e-01
8.736206560071669847e-01
9.899999999999999911e-01
9.860379739764034701e-01
9.899999999999999911e-01
7.541725232952791735e-01
9.899999999999999911e-01
9.899999999999999911e-01
9.899999999999999911e-01
9.041813491124589541e-01
9.899999999999999911e-01
9.899999999999999911e-01
9.899999999999999911e-01
8.688424812323615187e-01
9.899999999999999911e-01
9.899999999999999911e-01
7.508503778006168083e-01
9.899999999999999911e-01
9.899999999999999911e-01
9.899999999999999911e-01
8.986829772045855647e-01
9.899999999999999911e-01
9.899999999999999911e-01
9.899999999999999911e-01
9.005449449418271302e-01
9.899999999999999911e-01
9.899999999999999911e-01
9.899999999999999911e-01
8.696533893995915809e-01
9.899999999999999911e-01
9.899999999999999911e-01
9.899999999999999911e-01
7.474261870859745249e-01
9.899999999999999911e-01
9.899999999999999911e-01
9.899999999999999911e-01
7.623367065774027118e-01
9.899999999999999911e-01
9.899999999999999911e-01
9.899999999999999911e-01
7.731009866646723072e-01
9.899999999999999911e-01
9.899999999999999911e-01
7.438884706745594322e-01
9.899999999999999911e-01
9.899999999999999911e-01
9.899999999999999911e-01
8.844992991705395990e-01
9.899999999999999911e-01
9.899999999999999911e-01
7.233755302850387592e-01
9.899999999999999911e-01
9.899999999999999911e-01
9.899999999999999911e-01
8.988533360584681775e-01
9.899999999999999911e-01
7.403848354746798144e-01
9.899999999999999911e-01
9.899999999999999911e-01
7.283339099061784117e-01
9.856568266230971709e-01
9.899999999999999911e-01
8.914233040000171249e-01
9.899999999999999911e-01
9.769594091151100335e-01
9.015986532258288833e-01
9.899999999999999911e-01
9.824287535435135554e-01
9.899999999999999911e-01
9.166167202794012203e-01
9.899999999999999911e-01
9.899999999999999911e-01
7.712548891811674689e-01
9.899999999999999911e-01
9.899999999999999911e-01
9.732849295052693472e-01
8.006912089803119859e-01
9.899999999999999911e-01
9.899999999999999911e-01
9.899999999999999911e-01
8.351340630448448321e-01
9.899999999999999911e-01
9.899999999999999911e-01
9.899999999999999911e-01
9.183470911605813303e-01
9.899999999999999911e-01
9.899999999999999911e-01
8.899751654976311155e-01
9.899999999999999911e-01
9.899999999999999911e-01
9.899999999999999911e-01
8.791204719652941924e-01
9.899999999999999911e-01
9.899999999999999911e-01
8.846319021925433956e-01
9.899999999999999911e-01
9.899999999999999911e-01
9.870877034793883453e-01
9.425933371573247399e-01
9.899999999999999911e-01
9.899999999999999911e-01
9.899999999999999911e-01
9.899999999999999911e-01
9.899999999999999911e-01
9.055597649419674378e-01
9.899999999999999911e-01
9.899999999999999911e-01
7.613984975749612527e-01
9.899999999999999911e-01
9.899999999999999911e-01
9.899999999999999911e-01
8.128497917909159876e-01
9.899999999999999911e-01
9.899999999999999911e-01
9.899999999999999911e-01
8.142899966180939808e-01
9.768273228692502252e-01
7.114695472342790206e-01
9.899999999999999911e-01
9.899999999999999911e-01
8.690613429146936131e-01
9.899999999999999911e-01
9.804299362440329624e-01
9.822582843033085265e-01
8.463551189649306528e-01
9.899999999999999911e-01
9.899999999999999911e-01
9.899999999999999911e-01
8.004716217993806948e-01
9.899999999999999911e-01
9.899999999999999911e-01
7.994293264742970972e-01
9.829423935991078443e-01
9.899999999999999911e-01
9.899999999999999911e-01
8.492904573194373086e-01
9.899999999999999911e-01
9.899999999999999911e-01
9.899999999999999911e-01
9.130324696070595270e-01
9.899999999999999911e-01
9.899999999999999911e-01
9.899999999999999911e-01
8.226747265578699952e-01
9.884839935586311466e-01
9.899999999999999911e-01
9.899999999999999911e-01
8.280337160620112602e-01
9.899999999999999911e-01
9.899999999999999911e-01
9.899999999999999911e-01
8.544676280613665575e-01
9.883772859595634230e-01
9.899999999999999911e-01
9.899999999999999911e-01
7.762282719704530765e-01
9.899999999999999911e-01
9.734971745699884105e-01
9.899999999999999911e-01
7.899488394358468168e-01
9.899999999999999911e-01
9.899999999999999911e-01
9.899999999999999911e-01
8.676422381451395216e-01
9.899999999999999911e-01
9.899999999999999911e-01
9.899999999999999911e-01
8.002808412241424474e-01
9.899999999999999911e-01
9.899999999999999911e-01
9.899999999999999911e-01
8.236073788906316251e-01
9.899999999999999911e-01
9.860984804157655326e-01
8.804162041715311027e-01
9.899999999999999911e-01
9.899999999999999911e-01
9.899999999999999911e-01
