9.418959667067009489e-01
9.899999999999999911e-01
9.899999999999999911e-01
9.899999999999989919e-01
7.843190440098747329e-01
9.899999999999999911e-01
9.899999999999999911e-01
9.899999999999999911e-01
9.012918405492543750e-01
9.899999999999999911e-01
9.899999999999999911e-01
9.899999999999999911e-01
8.643056096732930627e-01
9.899999999999999911e-01
9.899999999999999911e-01
9.899999999999999911e-01
9.407683093673256947e-01
9.899999999999999911e-01
9.899999999999999911e-01
9.899999999999999911e-01
8.714544956106943241e-01
9.899999999999999911e-01
9.899999999999999911e-01
9.899999999999999911e-01
9.543720891890693503e-01
9.899999999999999911e-01
9.899999999999999911e-01
9.899999999999999911e-01
9.265940287572711487e-01
9.899999999999999911e-01
9.899999999999999911e-01
9.899999999999999911e-01
9.372486529389880694e-01
9.899999999999999911e-01
9.899999999999999911e-01
9.899999999999999911e-01
9.538833499249285142e-01
9.899999999999999911e-01
9.899999999999999911e-01
9.899999999999999911e-01
9.389936793607521759e-01
9.899999999999999911e-01
9.899999999999999911e-01
9.899999999999999911e-01
9.475535791280818021e-01
9.899999999999999911e-01
9.899999999999999911e-01
9.899999999999999911e-01
9.521855894161697087e-01
9.899999999999999911e-01
9.899999999999999911e-01
9.899999999999999911e-01
9.412135604575009307e-01
9.899999999999999911e-01
9.899999999999999911e-01
9.899999999999999911e-01
7.747074271798578549e-01
9.899999999999999911e-01
9.899999999999999911e-01
9.899999999999999911e-01
8.503510923790794651e-01
9.899999999999999911e-01
9.899999999999999911e-01
9.899999999999999911e-01
8.019330164016262863e-01
9.899999999999999911e-01
9.899999999999999911e-01
9.899999999999999911e-01
8.320957048561007374e-01
9.899999999999999911e-01
9.899999999999999911e-01
9.899999999999999911e-01
9.367095617088861959e-01
9.899999999999999911e-01
9.899999999999999911e-01
9.899999999999999911e-01
9.460261611539332316e-01
9.899999999999999911e-01
9.899999999999998801e-01
9.899999999999999911e-01
9.072992014819095674e-01
9.899999999999999911e-01
9.899999999999999911e-01
9.899999999999999911e-01
8.910629325990279126e-01
9.899999999999999911e-01
9.899999999999999911e-01
9.899999999999999911e-01
9.396676130623506928e-01
9.899999999999999911e-01
9.899999999999999911e-01
9.899999999999999911e-01
8.913617826585399362e-01
9.899999999999999911e-01
9.899999999999999911e-01
9.899999999999999911e-01
8.452928939984721834e-01
9.899999999999999911e-01
9.899999999999999911e-01
9.899999999999999911e-01
8.708514376005294100e-01
9.899999999999999911e-01
9.899999999999999911e-01
9.899999999999999911e-01
8.843588801838692115e-01
9.899999999999999911e-01
9.899999999999999911e-01
9.899999999999999911e-01
8.616217270193464728e-01
9.899999999999999911e-01
8.444950180967287778e-01
9.899999999999999911e-01
9.899999999999999911e-01
9.899999999999999911e-01
9.457894015258921927e-01
9.899999999999999911e-01
7.722984845334365245e-01
9.899999999999999911e-01
9.899999999999999911e-01
9.899999999999999911e-01
8.219474489965518105e-01
9.899999999999999911e-01
9.899999999999999911e-01
9.899999999999999911e-01
7.867588603232026356e-01
9.899999999999999911e-01
9.899999999999999911e-01
9.899999999999999911e-01
7.973699628920901672e-01
9.899999999999999911e-01
9.899999999999999911e-01
9.899999999999999911e-01
8.882628801630689797e-01
9.899999999999999911e-01
9.899999999999999911e-01
9.899999999999999911e-01
9.062736195923830618e-01
9.899999999999999911e-01
9.899999999999999911e-01
9.899999999999999911e-01
9.022853045129645144e-01
9.899999999999999911e-01
9.899999999999999911e-01
8.805095528038026087e-01
9.899999999999999911e-01
9.899999999999999911e-01
9.899999999999999911e-01
8.638467267266684013e-01
9.899999999999999911e-01
9.899999999999999911e-01
9.585612405507020206e-01
9.899999999999999911e-01
9.899999999999999911e-01
9.899999999999999911e-01
8.915540528781572549e-01
9.899999999999999911e-01
9.899999999999999911e-01
9.899999999999999911e-01
9.899999999999999911e-01
9.899999999999999911e-01
9.138335897589231482e-01
9.899999999999999911e-01
9.899999999999999911e-01
9.899999999999999911e-01
9.258843175628060918e-01
9.899999999999999911e-01
9.899999999999999911e-01
9.899999999999999911e-01
9.899999999999999911e-01
9.618076753587169181e-01
9.899999999999999911e-01
9.899999999999999911e-01
9.899999999999999911e-01
9.899999999999999911e-01
8.874219595618833001e-01
9.899999999999999911e-01
9.899999999999999911e-01
9.899999999999999911e-01
9.109692297989970822e-01
9.899999999999999911e-01
9.899999999999999911e-01
9.899999999999999911e-01
9.654469658154836154e-01
9.899999999999999911e-01
9.899999999999999911e-01
9.899999999999999911e-01
9.899999999999999911e-01
9.899999999999999911e-01
9.487777917313445775e-01
9.899999999999999911e-01
9.899999999999999911e-01
9.899999999999999911e-01
8.566359554205594806e-01
9.899999999999999911e-01
9.899999999999999911e-01
9.899999999999999911e-01
8.857770125426343011e-01
9.899999999999999911e-01
9.899999999999999911e-01
9.899999999999999911e-01
7.680396100566427853e-01
9.899999999999999911e-01
9.899999999999999911e-01
9.899999999999999911e-01
9.899999999999999911e-01
9.899999999999999911e-01
9.899999999999999911e-01
9.679609156064801212e-01
9.899999999999999911e-01
9.899999999999999911e-01
9.899999999999999911e-01
9.172921357408008181e-01
9.899999999999999911e-01
9.899999999999999911e-01
9.899999999999999911e-01
8.001273255954656216e-01
9.899999999999999911e-01
9.899999999999999911e-01
9.424843080394559314e-01
9.899999999999999911e-01
9.899999999999999911e-01
8.143207420823116438e-01
9.899999999999999911e-01
9.899999999999999911e-01
9.331020523911018882e-01
9.899999999999999911e-01
9.899999999999999911e-01
9.899999999999999911e-01
7.638014840030850072e-01
9.899999999999999911e-01
9.899999999999999911e-01
9.899999999999999911e-01
9.572111398681431016e-01
9.899999999999999911e-01
9.899999999999999911e-01
9.899999999999999911e-01
7.717125573438601283e-01
9.899999999999999911e-01
9.899999999999999911e-01
9.899999999999999911e-01
7.940687561375863179e-01
9.899999999999999911e-01
9.899999999999999911e-01
9.899999999999999911e-01
8.748983353907262561e-01
9.899999999999999911e-01
9.899999999999999911e-01
9.899999999999999911e-01
8.585435646206756033e-01
8.580489262207960932e-01
9.899999999999999911e-01
9.899999999999999911e-01
9.899999999999999911e-01
8.645636209508877901e-01
9.899999999999999911e-01
9.899999999999999911e-01
9.899999999999999911e-01
8.342424710230648133e-01
9.899999999999999911e-01
9.899999999999999911e-01
9.899999999999999911e-01
8.912522842950166835e-01
9.899999999999999911e-01
9.899999999999999911e-01
9.899999999999999911e-01
9.334003428030993588e-01
9.899999999999999911e-01
9.899999999999999911e-01
9.899999999999999911e-01
8.519319983720311518e-01
9.899999999999999911e-01
9.899999999999999911e-01
9.899999999999999911e-01
9.631806426641249530e-01
9.899999999999999911e-01
9.899999999999999911e-01
9.899999999999999911e-01
9.027460656464978417e-01
9.899999999999999911e-01
9.899999999999999911e-01
9.899999999999999911e-01
9.643382310181336514e-01
9.899999999999999911e-01
9.899999999999999911e-01
9.899999999999999911e-01
7.701746218917231435e-01
9.899999999999999911e-01
9.899999999999999911e-01
9.899999999999999911e-01
9.352787323552916865e-01
9.899999999999999911e-01
9.899999999999999911e-01
9.899999999999999911e-01
9.582205476456246984e-01
9.899999999999999911e-01
9.899999999999999911e-01
9.899999999999999911e-01
7.604398670015439787e-01
9.899999999999999911e-01
9.899999999999999911e-01
9.899999999999999911e-01
8.588606343922808861e-01
9.899999999999999911e-01
9.899999999999999911e-01
9.899999999999999911e-01
8.337552159697322329e-01
9.899999999999999911e-01
9.899999999999999911e-01
9.899999999999999911e-01
9.477068164435202835e-01
9.899999999999999911e-01
9.899999999999999911e-01
9.899999999999999911e-01
8.733300816269311539e-01
9.899999999999999911e-01
9.899999999999999911e-01
9.899999999999999911e-01
8.115278002589391138e-01
9.899999999999999911e-01
9.899999999999999911e-01
9.899999999999999911e-01
8.914694117199181145e-01
9.899999999999999911e-01
9.899999999999999911e-01
9.899999999999999911e-01
8.882212980667970603e-01
9.899999999999999911e-01
9.899999999999999911e-01
9.899999999999999911e-01
8.875650093466741497e-01
9.899999999999999911e-01
9.899999999999999911e-01
9.899999999999999911e-01
9.043117119709731533e-01
9.899999999999999911e-01
9.899999999999999911e-01
9.899999999999999911e-01
9.899999999999999911e-01
9.899999999999999911e-01
9.899999999999999911e-01
9.899999999999999911e-01
8.941777108809543240e-01
9.899999999999999911e-01
9.899999999999999911e-01
9.899999999999999911e-01
9.031694532488260263e-01
9.899999999999999911e-01
9.899999999999999911e-01
9.899999999999999911e-01
9.729013801416031004e-01
9.899999999999999911e-01
9.899999999999999911e-01
9.899999999999999911e-01
8.233980255791535363e-01
9.899999999999999911e-01
9.899999999999999911e-01
9.899999999999999911e-01
9.899999999999999911e-01
7.554837477025310166e-01
9.899999999999999911e-01
9.899999999999999911e-01
9.899999999999999911e-01
8.038591276159443577e-01
9.899999999999999911e-01
9.899999999999999911e-01
9.899999999999999911e-01
9.640596511542641744e-01
9.899999999999999911e-01
9.899999999999999911e-01
9.899999999999999911e-01
9.493066724332080986e-01
9.899999999999999911e-01
9.899999999999999911e-01
8.102834378828523976e-01
9.899999999999999911e-01
9.899999999999999911e-01
9.899999999999999911e-01
9.406500644826131241e-01
9.899999999999999911e-01
9.899999999999999911e-01
9.899999999999999911e-01
7.752907302801623768e-01
9.899999999999999911e-01
9.899999999999999911e-01
9.899999999999999911e-01
9.505048926563564038e-01
9.899999999999999911e-01
9.899999999999999911e-01
8.577632990758847775e-01
9.899999999999999911e-01
9.899999999999999911e-01
9.899999999999999911e-01
8.669361250006455410e-01
9.899999999999999911e-01
9.899999999999999911e-01
9.899999999999999911e-01
7.971018774633826798e-01
9.899999999999999911e-01
9.533324692657024757e-01
9.899999999999999911e-01
9.899999999999999911e-01
9.899999999999999911e-01
8.062431420158936435e-01
9.899999999999999911e-01
9.899999999999999911e-01
9.899999999999999911e-01
9.003850489400571089e-01
9.613778630726746988e-01
9.899999999999999911e-01
9.899999999999999911e-01
9.633111230850880391e-01
9.899999999999999911e-01
9.899999999999999911e-01
9.899999999999999911e-01
8.544495953001579602e-01
9.899999999999999911e-01
9.899999999999999911e-01
9.899999999999999911e-01
9.148902621956245262e-01
9.899999999999999911e-01
9.899999999999999911e-01
9.899999999999999911e-01
7.948204556096221118e-01
9.899999999999999911e-01
9.899999999999999911e-01
9.899999999999999911e-01
9.383168149957547000e-01
9.899999999999999911e-01
9.899999999999999911e-01
9.899999999999999911e-01
9.161860221857246467e-01
9.899999999999999911e-01
9.899999999999999911e-01
9.899999999999999911e-01
7.993670070083693791e-01
9.899999999999999911e-01
9.899999999999999911e-01
9.899999999999999911e-01
8.301079029200685300e-01
9.899999999999999911e-01
9.899999999999999911e-01
9.899999999999999911e-01
9.899999999999999911e-01
9.899999999999999911e-01
9.345980640776072601e-01
9.899999999999999911e-01
9.899999999999999911e-01
9.899999999999999911e-01
8.997576316535386143e-01
9.899999999999999911e-01
9.899999999999999911e-01
9.401740599007371024e-01
9.899999999999999911e-01
9.899999999999999911e-01
9.899999999999999911e-01
8.901122377732275659e-01
9.899999999999999911e-01
8.136623678446747165e-01
9.899999999999999911e-01
9.899999999999999911e-01
9.899999999999999911e-01
9.775628333206615173e-01
9.899999999999999911e-01
9.899999999999997691e-01
9.899999999999999911e-01
9.107375811076546812e-01
9.899999999999999911e-01
9.899999999999999911e-01
9.899999999999999911e-01
8.218015452492420936e-01
9.899999999999999911e-01
9.899999999999999911e-01
9.899999999999999911e-01
7.861687270568190611e-01
9.899999999999999911e-01
9.899999999999999911e-01
9.899999999999999911e-01
9.232516689973085944e-01
9.899999999999999911e-01
9.899999999999999911e-01
9.899999999999999911e-01
8.295706965335772898e-01
9.899999999999999911e-01
9.899999999999999911e-01
9.899999999999999911e-01
9.384772597700011820e-01
9.899999999999999911e-01
9.899999999999999911e-01
9.899999999999999911e-01
8.520570102701453541e-01
9.899999999999999911e-01
9.899999999999999911e-01
9.899999999999999911e-01
7.985304530147659952e-01
9.899999999999999911e-01
9.899999999999999911e-01
9.899999999999999911e-01
9.607604093183109706e-01
9.899999999999999911e-01
9.899999999999999911e-01
9.899999999999999911e-01
7.905203344008826516e-01
9.899999999999999911e-01
9.899999999999999911e-01
9.899999999999999911e-01
9.786036368384758433e-01
9.899999999999999911e-01
9.899999999999999911e-01
9.899999999999999911e-01
8.445978081793382719e-01
9.899999999999999911e-01
9.899999999999999911e-01
9.899999999999999911e-01
9.117624458790445363e-01
9.899999999999999911e-01
9.899999999999999911e-01
9.899999999999999911e-01
7.694098748445530322e-01
9.899999999999999911e-01
9.899999999999999911e-01
9.899999999999999911e-01
9.591644018231113566e-01
9.899999999999999911e-01
9.899999999999999911e-01
9.899999999999999911e-01
8.218439919354771916e-01
9.899999999999999911e-01
9.899999999999999911e-01
9.899999999999999911e-01
8.625003155049590919e-01
9.899999999999999911e-01
9.899999999999999911e-01
9.899999999999999911e-01
8.496273531455902361e-01
9.899999999999999911e-01
9.899999999999999911e-01
9.899999999999999911e-01
7.845600053463721579e-01
9.899999999999999911e-01
9.899999999999999911e-01
9.899999999999999911e-01
8.451131036822219222e-01
9.899999999999999911e-01
9.899999999999999911e-01
9.899999999999999911e-01
7.785965135772057177e-01
9.899999999999999911e-01
9.899999999999999911e-01
9.899999999999999911e-01
8.448575139744498586e-01
9.899999999999999911e-01
9.899999999999999911e-01
9.899999999999999911e-01
9.287127855820888067e-01
9.899999999999999911e-01
9.899999999999999911e-01
7.720454799829890025e-01
9.899999999999999911e-01
9.899999999999999911e-01
9.899999999999999911e-01
7.648957319161667767e-01
8.477055261309691669e-01
9.899999999999999911e-01
9.899999999999999911e-01
9.899999999999999911e-01
9.126952917669972631e-01
9.899999999999999911e-01
9.899999999999999911e-01
9.899999999999999911e-01
8.164100216155245615e-01
9.899999999999999911e-01
9.899999999999999911e-01
9.899999999999999911e-01
7.921685099128861207e-01
9.899999999999999911e-01
9.899999999999999911e-01
9.899999999999999911e-01
7.866585453545391626e-01
9.899999999999999911e-01
9.899999999999999911e-01
9.899999999999999911e-01
8.847421243129426349e-01
9.899999999999999911e-01
9.899999999999999911e-01
9.899999999999999911e-01
7.546425355738930474e-01
9.899999999999999911e-01
9.899999999999999911e-01
9.899999999999999911e-01
8.350484795314275788e-01
9.899999999999999911e-01
9.899999999999999911e-01
9.899999999999999911e-01
8.309865732923300552e-01
9.899999999999999911e-01
9.899999999999999911e-01
9.899999999999999911e-01
9.443270423087682941e-01
9.899999999999999911e-01
9.899999999999999911e-01
9.899999999999999911e-01
8.576346357800210818e-01
9.899999999999999911e-01
9.899999999999999911e-01
9.899999999999999911e-01
9.432243072098752679e-01
9.899999999999999911e-01
9.899999999999999911e-01
8.876689409891840299e-01
9.899999999999999911e-01
9.899999999999999911e-01
9.899999999999999911e-01
8.512424224829517883e-01
9.899999999999999911e-01
9.899999999999999911e-01
8.932501236887987472e-01
9.899999999999999911e-01
9.899999999999999911e-01
9.899999999999999911e-01
8.617979672343263342e-01
9.899999999999999911e-01
9.899999999999999911e-01
9.899999999999999911e-01
7.688394432311973503e-01
9.899999999999999911e-01
9.899999999999999911e-01
9.899999999999999911e-01
8.465642584782485658e-01
9.899999999999999911e-01
9.144816478757014089e-01
9.899999999999999911e-01
9.899999999999999911e-01
9.899999999999999911e-01
7.947734434944607740e-01
9.899999999999999911e-01
9.899999999999999911e-01
9.899999999999999911e-01
7.654553313503853484e-01
9.899999999999999911e-01
9.899999999999999911e-01
9.899999999999999911e-01
8.247702304664816797e-01
9.899999999999999911e-01
9.899999999999999911e-01
9.899999999999999911e-01
8.218581182581807809e-01
9.899999999999999911e-01
9.899999999999999911e-01
8.803203770206234902e-01
9.899999999999999911e-01
9.899999999999999911e-01
9.364513760144889121e-01
9.899999999999999911e-01
9.899999999999999911e-01
9.899999999999999911e-01
8.550311221489685920e-01
9.899999999999999911e-01
9.899999999999999911e-01
9.899999999999999911e-01
8.022117971398665670e-01
9.899999999999999911e-01
9.899999999999999911e-01
9.899999999999999911e-01
9.005380207686106697e-01
9.899999999999999911e-01
9.899999999999999911e-01
9.899999999999999911e-01
9.484582489718719200e-01
9.899999999999999911e-01
9.899999999999999911e-01
8.006693642276382361e-01
9.899999999999999911e-01
9.899999999999999911e-01
9.899999999999999911e-01
8.491858720286379336e-01
9.899999999999999911e-01
9.899999999999999911e-01
9.899999999999999911e-01
8.568542414116031569e-01
9.899999999999999911e-01
9.899999999999999911e-01
9.899999999999999911e-01
7.967672727830281687e-01
9.899999999999999911e-01
9.899999999999999911e-01
9.899999999999999911e-01
8.931736651886418299e-01
9.899999999999999911e-01
9.899999999999999911e-01
9.899999999999999911e-01
7.921701785640855586e-01
9.899999999999999911e-01
9.899999999999999911e-01
9.899999999999999911e-01
9.315915761591996302e-01
9.899999999999999911e-01
9.899999999999999911e-01
9.899999999999999911e-01
8.151013087525275091e-01
9.899999999999999911e-01
9.899999999999999911e-01
9.899999999999999911e-01
8.684861706937109238e-01
9.899999999999999911e-01
9.899999999999999911e-01
9.899999999999999911e-01
8.989190858239433091e-01
9.899999999999999911e-01
9.899999999999999911e-01
9.899999999999999911e-01
7.948883034948059922e-01
9.899999999999999911e-01
9.899999999999999911e-01
9.899999999999999911e-01
8.956957068082456175e-01
9.899999999999999911e-01
8.342370195192789772e-01
9.899999999999999911e-01
9.899999999999999911e-01
9.899999999999999911e-01
9.182063508803914864e-01
9.899999999999999911e-01
9.899999999999999911e-01
9.899999999999999911e-01
8.210175406482091987e-01
9.899999999999999911e-01
9.899999999999999911e-01
7.683127940691025781e-01
9.899999999999999911e-01
9.899999999999999911e-01
9.899999999999999911e-01
7.653831124190157986e-01
9.899999999999999911e-01
9.899999999999999911e-01
9.899999999999999911e-01
8.567705274405906790e-01
9.899999999999999911e-01
9.899999999999999911e-01
9.274929435487536677e-01
9.899999999999999911e-01
9.899999999999999911e-01
9.899999999999999911e-01
9.251050811120913320e-01
9.899999999999999911e-01
9.899999999999999911e-01
7.988802721296279774e-01
9.899999999999999911e-01
9.899999999999999911e-01
9.899999999999999911e-01
9.768103819905581409e-01
9.899999999999999911e-01
9.899999999999999911e-01
9.899999999999999911e-01
7.962255439658468825e-01
9.899999999999999911e-01
9.899999999999999911e-01
9.899999999999999911e-01
8.418159549905398498e-01
9.899999999999999911e-01
9.899999999999999911e-01
9.899999999999999911e-01
9.447538558830487210e-01
9.899999999999999911e-01
9.899999999999999911e-01
9.899999999999999911e-01
8.853805206003095840e-01
9.899999999999999911e-01
9.899999999999999911e-01
8.880835741623583912e-01
9.899999999999999911e-01
9.899999999999999911e-01
9.899999999999999911e-01
8.734114626484780208e-01
9.899999999999999911e-01
9.899999999999999911e-01
9.899999999999999911e-01
7.895860600056281431e-01
9.899999999999999911e-01
9.899999999999999911e-01
9.899999999999999911e-01
8.627292277855950209e-01
9.899999999999999911e-01
7.751937689281320765e-01
9.899999999999999911e-01
9.899999999999999911e-01
8.594593854169680913e-01
9.899999999999999911e-01
9.899999999999999911e-01
9.899999999999999911e-01
9.444691387580338438e-01
9.899999999999999911e-01
9.899999999999999911e-01
9.899999999999999911e-01
9.092483277408663911e-01
9.899999999999999911e-01
9.899999999999999911e-01
8.118844060044850819e-01
9.899999999999999911e-01
9.899999999999999911e-01
9.899999999999999911e-01
9.446876717417220792e-01
9.899999999999999911e-01
9.899999999999999911e-01
9.899999999999999911e-01
8.255161998995150796e-01
9.899999999999999911e-01
9.899999999999999911e-01
9.530598569762143146e-01
9.899999999999999911e-01
9.899999999999999911e-01
9.899999999999999911e-01
7.978183078948193341e-01
9.899999999999999911e-01
9.899999999999999911e-01
9.397142330108622099e-01
9.899999999999999911e-01
9.899999999999999911e-01
9.899999999999999911e-01
8.643586476518816397e-01
9.899999999999999911e-01
9.899999999999999911e-01
9.899999999999999911e-01
9.417219657464270810e-01
9.899999999999999911e-01
9.899999999999999911e-01
9.899999999999999911e-01
8.788559118414904781e-01
9.899999999999999911e-01
9.899999999999999911e-01
9.899999999999999911e-01
8.386140543635878242e-01
9.899999999999999911e-01
9.899999999999999911e-01
9.899999999999999911e-01
9.408447427456980705e-01
9.899999999999999911e-01
9.899999999999999911e-01
9.899999999999999911e-01
8.578547882164038185e-01
9.899999999999999911e-01
9.899999999999999911e-01
9.589988394875630373e-01
9.899999999999999911e-01
9.899999999999999911e-01
9.899999999999999911e-01
9.042628963020898913e-01
9.899999999999999911e-01
9.167541252288878839e-01
9.899999999999999911e-01
9.899999999999999911e-01
9.899999999999999911e-01
7.974999094421066914e-01
9.899999999999999911e-01
9.899999999999999911e-01
9.899999999999999911e-01
9.456308953504138914e-01
9.899999999999999911e-01
9.899999999999999911e-01
9.899999999999999911e-01
9.065910878675984552e-01
9.899999999999999911e-01
9.899999999999999911e-01
7.941041319059145565e-01
9.899999999999999911e-01
9.899999999999999911e-01
9.899999999999999911e-01
9.384634699250833378e-01
9.899999999999999911e-01
9.899999999999999911e-01
9.899999999999999911e-01
9.429180616219792199e-01
9.899999999999999911e-01
9.899999999999999911e-01
9.899999999999999911e-01
8.880051428789560442e-01
9.899999999999999911e-01
9.899999999999999911e-01
9.899999999999999911e-01
7.905693185018485281e-01
9.899999999999999911e-01
9.899999999999999911e-01
9.899999999999999911e-01
8.033596930852665574e-01
9.899999999999999911e-01
9.899999999999999911e-01
9.899999999999999911e-01
8.117134420239004999e-01
9.899999999999999911e-01
9.899999999999999911e-01
7.825503642023671214e-01
9.899999999999999911e-01
9.899999999999999911e-01
9.899999999999999911e-01
9.233974619801164074e-01
9.899999999999999911e-01
9.899999999999999911e-01
7.659993862945246867e-01
9.899999999999999911e-01
9.899999999999999911e-01
9.899999999999999911e-01
9.420692767637119935e-01
9.899999999999999911e-01
7.787568668196401811e-01
9.899999999999999911e-01
9.899999999999999911e-01
7.716763501282669635e-01
9.899999999999999911e-01
9.899999999999999911e-01
9.306456474426881842e-01
9.899999999999999911e-01
9.899999999999999911e-01
9.422614476958885987e-01
9.899999999999999911e-01
9.899999999999999911e-01
9.899999999999999911e-01
9.597487310490411261e-01
9.899999999999999911e-01
9.899999999999999911e-01
8.147745204233912686e-01
9.899999999999999911e-01
9.899999999999999911e-01
9.899999999999999911e-01
8.381609977336270667e-01
9.899999999999999911e-01
9.899999999999999911e-01
9.899999999999999911e-01
8.748462855596118581e-01
9.899999999999999911e-01
9.899999999999999911e-01
9.899999999999999911e-01
9.566331767426354826e-01
9.899999999999999911e-01
9.899999999999999911e-01
9.055265909323557683e-01
9.899999999999999911e-01
9.899999999999999911e-01
9.899999999999999911e-01
9.067138919280628429e-01
9.899999999999999911e-01
9.899999999999999911e-01
9.250068015624272055e-01
9.899999999999999911e-01
9.899999999999999911e-01
9.899999999999999911e-01
9.639924154824776048e-01
9.899999999999999911e-01
9.899999999999999911e-01
9.899999999999999911e-01
9.899999999999999911e-01
9.899999999999999911e-01
9.238922536436793287e-01
9.899999999999999911e-01
9.899999999999999911e-01
8.041739670756652414e-01
9.899999999999999911e-01
9.899999999999999911e-01
9.899999999999999911e-01
8.512147592281249509e-01
9.899999999999999911e-01
9.899999999999999911e-01
9.899999999999999911e-01
8.462862638651559299e-01
9.899999999999999911e-01
7.547495280645328819e-01
9.899999999999999911e-01
9.899999999999999911e-01
9.072637768326101693e-01
9.899999999999999911e-01
9.899999999999999911e-01
9.899999999999999911e-01
8.866938919623741366e-01
9.899999999999999911e-01
9.899999999999999911e-01
9.899999999999999911e-01
8.413396671751922629e-01
9.899999999999999911e-01
9.899999999999999911e-01
8.378094952948830221e-01
9.899999999999999911e-01
9.899999999999999911e-01
9.899999999999999911e-01
8.907885216113232696e-01
9.899999999999999911e-01
9.899999999999999911e-01
9.899999999999999911e-01
9.523072758505747304e-01
9.899999999999999911e-01
9.899999999999999911e-01
9.899999999999999911e-01
8.649621569247827324e-01
9.899999999999999911e-01
9.899999999999999911e-01
9.899999999999999911e-01
8.699702432460597601e-01
9.899999999999999911e-01
9.899999999999999911e-01
9.899999999999999911e-01
8.926182818812888886e-01
9.899999999999999911e-01
9.899999999999999911e-01
9.899999999999999911e-01
8.172740220597427552e-01
9.899999999999999911e-01
9.899999999999999911e-01
9.899999999999999911e-01
8.307279063855981249e-01
9.899999999999999911e-01
9.899999999999999911e-01
9.899999999999999911e-01
9.061449131550347591e-01
9.899999999999999911e-01
9.899999999999999911e-01
9.899999999999999911e-01
8.392491962083978851e-01
9.899999999999999911e-01
9.899999999999999911e-01
9.899999999999999911e-01
8.491774731490726591e-01
9.899999999999999911e-01
9.899999999999999911e-01
9.028473796408845731e-01
9.899999999999999911e-01
9.899999999999999911e-01
9.899999999999999911e-01
