9.424554952515590278e-01
9.899999999999999911e-01
9.899999999999999911e-01
9.899999999999997691e-01
7.855350580910093194e-01
9.899999999999999911e-01
9.899999999999999911e-01
9.899999999999999911e-01
9.019626401283135086e-01
9.899999999999999911e-01
9.899999999999999911e-01
9.899999999999999911e-01
8.655102920664706767e-01
9.899999999999999911e-01
9.899999999999999911e-01
9.899999999999999911e-01
9.420601772876096014e-01
9.899999999999999911e-01
9.899999999999999911e-01
9.899999999999999911e-01
8.726522945060211089e-01
9.899999999999999911e-01
9.899999999999999911e-01
9.899999999999999911e-01
9.557193518383237940e-01
9.899999999999999911e-01
9.899999999999999911e-01
9.899999999999999911e-01
9.279407633849970916e-01
9.899999999999999911e-01
9.899999999999999911e-01
9.899999999999999911e-01
9.385899824005655701e-01
9.899999999999999911e-01
9.899999999999999911e-01
9.899999999999999911e-01
9.550692493955179607e-01
9.899999999999999911e-01
9.899999999999999911e-01
9.899999999999999911e-01
9.403355895310858692e-01
9.899999999999999911e-01
9.899999999999999911e-01
9.899999999999999911e-01
9.486093362233283255e-01
9.899999999999999911e-01
9.899999999999999911e-01
9.899999999999999911e-01
9.533899178303805177e-01
9.899999999999999911e-01
9.899999999999999911e-01
9.899999999999999911e-01
9.424803614649113204e-01
9.899999999999999911e-01
9.899999999999999911e-01
9.899999999999999911e-01
7.759043844363154863e-01
9.899999999999999911e-01
9.899999999999999911e-01
9.899999999999999911e-01
8.516473869643275130e-01
9.899999999999999911e-01
9.899999999999999911e-01
9.899999999999999911e-01
8.031626210760292039e-01
9.899999999999999911e-01
9.899999999999999911e-01
9.899999999999999911e-01
8.333008670493692316e-01
9.899999999999999911e-01
9.899999999999999911e-01
9.899999999999999911e-01
9.379313880624940980e-01
9.899999999999999911e-01
9.899999999999999911e-01
9.899999999999999911e-01
9.467990417771607881e-01
9.899999999999999911e-01
9.899999999999997691e-01
9.899999999999999911e-01
9.082138241954814672e-01
9.899999999999999911e-01
9.899999999999999911e-01
9.899999999999999911e-01
8.922697639947947401e-01
9.899999999999999911e-01
9.899999999999999911e-01
9.899999999999999911e-01
9.408772093404129677e-01
9.899999999999999911e-01
9.899999999999999911e-01
9.899999999999999911e-01
8.925916056614567884e-01
9.899999999999999911e-01
9.899999999999999911e-01
9.899999999999999911e-01
8.466309306236313725e-01
9.899999999999999911e-01
9.899999999999999911e-01
9.899999999999999911e-01
8.721699872310318957e-01
9.899999999999999911e-01
9.899999999999999911e-01
9.899999999999999911e-01
8.856138724199992263e-01
9.899999999999999911e-01
9.899999999999999911e-01
9.899999999999999911e-01
8.628047427932009628e-01
9.899999999999999911e-01
8.458114341031897077e-01
9.899999999999999911e-01
9.899999999999999911e-01
9.899999999999999911e-01
9.468412142748316995e-01
9.899999999999999911e-01
7.735156283577171443e-01
9.899999999999999911e-01
9.899999999999999911e-01
9.899999999999999911e-01
8.232048211409772609e-01
9.899999999999999911e-01
9.899999999999999911e-01
9.899999999999999911e-01
7.881091409198087705e-01
9.899999999999999911e-01
9.899999999999999911e-01
9.899999999999999911e-01
7.986659262325334074e-01
9.899999999999999911e-01
9.899999999999999911e-01
9.899999999999999911e-01
8.896063658036177380e-01
9.899999999999999911e-01
9.899999999999999911e-01
9.899999999999999911e-01
9.074828591046745219e-01
9.899999999999999911e-01
9.899999999999999911e-01
9.899999999999999911e-01
9.029037945529105880e-01
9.899999999999999911e-01
9.899999999999999911e-01
8.813074326858270080e-01
9.899999999999999911e-01
9.899999999999999911e-01
9.899999999999999911e-01
8.646385879901832272e-01
9.899999999999999911e-01
9.899999999999999911e-01
9.589086203300924982e-01
9.899999999999999911e-01
9.899999999999999911e-01
9.899999999999999911e-01
8.925053344666981081e-01
9.899999999999999911e-01
9.899999999999999911e-01
9.899999999999999911e-01
9.899999999999999911e-01
9.899999999999999911e-01
9.146903707422361363e-01
9.899999999999999911e-01
9.899999999999999911e-01
9.899999999999999911e-01
9.268656731160380691e-01
9.899999999999999911e-01
9.899999999999999911e-01
9.899999999999999911e-01
9.899999999999999911e-01
9.629354714541175086e-01
9.899999999999999911e-01
9.899999999999999911e-01
9.899999999999999911e-01
9.899999999999999911e-01
8.883790432400218151e-01
9.899999999999999911e-01
9.899999999999999911e-01
9.899999999999999911e-01
9.117899014022183835e-01
9.899999999999999911e-01
9.899999999999999911e-01
9.899999999999999911e-01
9.664743405193844117e-01
9.899999999999999911e-01
9.899999999999999911e-01
9.899999999999999911e-01
9.899999999999999911e-01
9.899999999999999911e-01
9.498306425993336966e-01
9.899999999999999911e-01
9.899999999999999911e-01
9.899999999999999911e-01
8.576346939640280276e-01
9.899999999999999911e-01
9.899999999999999911e-01
9.899999999999999911e-01
8.871259928196010280e-01
9.899999999999999911e-01
9.899999999999999911e-01
9.899999999999999911e-01
7.693549815137817882e-01
9.899999999999999911e-01
9.899999999999999911e-01
9.899999999999999911e-01
9.899999999999999911e-01
9.899999999999999911e-01
9.899999999999999911e-01
9.682403741654674878e-01
9.899999999999999911e-01
9.899999999999999911e-01
9.899999999999999911e-01
9.185143001689937137e-01
9.899999999999999911e-01
9.899999999999999911e-01
9.899999999999999911e-01
8.012293056880682718e-01
9.899999999999999911e-01
9.899999999999999911e-01
9.434510722063242927e-01
9.899999999999999911e-01
9.899999999999999911e-01
8.154632165763480156e-01
9.899999999999999911e-01
9.899999999999999911e-01
9.341062661329285755e-01
9.899999999999999911e-01
9.899999999999999911e-01
9.899999999999999911e-01
7.650667331960780970e-01
9.899999999999999911e-01
9.899999999999999911e-01
9.899999999999999911e-01
9.580531867181593109e-01
9.899999999999999911e-01
9.899999999999999911e-01
9.899999999999999911e-01
7.729788978318025139e-01
9.899999999999999911e-01
9.899999999999999911e-01
9.899999999999999911e-01
7.954112443657394005e-01
9.899999999999999911e-01
9.899999999999999911e-01
9.899999999999999911e-01
8.762443851230852232e-01
9.899999999999999911e-01
9.899999999999999911e-01
9.899999999999999911e-01
8.595164548992022535e-01
8.593830455399388280e-01
9.899999999999999911e-01
9.899999999999999911e-01
9.899999999999999911e-01
8.658237107363087048e-01
9.899999999999999911e-01
9.899999999999999911e-01
9.899999999999999911e-01
8.354404424145068786e-01
9.899999999999999911e-01
9.899999999999999911e-01
9.899999999999999911e-01
8.924539486464103666e-01
9.899999999999999911e-01
9.899999999999999911e-01
9.899999999999999911e-01
9.346313493485649548e-01
9.899999999999999911e-01
9.899999999999999911e-01
9.899999999999999911e-01
8.531468704840219353e-01
9.899999999999999911e-01
9.899999999999999911e-01
9.899999999999999911e-01
9.643833210877323925e-01
9.899999999999999911e-01
9.899999999999999911e-01
9.899999999999999911e-01
9.034969296949026951e-01
9.899999999999999911e-01
9.899999999999999911e-01
9.899999999999999911e-01
9.656162964691070716e-01
9.899999999999999911e-01
9.899999999999999911e-01
9.899999999999999911e-01
7.714317828364846141e-01
9.899999999999999911e-01
9.899999999999999911e-01
9.899999999999999911e-01
9.365000225940143253e-01
9.899999999999999911e-01
9.899999999999999911e-01
9.899999999999999911e-01
9.595428340790193023e-01
9.899999999999999911e-01
9.899999999999999911e-01
9.899999999999999911e-01
7.617877480925071554e-01
9.899999999999999911e-01
9.899999999999999911e-01
9.899999999999999911e-01
8.601820707584608705e-01
9.899999999999999911e-01
9.899999999999999911e-01
9.899999999999999911e-01
8.349629558390533335e-01
9.899999999999999911e-01
9.899999999999999911e-01
9.899999999999999911e-01
9.489240289106311010e-01
9.899999999999999911e-01
9.899999999999999911e-01
9.899999999999999911e-01
8.745850470221993023e-01
9.899999999999999911e-01
9.899999999999999911e-01
9.899999999999999911e-01
8.128415678426690327e-01
9.899999999999999911e-01
9.899999999999999911e-01
9.899999999999999911e-01
8.927094607705091667e-01
9.899999999999999911e-01
9.899999999999999911e-01
9.899999999999999911e-01
8.894176116448075931e-01
9.899999999999999911e-01
9.899999999999999911e-01
9.899999999999999911e-01
8.889043500919325824e-01
9.899999999999999911e-01
9.899999999999999911e-01
9.899999999999999911e-01
9.056605615104814655e-01
9.899999999999999911e-01
9.899999999999999911e-01
9.899999999999999911e-01
9.899999999999999911e-01
9.899999999999999911e-01
9.899999999999999911e-01
9.899999999999999911e-01
8.950531021709792201e-01
9.899999999999999911e-01
9.899999999999999911e-01
9.899999999999999911e-01
9.045123185613097583e-01
9.899999999999999911e-01
9.899999999999999911e-01
9.899999999999999911e-01
9.730758266840227044e-01
9.899999999999999911e-01
9.899999999999999911e-01
9.899999999999999911e-01
8.244033303580154959e-01
9.899999999999999911e-01
9.899999999999999911e-01
9.899999999999999911e-01
9.899999999999999911e-01
7.568029278265276938e-01
9.899999999999999911e-01
9.899999999999999911e-01
9.899999999999999911e-01
8.050166191673570060e-01
9.899999999999999911e-01
9.899999999999999911e-01
9.899999999999999911e-01
9.652538515218482829e-01
9.899999999999999911e-01
9.899999999999999911e-01
9.899999999999999911e-01
9.506167127231125447e-01
9.899999999999999911e-01
9.899999999999999911e-01
8.116309998572976969e-01
9.899999999999999911e-01
9.899999999999999911e-01
9.899999999999999911e-01
9.419408411012173410e-01
9.899999999999999911e-01
9.899999999999999911e-01
9.899999999999999911e-01
7.764940401656481583e-01
9.899999999999999911e-01
9.899999999999999911e-01
9.899999999999999911e-01
9.516147461319907075e-01
9.899999999999999911e-01
9.899999999999999911e-01
8.591084219148781287e-01
9.899999999999999911e-01
9.899999999999999911e-01
9.899999999999999911e-01
8.681478580130433942e-01
9.899999999999999911e-01
9.899999999999999911e-01
9.899999999999999911e-01
7.982616658318826275e-01
9.899999999999999911e-01
9.539182048218790566e-01
9.899999999999999911e-01
9.899999999999999911e-01
9.899999999999999911e-01
8.074417429249817202e-01
9.899999999999999911e-01
9.899999999999999911e-01
9.899999999999999911e-01
9.016061641210384447e-01
9.626806415545247075e-01
9.899999999999999911e-01
9.899999999999999911e-01
9.645297767175985415e-01
9.899999999999999911e-01
9.899999999999999911e-01
9.899999999999999911e-01
8.556785690600423600e-01
9.899999999999999911e-01
9.899999999999999911e-01
9.899999999999999911e-01
9.160899264244191098e-01
9.899999999999999911e-01
9.899999999999999911e-01
9.899999999999999911e-01
7.961659090852969412e-01
9.899999999999999911e-01
9.899999999999999911e-01
9.899999999999999911e-01
9.395688535643053063e-01
9.899999999999999911e-01
9.899999999999999911e-01
9.899999999999999911e-01
9.173845677675662724e-01
9.899999999999999911e-01
9.899999999999999911e-01
9.899999999999999911e-01
8.006898208298812714e-01
9.899999999999999911e-01
9.899999999999999911e-01
9.899999999999999911e-01
8.313620719639071011e-01
9.899999999999999911e-01
9.899999999999999911e-01
9.899999999999999911e-01
9.899999999999999911e-01
9.899999999999999911e-01
9.355621236960205422e-01
9.899999999999999911e-01
9.899999999999999911e-01
9.899999999999999911e-01
9.008139393866169131e-01
9.899999999999999911e-01
9.899999999999999911e-01
9.414433789132652386e-01
9.899999999999999911e-01
9.899999999999999911e-01
9.899999999999999911e-01
8.911200268764494226e-01
9.899999999999999911e-01
8.149917612990938975e-01
9.899999999999999911e-01
9.899999999999999911e-01
9.899999999999999911e-01
9.777085937994280940e-01
9.899999999999999911e-01
9.899999999999999911e-01
9.899999999999999911e-01
9.120384761756762382e-01
9.899999999999999911e-01
9.899999999999999911e-01
9.899999999999999911e-01
8.231325987715536474e-01
9.899999999999999911e-01
9.899999999999999911e-01
9.899999999999999911e-01
7.875189960914573684e-01
9.899999999999999911e-01
9.899999999999999911e-01
9.899999999999999911e-01
9.242860044814024123e-01
9.899999999999999911e-01
9.899999999999999911e-01
9.899999999999999911e-01
8.309169565383436318e-01
9.899999999999999911e-01
9.899999999999999911e-01
9.899999999999999911e-01
9.397832199054699798e-01
9.899999999999999911e-01
9.899999999999999911e-01
9.899999999999999911e-01
8.533767072602066461e-01
9.899999999999999911e-01
9.899999999999999911e-01
9.899999999999999911e-01
7.997026270897678035e-01
9.899999999999999911e-01
9.899999999999999911e-01
9.899999999999999911e-01
9.619567139621352236e-01
9.899999999999999911e-01
9.899999999999999911e-01
9.899999999999999911e-01
7.918598736725213083e-01
9.899999999999999911e-01
9.899999999999999911e-01
9.899999999999999911e-01
9.787208455503059179e-01
9.899999999999999911e-01
9.899999999999999911e-01
9.899999999999999911e-01
8.456830068777708709e-01
9.899999999999999911e-01
9.899999999999999911e-01
9.899999999999999911e-01
9.126631576185010308e-01
9.899999999999999911e-01
9.899999999999999911e-01
9.899999999999999911e-01
7.706797769755731053e-01
9.899999999999999911e-01
9.899999999999999911e-01
9.899999999999999911e-01
9.604896419578693445e-01
9.899999999999999911e-01
9.899999999999999911e-01
9.899999999999999911e-01
8.229277337847709095e-01
9.899999999999999911e-01
9.899999999999999911e-01
9.899999999999999911e-01
8.638188400387926125e-01
9.899999999999999911e-01
9.899999999999999911e-01
9.899999999999999911e-01
8.509717025790299871e-01
9.899999999999999911e-01
9.899999999999999911e-01
9.899999999999999911e-01
7.857965459827945809e-01
9.899999999999999911e-01
9.899999999999999911e-01
9.899999999999999911e-01
8.464488175832758365e-01
9.899999999999999911e-01
9.899999999999999911e-01
9.899999999999999911e-01
7.799455947278941537e-01
9.899999999999999911e-01
9.899999999999999911e-01
9.899999999999999911e-01
8.461361965925950912e-01
9.899999999999999911e-01
9.899999999999999911e-01
9.899999999999999911e-01
9.297825183676131644e-01
9.899999999999999911e-01
9.899999999999999911e-01
7.733800648561919289e-01
9.899999999999999911e-01
9.899999999999999911e-01
9.899999999999999911e-01
7.661544606183849915e-01
8.490360507322473049e-01
9.899999999999999911e-01
9.899999999999999911e-01
9.899999999999999911e-01
9.132420182040867918e-01
9.899999999999999911e-01
9.899999999999999911e-01
9.899999999999999911e-01
8.177133340642674941e-01
9.899999999999999911e-01
9.899999999999999911e-01
9.899999999999999911e-01
7.933615850896033050e-01
9.899999999999999911e-01
9.899999999999999911e-01
9.899999999999999911e-01
7.878715880405526839e-01
9.899999999999999911e-01
9.899999999999999911e-01
9.899999999999999911e-01
8.860914200414230502e-01
9.899999999999999911e-01
9.899999999999999911e-01
9.899999999999999911e-01
7.559583700676048013e-01
9.899999999999999911e-01
9.899999999999999911e-01
9.899999999999999911e-01
8.363937283949103296e-01
9.899999999999999911e-01
9.899999999999999911e-01
9.899999999999999911e-01
8.323260468927302647e-01
9.899999999999999911e-01
9.899999999999999911e-01
9.899999999999999911e-01
9.454598336567768824e-01
9.899999999999999911e-01
9.899999999999999911e-01
9.899999999999999911e-01
8.586813019592608454e-01
9.899999999999999911e-01
9.899999999999999911e-01
9.899999999999999911e-01
9.439071818210712506e-01
9.899999999999999911e-01
9.899999999999999911e-01
8.888571415625492467e-01
9.899999999999999911e-01
9.899999999999999911e-01
9.899999999999999911e-01
8.521236761397328330e-01
9.899999999999999911e-01
9.899999999999999911e-01
8.942793874344168170e-01
9.899999999999999911e-01
9.899999999999999911e-01
9.899999999999999911e-01
8.630377509939329839e-01
9.899999999999999911e-01
9.899999999999999911e-01
9.899999999999999911e-01
7.701326862810298213e-01
9.899999999999999911e-01
9.899999999999999911e-01
9.899999999999999911e-01
8.474988173178411577e-01
9.899999999999999911e-01
9.156707992980946953e-01
9.899999999999999911e-01
9.899999999999999911e-01
9.899999999999999911e-01
7.961117545921879701e-01
9.899999999999999911e-01
9.899999999999999911e-01
9.899999999999999911e-01
7.667072724545882512e-01
9.899999999999999911e-01
9.899999999999999911e-01
9.899999999999999911e-01
8.259656802731999425e-01
9.899999999999999911e-01
9.899999999999999911e-01
9.899999999999999911e-01
8.231390009105011840e-01
9.899999999999999911e-01
9.899999999999999911e-01
8.815125005166716265e-01
9.899999999999999911e-01
9.899999999999999911e-01
9.376550617471343108e-01
9.899999999999999911e-01
9.899999999999999911e-01
9.899999999999999911e-01
8.563564274920887343e-01
9.899999999999999911e-01
9.899999999999999911e-01
9.899999999999999911e-01
8.034207142668363666e-01
9.899999999999999911e-01
9.899999999999999911e-01
9.899999999999999911e-01
9.017630644549492480e-01
9.899999999999999911e-01
9.899999999999999911e-01
9.899999999999999911e-01
9.498068994579119684e-01
9.899999999999999911e-01
9.899999999999999911e-01
8.018945411665897582e-01
9.899999999999999911e-01
9.899999999999999911e-01
9.899999999999999911e-01
8.504357772496200507e-01
9.899999999999999911e-01
9.899999999999999911e-01
9.899999999999999911e-01
8.582022160666623600e-01
9.899999999999999911e-01
9.899999999999999911e-01
9.899999999999999911e-01
7.981167848063052128e-01
9.899999999999999911e-01
9.899999999999997691e-01
9.899999999999999911e-01
8.944998370518884023e-01
9.899999999999999911e-01
9.899999999999999911e-01
9.899999999999999911e-01
7.933869602233062368e-01
9.899999999999999911e-01
9.899999999999999911e-01
9.899999999999999911e-01
9.329083787609374623e-01
9.899999999999999911e-01
9.899999999999999911e-01
9.899999999999999911e-01
8.163434778906581979e-01
9.899999999999999911e-01
9.899999999999999911e-01
9.899999999999999911e-01
8.698145474138987421e-01
9.899999999999999911e-01
9.899999999999999911e-01
9.899999999999999911e-01
9.002114573024814215e-01
9.899999999999999911e-01
9.899999999999999911e-01
9.899999999999999911e-01
7.960819955073625831e-01
9.899999999999999911e-01
9.899999999999999911e-01
9.899999999999999911e-01
8.966600184275743679e-01
9.899999999999999911e-01
8.355155871108438381e-01
9.899999999999999911e-01
9.899999999999999911e-01
9.899999999999999911e-01
9.195309221147277556e-01
9.899999999999999911e-01
9.899999999999999911e-01
9.899999999999999911e-01
8.223672986307921651e-01
9.899999999999999911e-01
9.899999999999999911e-01
7.696404199988630124e-01
9.899999999999999911e-01
9.899999999999999911e-01
9.899999999999999911e-01
7.666430658265711573e-01
9.899999999999999911e-01
9.899999999999999911e-01
9.899999999999999911e-01
8.580570650047304460e-01
9.899999999999999911e-01
9.899999999999999911e-01
9.286902055899431963e-01
9.899999999999999911e-01
9.899999999999999911e-01
9.899999999999999911e-01
9.264279651247468994e-01
9.899999999999999911e-01
9.899999999999999911e-01
8.000662733967669471e-01
9.899999999999999911e-01
9.899999999999999911e-01
9.899999999999999911e-01
9.768959857211153563e-01
9.899999999999999911e-01
9.899999999999999911e-01
9.899999999999999911e-01
7.974316069530607010e-01
9.899999999999999911e-01
9.899999999999999911e-01
9.899999999999999911e-01
8.430475819100461399e-01
9.899999999999999911e-01
9.899999999999999911e-01
9.899999999999999911e-01
9.460568717677730888e-01
9.899999999999999911e-01
9.899999999999999911e-01
9.899999999999999911e-01
8.862225554581175668e-01
9.899999999999999911e-01
9.899999999999999911e-01
8.892394914989840693e-01
9.899999999999999911e-01
9.899999999999999911e-01
9.899999999999999911e-01
8.746754245437741160e-01
9.899999999999999911e-01
9.899999999999999911e-01
9.899999999999999911e-01
7.908206938879908110e-01
9.899999999999999911e-01
9.899999999999999911e-01
9.899999999999999911e-01
8.635383491398683775e-01
9.899999999999999911e-01
7.764269083093182644e-01
9.899999999999999911e-01
9.899999999999999911e-01
8.607155857358848028e-01
9.899999999999999911e-01
9.899999999999999911e-01
9.899999999999999911e-01
9.457088955541463893e-01
9.899999999999999911e-01
9.899999999999999911e-01
9.899999999999999911e-01
9.105376196765231356e-01
9.899999999999999911e-01
9.899999999999999911e-01
8.130811467257275105e-01
9.899999999999999911e-01
9.899999999999999911e-01
9.899999999999999911e-01
9.458972618723932024e-01
9.899999999999999911e-01
9.899999999999999911e-01
9.899999999999999911e-01
8.268644236452145080e-01
9.899999999999999911e-01
9.899999999999999911e-01
9.543962095820874847e-01
9.899999999999999911e-01
9.899999999999999911e-01
9.899999999999999911e-01
7.989477993049260984e-01
9.899999999999999911e-01
9.899999999999999911e-01
9.410225182865885607e-01
9.899999999999999911e-01
9.899999999999999911e-01
9.899999999999999911e-01
8.655913877907830400e-01
9.899999999999999911e-01
9.899999999999999911e-01
9.899999999999999911e-01
9.424488778867912142e-01
9.899999999999999911e-01
9.899999999999999911e-01
9.899999999999999911e-01
8.802049569513821226e-01
9.899999999999999911e-01
9.899999999999999911e-01
9.899999999999999911e-01
8.398148991980514122e-01
9.899999999999999911e-01
9.899999999999999911e-01
9.899999999999999911e-01
9.421088248412406996e-01
9.899999999999999911e-01
9.899999999999999911e-01
9.899999999999999911e-01
8.592016138596733077e-01
9.899999999999999911e-01
9.899999999999999911e-01
9.603471966045875607e-01
9.899999999999999911e-01
9.899999999999999911e-01
9.899999999999999911e-01
9.053586441533167939e-01
9.899999999999999911e-01
9.180931336669334586e-01
9.899999999999999911e-01
9.899999999999999911e-01
9.899999999999999911e-01
7.988494968827477560e-01
9.899999999999999911e-01
9.899999999999999911e-01
9.899999999999999911e-01
9.469390764380777314e-01
9.899999999999999911e-01
9.899999999999999911e-01
9.899999999999999911e-01
9.078058790288265900e-01
9.899999999999999911e-01
9.899999999999999911e-01
7.954300062070868149e-01
9.899999999999999911e-01
9.899999999999999911e-01
9.899999999999999911e-01
9.396954368850897188e-01
9.899999999999999911e-01
9.899999999999999911e-01
9.899999999999999911e-01
9.442504136043385898e-01
9.899999999999999911e-01
9.899999999999999911e-01
9.899999999999999911e-01
8.886575792004550722e-01
9.899999999999999911e-01
9.899999999999999911e-01
9.899999999999999911e-01
7.919194833756466601e-01
9.899999999999999911e-01
9.899999999999999911e-01
9.899999999999999911e-01
8.046080049410482271e-01
9.899999999999999911e-01
9.899999999999999911e-01
9.899999999999999911e-01
8.129477093757601081e-01
9.899999999999999911e-01
9.899999999999999911e-01
7.837466479947924336e-01
9.899999999999999911e-01
9.899999999999999911e-01
9.899999999999999911e-01
9.246053665151923173e-01
9.899999999999999911e-01
9.899999999999999911e-01
7.673282594301022996e-01
9.899999999999999911e-01
9.899999999999999911e-01
9.899999999999999911e-01
9.434164718400132044e-01
9.899999999999999911e-01
7.799500064929353327e-01
9.899999999999999911e-01
9.899999999999999911e-01
7.730262127192781829e-01
9.899999999999999911e-01
9.899999999999999911e-01
9.318619483186361130e-01
9.899999999999999911e-01
9.899999999999999911e-01
9.435194292075057554e-01
9.899999999999999911e-01
9.899999999999999911e-01
9.899999999999999911e-01
9.610922557470839012e-01
9.899999999999999911e-01
9.899999999999999911e-01
8.161244709172107425e-01
9.899999999999999911e-01
9.899999999999999911e-01
9.899999999999999911e-01
8.393339194350586396e-01
9.899999999999999911e-01
9.899999999999999911e-01
9.899999999999999911e-01
8.761071293269218074e-01
9.899999999999999911e-01
9.899999999999999911e-01
9.899999999999999911e-01
9.578341236027801964e-01
9.899999999999999911e-01
9.899999999999999911e-01
9.060821230893179035e-01
9.899999999999999911e-01
9.899999999999999911e-01
9.899999999999999911e-01
9.076336627922019229e-01
9.899999999999999911e-01
9.899999999999999911e-01
9.262811842039134769e-01
9.899999999999999911e-01
9.899999999999999911e-01
9.899999999999999911e-01
9.646904034987756615e-01
9.899999999999999911e-01
9.899999999999999911e-01
9.899999999999999911e-01
9.899999999999999911e-01
9.899999999999999911e-01
9.245209989023480679e-01
9.899999999999999911e-01
9.899999999999999911e-01
8.054774063850151933e-01
9.899999999999999911e-01
9.899999999999999911e-01
9.899999999999999911e-01
8.524338637239640137e-01
9.899999999999999911e-01
9.899999999999999911e-01
9.899999999999999911e-01
8.473604487093228110e-01
9.899999999999999911e-01
7.561000289828372356e-01
9.899999999999999911e-01
9.899999999999999911e-01
9.084664381426666990e-01
9.899999999999999911e-01
9.899999999999999911e-01
9.899999999999999911e-01
8.879711437107495886e-01
9.899999999999999911e-01
9.899999999999999911e-01
9.899999999999999911e-01
8.425889422931773787e-01
9.899999999999999911e-01
9.899999999999999911e-01
8.390312542124003237e-01
9.899999999999999911e-01
9.899999999999999911e-01
9.899999999999999911e-01
8.920641621535265742e-01
9.899999999999999911e-01
9.899999999999999911e-01
9.899999999999999911e-01
9.535270594447280423e-01
9.899999999999999911e-01
9.899999999999999911e-01
9.899999999999999911e-01
8.662598828077456847e-01
9.899999999999999911e-01
9.899999999999999911e-01
9.899999999999999911e-01
8.712567567050959472e-01
9.899999999999999911e-01
9.899999999999999911e-01
9.899999999999999911e-01
8.938345083415243364e-01
9.899999999999999911e-01
9.899999999999999911e-01
9.899999999999999911e-01
8.185266143196031630e-01
9.899999999999999911e-01
9.899999999999999911e-01
9.899999999999999911e-01
8.320210751505904279e-01
9.899999999999999911e-01
9.899999999999999911e-01
9.899999999999999911e-01
9.073616927465373294e-01
9.899999999999999911e-01
9.899999999999999911e-01
9.899999999999999911e-01
8.404916836437603678e-01
9.899999999999999911e-01
9.899999999999999911e-01
9.899999999999999911e-01
8.500667267845883890e-01
9.899999999999999911e-01
9.899999999999999911e-01
9.036141965874026072e-01
9.899999999999999911e-01
9.899999999999999911e-01
9.899999999999999911e-01
