9.407768416525826849e-01
9.899999999999999911e-01
9.899999999999999911e-01
9.899999999999996581e-01
7.818868940481975560e-01
9.899999999999999911e-01
9.899999999999999911e-01
9.899999999999999911e-01
8.999502414549052087e-01
9.899999999999999911e-01
9.899999999999999911e-01
9.899999999999999911e-01
8.618962255964810470e-01
9.899999999999999911e-01
9.899999999999999911e-01
9.899999999999999911e-01
9.381846810674696613e-01
9.899999999999999911e-01
9.899999999999999911e-01
9.899999999999999911e-01
8.690589288839701831e-01
9.899999999999999911e-01
9.899999999999999911e-01
9.899999999999999911e-01
9.516775417683589477e-01
9.899999999999999911e-01
9.899999999999999911e-01
9.899999999999999911e-01
9.239005636767195773e-01
9.899999999999999911e-01
9.899999999999999911e-01
9.899999999999999911e-01
9.345660125313393074e-01
9.899999999999999911e-01
9.899999999999999911e-01
9.899999999999999911e-01
9.515113602744608157e-01
9.899999999999999911e-01
9.899999999999999911e-01
9.899999999999999911e-01
9.363098745152952374e-01
9.899999999999999911e-01
9.899999999999999911e-01
9.899999999999999911e-01
9.454418818896248577e-01
9.899999999999999911e-01
9.899999999999999911e-01
9.899999999999999911e-01
9.497770815614852147e-01
9.899999999999999911e-01
9.899999999999999911e-01
9.899999999999999911e-01
9.386800933718154605e-01
9.899999999999999911e-01
9.899999999999999911e-01
9.899999999999999911e-01
7.723134412359737855e-01
9.899999999999999911e-01
9.899999999999999911e-01
9.899999999999999911e-01
8.477585164178442767e-01
9.899999999999999911e-01
9.899999999999999911e-01
9.899999999999999911e-01
7.994738332250391766e-01
9.899999999999999911e-01
9.899999999999999911e-01
9.899999999999999911e-01
8.296853356274014324e-01
9.899999999999999911e-01
9.899999999999999911e-01
9.899999999999999911e-01
9.342660032515507362e-01
9.899999999999999911e-01
9.899999999999999911e-01
9.899999999999999911e-01
9.444802644242420442e-01
9.899999999999999911e-01
9.899999999999995470e-01
9.899999999999999911e-01
9.054698807013540351e-01
9.899999999999999911e-01
9.899999999999999911e-01
9.899999999999999911e-01
8.886493717826872141e-01
9.899999999999999911e-01
9.899999999999999911e-01
9.899999999999999911e-01
9.372485871475488839e-01
9.899999999999999911e-01
9.899999999999999911e-01
9.899999999999999911e-01
8.889022487282405294e-01
9.899999999999999911e-01
9.899999999999999911e-01
9.899999999999999911e-01
8.426168971644749650e-01
9.899999999999999911e-01
9.899999999999999911e-01
9.899999999999999911e-01
8.682144192912327751e-01
9.899999999999999911e-01
9.899999999999999911e-01
9.899999999999999911e-01
8.818488929054643100e-01
9.899999999999999911e-01
9.899999999999999911e-01
9.899999999999999911e-01
8.592556817543395287e-01
9.899999999999999911e-01
8.418622137312318232e-01
9.899999999999999911e-01
9.899999999999999911e-01
9.899999999999999911e-01
9.436855969569913904e-01
9.899999999999999911e-01
7.698641733677866750e-01
9.899999999999999911e-01
9.899999999999999911e-01
9.899999999999999911e-01
8.194327727891758117e-01
9.899999999999999911e-01
9.899999999999999911e-01
9.899999999999999911e-01
7.840584112958413066e-01
9.899999999999999911e-01
9.899999999999999911e-01
9.899999999999999911e-01
7.947781336601038582e-01
9.899999999999999911e-01
9.899999999999999911e-01
9.899999999999999911e-01
8.855759522104313941e-01
9.899999999999999911e-01
9.899999999999999911e-01
9.899999999999999911e-01
9.038552638321738497e-01
9.899999999999999911e-01
9.899999999999999911e-01
9.899999999999999911e-01
9.010483377479892031e-01
9.899999999999999911e-01
9.899999999999999911e-01
8.789138076862619275e-01
9.899999999999999911e-01
9.899999999999999911e-01
9.899999999999999911e-01
8.622630602095139318e-01
9.899999999999999911e-01
9.899999999999999911e-01
9.578664385083307531e-01
9.899999999999999911e-01
9.899999999999999911e-01
9.899999999999999911e-01
8.896514428751846060e-01
9.899999999999999911e-01
9.899999999999999911e-01
9.899999999999999911e-01
9.899999999999999911e-01
9.899999999999999911e-01
9.121199494639361527e-01
9.899999999999999911e-01
9.899999999999999911e-01
9.899999999999999911e-01
9.239214778745477030e-01
9.899999999999999911e-01
9.899999999999999911e-01
9.899999999999999911e-01
9.899999999999999911e-01
9.595518705856641573e-01
9.899999999999999911e-01
9.899999999999999911e-01
9.899999999999999911e-01
9.899999999999999911e-01
8.855077535444105807e-01
9.899999999999999911e-01
9.899999999999999911e-01
9.899999999999999911e-01
9.093278232563252184e-01
9.899999999999999911e-01
9.899999999999999911e-01
9.899999999999999911e-01
9.633919965495318927e-01
9.899999999999999911e-01
9.899999999999999911e-01
9.899999999999999911e-01
9.899999999999999911e-01
9.899999999999999911e-01
9.466719044944679196e-01
9.899999999999999911e-01
9.899999999999999911e-01
9.899999999999999911e-01
8.546384999049083664e-01
9.899999999999999911e-01
9.899999999999999911e-01
9.899999999999999911e-01
8.830790652500130067e-01
9.899999999999999911e-01
9.899999999999999911e-01
9.899999999999999911e-01
7.654089654214796257e-01
9.899999999999999911e-01
9.899999999999999911e-01
9.899999999999999911e-01
9.899999999999999911e-01
9.899999999999999911e-01
9.899999999999999911e-01
9.674019547656239615e-01
9.899999999999999911e-01
9.899999999999999911e-01
9.899999999999999911e-01
9.148479458930429686e-01
9.899999999999999911e-01
9.899999999999999911e-01
9.899999999999999911e-01
7.979234865497485396e-01
9.899999999999999911e-01
9.899999999999999911e-01
9.405506161966715739e-01
9.899999999999999911e-01
9.899999999999999911e-01
8.120358771856268643e-01
9.899999999999999911e-01
9.899999999999999911e-01
9.310934774803515390e-01
9.899999999999999911e-01
9.899999999999999911e-01
9.899999999999999911e-01
7.612711430404207613e-01
9.899999999999999911e-01
9.899999999999999911e-01
9.899999999999999911e-01
9.555268694957478326e-01
9.899999999999999911e-01
9.899999999999999911e-01
9.899999999999999911e-01
7.691799261491206741e-01
9.899999999999999911e-01
9.899999999999999911e-01
9.899999999999999911e-01
7.913838830066802776e-01
9.899999999999999911e-01
9.899999999999999911e-01
9.899999999999999911e-01
8.722062485704069612e-01
9.899999999999999911e-01
9.899999999999999911e-01
9.899999999999999911e-01
8.565978068314918925e-01
8.553807609823241842e-01
9.899999999999999911e-01
9.899999999999999911e-01
9.899999999999999911e-01
8.620435357286617695e-01
9.899999999999999911e-01
9.899999999999999911e-01
9.899999999999999911e-01
8.318464970728236541e-01
9.899999999999999911e-01
9.899999999999999911e-01
9.899999999999999911e-01
8.888490522547499717e-01
9.899999999999999911e-01
9.899999999999999911e-01
9.899999999999999911e-01
9.309381860565314470e-01
9.899999999999999911e-01
9.899999999999999911e-01
9.899999999999999911e-01
8.495022579417105257e-01
9.899999999999999911e-01
9.899999999999999911e-01
9.899999999999999911e-01
9.607754841677841329e-01
9.899999999999999911e-01
9.899999999999999911e-01
9.899999999999999911e-01
9.012443115368891089e-01
9.899999999999999911e-01
9.899999999999999911e-01
9.899999999999999911e-01
9.617822330088244831e-01
9.899999999999999911e-01
9.899999999999999911e-01
9.899999999999999911e-01
7.676603376634615339e-01
9.899999999999999911e-01
9.899999999999999911e-01
9.899999999999999911e-01
9.328363113153592678e-01
9.899999999999999911e-01
9.899999999999999911e-01
9.899999999999999911e-01
9.555760327795300713e-01
9.899999999999999911e-01
9.899999999999999911e-01
9.899999999999999911e-01
7.577442468717039414e-01
9.899999999999999911e-01
9.899999999999999911e-01
9.899999999999999911e-01
8.562177705775771974e-01
9.899999999999999911e-01
9.899999999999999911e-01
9.899999999999999911e-01
8.313396915940334253e-01
9.899999999999999911e-01
9.899999999999999911e-01
9.899999999999999911e-01
9.452725091560171267e-01
9.899999999999999911e-01
9.899999999999999911e-01
9.899999999999999911e-01
8.708202502594933891e-01
9.899999999999999911e-01
9.899999999999999911e-01
9.899999999999999911e-01
8.089003561928700403e-01
9.899999999999999911e-01
9.899999999999999911e-01
9.899999999999999911e-01
8.889893277086406975e-01
9.899999999999999911e-01
9.899999999999999911e-01
9.899999999999999911e-01
8.858287511744592502e-01
9.899999999999999911e-01
9.899999999999999911e-01
9.899999999999999911e-01
8.848863137655755828e-01
9.899999999999999911e-01
9.899999999999999911e-01
9.899999999999999911e-01
9.016140211365697432e-01
9.899999999999999911e-01
9.899999999999999911e-01
9.899999999999999911e-01
9.899999999999999911e-01
9.899999999999999911e-01
9.899999999999999911e-01
9.899999999999999911e-01
8.924268915293165350e-01
9.899999999999999911e-01
9.899999999999999911e-01
9.899999999999999911e-01
9.004837578122226738e-01
9.899999999999999911e-01
9.899999999999999911e-01
9.899999999999999911e-01
9.725524677364734139e-01
9.899999999999999911e-01
9.899999999999999911e-01
9.899999999999999911e-01
8.213875093839340114e-01
9.899999999999999911e-01
9.899999999999999911e-01
9.899999999999999911e-01
9.899999999999999911e-01
7.528454916785309869e-01
9.899999999999999911e-01
9.899999999999999911e-01
9.899999999999999911e-01
8.015442469083078336e-01
9.899999999999999911e-01
9.899999999999999911e-01
9.899999999999999911e-01
9.616710418980635167e-01
9.899999999999999911e-01
9.899999999999999911e-01
9.899999999999999911e-01
9.466864610278686865e-01
9.899999999999999911e-01
9.899999999999999911e-01
8.075884067208448647e-01
9.899999999999999911e-01
9.899999999999999911e-01
9.899999999999999911e-01
9.380686200992085499e-01
9.899999999999999911e-01
9.899999999999999911e-01
9.899999999999999911e-01
7.728840592596345482e-01
9.899999999999999911e-01
9.899999999999999911e-01
9.899999999999999911e-01
9.482849954287232430e-01
9.899999999999999911e-01
9.899999999999999911e-01
8.550730833437161227e-01
9.899999999999999911e-01
9.899999999999999911e-01
9.899999999999999911e-01
8.645127349915929793e-01
9.899999999999999911e-01
9.899999999999999911e-01
9.899999999999999911e-01
7.947824161260088616e-01
9.899999999999999911e-01
9.521608937396055516e-01
9.899999999999999911e-01
9.899999999999999911e-01
9.899999999999999911e-01
8.038459157130124488e-01
9.899999999999999911e-01
9.899999999999999911e-01
9.899999999999999911e-01
8.979427331872761320e-01
9.587721506336235322e-01
9.899999999999999911e-01
9.899999999999999911e-01
9.608740092884023865e-01
9.899999999999999911e-01
9.899999999999999911e-01
9.899999999999999911e-01
8.519916207013723541e-01
9.899999999999999911e-01
9.899999999999999911e-01
9.899999999999999911e-01
9.124910605281886244e-01
9.899999999999999911e-01
9.899999999999999911e-01
9.899999999999999911e-01
7.921296515344166123e-01
9.899999999999999911e-01
9.899999999999999911e-01
9.899999999999999911e-01
9.358128834983332478e-01
9.899999999999999911e-01
9.899999999999999911e-01
9.899999999999999911e-01
9.137890351277474510e-01
9.899999999999999911e-01
9.899999999999999911e-01
9.899999999999999911e-01
7.967214738779484495e-01
9.899999999999999911e-01
9.899999999999999911e-01
9.899999999999999911e-01
8.275996359549445680e-01
9.899999999999999911e-01
9.899999999999999911e-01
9.899999999999999911e-01
9.899999999999999911e-01
9.899999999999999911e-01
9.326697993134369646e-01
9.899999999999999911e-01
9.899999999999999911e-01
9.899999999999999911e-01
8.976449348975378273e-01
9.899999999999999911e-01
9.899999999999999911e-01
9.376355538517685551e-01
9.899999999999999911e-01
9.899999999999999911e-01
9.899999999999999911e-01
8.880966058719215184e-01
9.899999999999999911e-01
8.110036561914208963e-01
9.899999999999999911e-01
9.899999999999999911e-01
9.899999999999999911e-01
9.772712910799717934e-01
9.899999999999999911e-01
9.899999999999997691e-01
9.899999999999999911e-01
9.081357116170676314e-01
9.899999999999999911e-01
9.899999999999999911e-01
9.899999999999999911e-01
8.191395027718709754e-01
9.899999999999999911e-01
9.899999999999999911e-01
9.899999999999999911e-01
7.834683015701354725e-01
9.899999999999999911e-01
9.899999999999999911e-01
9.899999999999999911e-01
9.211828687262758608e-01
9.899999999999999911e-01
9.899999999999999911e-01
9.899999999999999911e-01
8.268782399192168286e-01
9.899999999999999911e-01
9.899999999999999911e-01
9.899999999999999911e-01
9.358652213086416927e-01
9.899999999999999911e-01
9.899999999999999911e-01
9.899999999999999911e-01
8.494176341697637911e-01
9.899999999999999911e-01
9.899999999999999911e-01
9.899999999999999911e-01
7.961862151534617738e-01
9.899999999999999911e-01
9.899999999999999911e-01
9.899999999999999911e-01
9.583675981689390166e-01
9.899999999999999911e-01
9.899999999999999911e-01
9.899999999999999911e-01
7.878413614010195687e-01
9.899999999999999911e-01
9.899999999999999911e-01
9.899999999999999911e-01
9.783692058975820283e-01
9.899999999999999911e-01
9.899999999999999911e-01
9.899999999999999911e-01
8.424274421969868420e-01
9.899999999999999911e-01
9.899999999999999911e-01
9.899999999999999911e-01
9.099609396023198293e-01
9.899999999999999911e-01
9.899999999999999911e-01
9.899999999999999911e-01
7.668701235376684799e-01
9.899999999999999911e-01
9.899999999999999911e-01
9.899999999999999911e-01
9.565137942764150303e-01
9.899999999999999911e-01
9.899999999999999911e-01
9.899999999999999911e-01
8.196765877462673933e-01
9.899999999999999911e-01
9.899999999999999911e-01
9.899999999999999911e-01
8.598632686927144553e-01
9.899999999999999911e-01
9.899999999999999911e-01
9.899999999999999911e-01
8.469387217664829937e-01
9.899999999999999911e-01
9.899999999999999911e-01
9.899999999999999911e-01
7.820869443074109917e-01
9.899999999999999911e-01
9.899999999999999911e-01
9.899999999999999911e-01
8.424417117136857591e-01
9.899999999999999911e-01
9.899999999999999911e-01
9.899999999999999911e-01
7.758984694144382965e-01
9.899999999999999911e-01
9.899999999999999911e-01
9.899999999999999911e-01
8.423002363140380533e-01
9.899999999999999911e-01
9.899999999999999911e-01
9.899999999999999911e-01
9.265731760899104108e-01
9.899999999999999911e-01
9.899999999999999911e-01
7.693764422982005691e-01
9.899999999999999911e-01
9.899999999999999911e-01
9.899999999999999911e-01
7.623784313704055071e-01
8.450445061534627156e-01
9.899999999999999911e-01
9.899999999999999911e-01
9.899999999999999911e-01
9.116018485493894152e-01
9.899999999999999911e-01
9.899999999999999911e-01
9.899999999999999911e-01
8.138034642803460006e-01
9.899999999999999911e-01
9.899999999999999911e-01
9.899999999999999911e-01
7.897822926193309723e-01
9.899999999999999911e-01
9.899999999999999911e-01
9.899999999999999911e-01
7.842324441439505467e-01
9.899999999999999911e-01
9.899999999999999911e-01
9.899999999999999911e-01
8.820435529279329057e-01
9.899999999999999911e-01
9.899999999999999911e-01
9.899999999999999911e-01
7.520110276282635509e-01
9.899999999999999911e-01
9.899999999999999911e-01
9.899999999999999911e-01
8.323580582355081248e-01
9.899999999999999911e-01
9.899999999999999911e-01
9.899999999999999911e-01
8.283077092801921504e-01
9.899999999999999911e-01
9.899999999999999911e-01
9.899999999999999911e-01
9.420612825313575689e-01
9.899999999999999911e-01
9.899999999999999911e-01
9.899999999999999911e-01
8.555413137068509366e-01
9.899999999999999911e-01
9.899999999999999911e-01
9.899999999999999911e-01
9.418584516960326614e-01
9.899999999999999911e-01
9.899999999999999911e-01
8.852924759912897956e-01
9.899999999999999911e-01
9.899999999999999911e-01
9.899999999999999911e-01
8.494799765223112198e-01
9.899999999999999911e-01
9.899999999999999911e-01
8.911915323857080296e-01
9.899999999999999911e-01
9.899999999999999911e-01
9.899999999999999911e-01
8.593183860822248832e-01
9.899999999999999911e-01
9.899999999999999911e-01
9.899999999999999911e-01
7.662531007642733316e-01
9.899999999999999911e-01
9.899999999999999911e-01
9.899999999999999911e-01
8.446951993873419440e-01
9.899999999999999911e-01
9.121032299579205915e-01
9.899999999999999911e-01
9.899999999999999911e-01
9.899999999999999911e-01
7.920969232680032945e-01
9.899999999999999911e-01
9.899999999999999911e-01
9.899999999999999911e-01
7.629518050786187056e-01
9.899999999999999911e-01
9.899999999999999911e-01
9.899999999999999911e-01
8.223792903844890922e-01
9.899999999999999911e-01
9.899999999999999911e-01
9.899999999999999911e-01
8.192964104886751864e-01
9.899999999999999911e-01
9.899999999999999911e-01
8.779360802992406398e-01
9.899999999999999911e-01
9.899999999999999911e-01
9.340441292093126791e-01
9.899999999999999911e-01
9.899999999999999911e-01
9.899999999999999911e-01
8.523805134316497778e-01
9.899999999999999911e-01
9.899999999999999911e-01
9.899999999999999911e-01
7.997939571056253971e-01
9.899999999999999911e-01
9.899999999999999911e-01
9.899999999999999911e-01
8.980880542666537236e-01
9.899999999999999911e-01
9.899999999999999911e-01
9.899999999999999911e-01
9.457609077699027367e-01
9.899999999999999911e-01
9.899999999999999911e-01
7.982190293381511426e-01
9.899999999999999911e-01
9.899999999999999911e-01
9.899999999999999911e-01
8.466861434145609433e-01
9.899999999999999911e-01
9.899999999999999911e-01
9.899999999999999911e-01
8.541583289068046536e-01
9.899999999999999911e-01
9.899999999999999911e-01
9.899999999999999911e-01
7.940683517657981527e-01
9.899999999999999911e-01
9.899999999999999911e-01
9.899999999999999911e-01
8.905213533854399177e-01
9.899999999999999911e-01
9.899999999999999911e-01
9.899999999999999911e-01
7.897365046950499679e-01
9.899999999999999911e-01
9.899999999999999911e-01
9.899999999999999911e-01
9.289580439158896530e-01
9.899999999999999911e-01
9.899999999999999911e-01
9.899999999999999911e-01
8.126168926387041802e-01
9.899999999999999911e-01
9.899999999999999911e-01
9.899999999999999911e-01
8.658294657335809941e-01
9.899999999999999911e-01
9.899999999999999911e-01
9.899999999999999911e-01
8.963343359910734831e-01
9.899999999999999911e-01
9.899999999999999911e-01
9.899999999999999911e-01
7.925008346020401273e-01
9.899999999999999911e-01
9.899999999999999911e-01
9.899999999999999911e-01
8.937670249958853397e-01
9.899999999999999911e-01
8.316799682500064517e-01
9.899999999999999911e-01
9.899999999999999911e-01
9.899999999999999911e-01
9.155571957259279747e-01
9.899999999999999911e-01
9.899999999999999911e-01
9.899999999999999911e-01
8.183181056846819956e-01
9.899999999999999911e-01
9.899999999999999911e-01
7.656575760376349571e-01
9.899999999999999911e-01
9.899999999999999911e-01
9.899999999999999911e-01
7.628632442631019250e-01
9.899999999999999911e-01
9.899999999999999911e-01
9.899999999999999911e-01
8.541975437886248912e-01
9.899999999999999911e-01
9.899999999999999911e-01
9.250985485853246981e-01
9.899999999999999911e-01
9.899999999999999911e-01
9.899999999999999911e-01
9.224592297343465752e-01
9.899999999999999911e-01
9.899999999999999911e-01
7.965082000983615407e-01
9.899999999999999911e-01
9.899999999999999911e-01
9.899999999999999911e-01
9.766391776771078392e-01
9.899999999999999911e-01
9.899999999999999911e-01
9.899999999999999911e-01
7.938133166384929718e-01
9.899999999999999911e-01
9.899999999999999911e-01
9.899999999999999911e-01
8.393526565157690689e-01
9.899999999999999911e-01
9.899999999999999911e-01
9.899999999999999911e-01
9.421478286835737181e-01
9.899999999999999911e-01
9.899999999999999911e-01
9.899999999999999911e-01
8.836964425970790238e-01
9.899999999999999911e-01
9.899999999999999911e-01
8.857719108224880733e-01
9.899999999999999911e-01
9.899999999999999911e-01
9.899999999999999911e-01
8.708835220515415143e-01
9.899999999999999911e-01
9.899999999999999911e-01
9.899999999999999911e-01
7.871168140865668628e-01
9.899999999999999911e-01
9.899999999999999911e-01
9.899999999999999911e-01
8.611110389191669601e-01
9.899999999999999911e-01
7.727276336144690561e-01
9.899999999999999911e-01
9.899999999999999911e-01
8.569470754145954716e-01
9.899999999999999911e-01
9.899999999999999911e-01
9.899999999999999911e-01
9.419897051929378984e-01
9.899999999999999911e-01
9.899999999999999911e-01
9.899999999999999911e-01
9.066698469131223570e-01
9.899999999999999911e-01
9.899999999999999911e-01
8.094908591121873220e-01
9.899999999999999911e-01
9.899999999999999911e-01
9.899999999999999911e-01
9.422686647099985935e-01
9.899999999999999911e-01
9.899999999999999911e-01
9.899999999999999911e-01
8.228198325560299731e-01
9.899999999999999911e-01
9.899999999999999911e-01
9.503871769740629416e-01
9.899999999999999911e-01
9.899999999999999911e-01
9.899999999999999911e-01
7.955594450786922511e-01
9.899999999999999911e-01
9.899999999999999911e-01
9.370976602045698600e-01
9.899999999999999911e-01
9.899999999999999911e-01
9.899999999999999911e-01
8.618931516009352700e-01
9.899999999999999911e-01
9.899999999999999911e-01
9.899999999999999911e-01
9.402680274545466288e-01
9.899999999999999911e-01
9.899999999999999911e-01
9.899999999999999911e-01
8.761578524955214720e-01
9.899999999999999911e-01
9.899999999999999911e-01
9.899999999999999911e-01
8.362123888442593023e-01
9.899999999999999911e-01
9.899999999999999911e-01
9.899999999999999911e-01
9.383166243197013090e-01
9.899999999999999911e-01
9.899999999999999911e-01
9.899999999999999911e-01
8.551611699092039887e-01
9.899999999999999911e-01
9.899999999999999911e-01
9.563020690351845543e-01
9.899999999999999911e-01
9.899999999999999911e-01
9.899999999999999911e-01
9.020713061470075900e-01
9.899999999999999911e-01
9.140761451585976971e-01
9.899999999999999911e-01
9.899999999999999911e-01
9.899999999999999911e-01
7.948008369353313229e-01
9.899999999999999911e-01
9.899999999999999911e-01
9.899999999999999911e-01
9.430144061232154096e-01
9.899999999999999911e-01
9.899999999999999911e-01
9.899999999999999911e-01
9.041614079374545865e-01
9.899999999999999911e-01
9.899999999999999911e-01
7.914524821968083046e-01
9.899999999999999911e-01
9.899999999999999911e-01
9.899999999999999911e-01
9.359996945651734013e-01
9.899999999999999911e-01
9.899999999999999911e-01
9.899999999999999911e-01
9.402532628526323322e-01
9.899999999999999911e-01
9.899999999999999911e-01
9.899999999999999911e-01
8.867003085778767391e-01
9.899999999999999911e-01
9.899999999999999911e-01
9.899999999999999911e-01
7.878690972060460318e-01
9.899999999999999911e-01
9.899999999999999911e-01
9.899999999999999911e-01
8.008631179477658790e-01
9.899999999999999911e-01
9.899999999999999911e-01
9.899999999999999911e-01
8.092448240269692894e-01
9.899999999999999911e-01
9.899999999999999911e-01
7.801577330084614736e-01
9.899999999999999911e-01
9.899999999999999911e-01
9.899999999999999911e-01
9.209817978749353928e-01
9.899999999999999911e-01
9.899999999999999911e-01
7.633416835159909652e-01
9.899999999999999911e-01
9.899999999999999911e-01
9.899999999999999911e-01
9.393748753494648440e-01
9.899999999999999911e-01
7.763705037935075826e-01
9.899999999999999911e-01
9.899999999999999911e-01
7.689767497826893727e-01
9.899999999999999911e-01
9.899999999999999911e-01
9.282132006468540864e-01
9.899999999999999911e-01
9.899999999999999911e-01
9.397456282428823249e-01
9.899999999999999911e-01
9.899999999999999911e-01
9.899999999999999911e-01
9.570616773090512286e-01
9.899999999999999911e-01
9.899999999999999911e-01
8.120741227149327335e-01
9.899999999999999911e-01
9.899999999999999911e-01
9.899999999999999911e-01
8.358154161431711193e-01
9.899999999999999911e-01
9.899999999999999911e-01
9.899999999999999911e-01
8.723245834264663490e-01
9.899999999999999911e-01
9.899999999999999911e-01
9.899999999999999911e-01
9.542314479020540530e-01
9.899999999999999911e-01
9.899999999999999911e-01
9.044155515574403559e-01
9.899999999999999911e-01
9.899999999999999911e-01
9.899999999999999911e-01
9.048742751672224083e-01
9.899999999999999911e-01
9.899999999999999911e-01
9.224580577557449645e-01
9.899999999999999911e-01
9.899999999999999911e-01
9.899999999999999911e-01
9.625962784881426648e-01
9.899999999999999911e-01
9.899999999999999911e-01
9.899999999999999911e-01
9.899999999999999911e-01
9.899999999999999911e-01
9.226347196415651819e-01
9.899999999999999911e-01
9.899999999999999911e-01
8.015672892192738930e-01
9.899999999999999911e-01
9.899999999999999911e-01
9.899999999999999911e-01
8.487765237276915231e-01
9.899999999999999911e-01
9.899999999999999911e-01
9.899999999999999911e-01
8.441379238933732765e-01
9.899999999999999911e-01
7.520486676055424535e-01
9.899999999999999911e-01
9.899999999999999911e-01
9.048585333404902675e-01
9.899999999999999911e-01
9.899999999999999911e-01
9.899999999999999911e-01
8.841393789706718520e-01
9.899999999999999911e-01
9.899999999999999911e-01
9.899999999999999911e-01
8.388411929298419389e-01
9.899999999999999911e-01
9.899999999999999911e-01
8.353659305677786362e-01
9.899999999999999911e-01
9.899999999999999911e-01
9.899999999999999911e-01
8.882373456337300244e-01
9.899999999999999911e-01
9.899999999999999911e-01
9.899999999999999911e-01
9.498678884154383439e-01
9.899999999999999911e-01
9.899999999999999911e-01
9.899999999999999911e-01
8.623667960827227086e-01
9.899999999999999911e-01
9.899999999999999911e-01
9.899999999999999911e-01
8.673973111400207214e-01
9.899999999999999911e-01
9.899999999999999911e-01
9.899999999999999911e-01
8.901857413574744138e-01
9.899999999999999911e-01
9.899999999999999911e-01
9.899999999999999911e-01
8.147691043540902234e-01
9.899999999999999911e-01
9.899999999999999911e-01
9.899999999999999911e-01
8.281415286277760135e-01
9.899999999999999911e-01
9.899999999999999911e-01
9.899999999999999911e-01
9.037114100011905959e-01
9.899999999999999911e-01
9.899999999999999911e-01
9.899999999999999911e-01
8.367641718215151903e-01
9.899999999999999911e-01
9.899999999999999911e-01
9.899999999999999911e-01
8.473990299243293611e-01
9.899999999999999911e-01
9.899999999999999911e-01
9.013137152496702997e-01
9.899999999999999911e-01
9.899999999999999911e-01
9.899999999999999911e-01
