9.385383391760636629e-01
9.899999999999999911e-01
9.899999999999999911e-01
9.899999999999992140e-01
7.770221263150276503e-01
9.899999999999999911e-01
9.899999999999999911e-01
9.899999999999999911e-01
8.972670538432062637e-01
9.899999999999999911e-01
9.899999999999999911e-01
9.899999999999999911e-01
8.570773947075699395e-01
9.899999999999999911e-01
9.899999999999999911e-01
9.899999999999999911e-01
9.330178417067526153e-01
9.899999999999999911e-01
9.899999999999999911e-01
9.899999999999999911e-01
8.642679040791837464e-01
9.899999999999999911e-01
9.899999999999999911e-01
9.899999999999999911e-01
9.462883769810800372e-01
9.899999999999999911e-01
9.899999999999999911e-01
9.899999999999999911e-01
9.185136605610535465e-01
9.899999999999999911e-01
9.899999999999999911e-01
9.899999999999999911e-01
9.292008139709170278e-01
9.899999999999999911e-01
9.899999999999999911e-01
9.899999999999999911e-01
9.467666657273322572e-01
9.899999999999999911e-01
9.899999999999999911e-01
9.899999999999999911e-01
9.309423358433741580e-01
9.899999999999999911e-01
9.899999999999999911e-01
9.899999999999999911e-01
9.412177995139604514e-01
9.899999999999999911e-01
9.899999999999999911e-01
9.899999999999999911e-01
9.449606228788250961e-01
9.899999999999999911e-01
9.899999999999999911e-01
9.899999999999999911e-01
9.336136782317836502e-01
9.899999999999999911e-01
9.899999999999999911e-01
9.899999999999999911e-01
7.675251808483709581e-01
9.899999999999999911e-01
9.899999999999999911e-01
9.899999999999999911e-01
8.425734236350996831e-01
9.899999999999999911e-01
9.899999999999999911e-01
9.899999999999999911e-01
7.945555509159113461e-01
9.899999999999999911e-01
9.899999999999999911e-01
9.899999999999999911e-01
8.248644184191219475e-01
9.899999999999999911e-01
9.899999999999999911e-01
9.899999999999999911e-01
9.293792342517670502e-01
9.899999999999999911e-01
9.899999999999999911e-01
9.899999999999999911e-01
9.413879618837638352e-01
9.899999999999999911e-01
9.899999999999997691e-01
9.899999999999999911e-01
9.018109621493450856e-01
9.899999999999999911e-01
9.899999999999999911e-01
9.899999999999999911e-01
8.838226309177639184e-01
9.899999999999999911e-01
9.899999999999999911e-01
9.899999999999999911e-01
9.324111668019509080e-01
9.899999999999999911e-01
9.899999999999999911e-01
9.899999999999999911e-01
8.839836025489979932e-01
9.899999999999999911e-01
9.899999999999999911e-01
9.899999999999999911e-01
8.372651945931364192e-01
9.899999999999999911e-01
9.899999999999999911e-01
9.899999999999999911e-01
8.629406917238370278e-01
9.899999999999999911e-01
9.899999999999999911e-01
9.899999999999999911e-01
8.768289017778465588e-01
9.899999999999999911e-01
9.899999999999999911e-01
9.899999999999999911e-01
8.545235498962082676e-01
9.899999999999999911e-01
8.365967180551535654e-01
9.899999999999999911e-01
9.899999999999999911e-01
9.899999999999999911e-01
9.394773150717313781e-01
9.899999999999999911e-01
7.649954425075019548e-01
9.899999999999999911e-01
9.899999999999999911e-01
9.899999999999999911e-01
8.144036679640045406e-01
9.899999999999999911e-01
9.899999999999999911e-01
9.899999999999999911e-01
7.786579384953122851e-01
9.899999999999999911e-01
9.899999999999999911e-01
9.899999999999999911e-01
7.895948529873025867e-01
9.899999999999999911e-01
9.899999999999999911e-01
9.899999999999999911e-01
8.802022675134445473e-01
9.899999999999999911e-01
9.899999999999999911e-01
9.899999999999999911e-01
8.990190157446908970e-01
9.899999999999999911e-01
9.899999999999999911e-01
9.899999999999999911e-01
8.985744652479485950e-01
9.899999999999999911e-01
9.899999999999999911e-01
8.757223849812784122e-01
9.899999999999999911e-01
9.899999999999999911e-01
9.899999999999999911e-01
8.590959534722601987e-01
9.899999999999999911e-01
9.899999999999999911e-01
9.564766769488119991e-01
9.899999999999999911e-01
9.899999999999999911e-01
9.899999999999999911e-01
8.858460553799540893e-01
9.899999999999999911e-01
9.899999999999999911e-01
9.899999999999999911e-01
9.899999999999999911e-01
9.899999999999999911e-01
9.086923800342470159e-01
9.899999999999999911e-01
9.899999999999999911e-01
9.899999999999999911e-01
9.199953181495577059e-01
9.899999999999999911e-01
9.899999999999999911e-01
9.899999999999999911e-01
9.899999999999999911e-01
9.550394614177096786e-01
9.899999999999999911e-01
9.899999999999999911e-01
9.899999999999999911e-01
9.899999999999999911e-01
8.816792053133345464e-01
9.899999999999999911e-01
9.899999999999999911e-01
9.899999999999999911e-01
9.060447785458114467e-01
9.899999999999999911e-01
9.899999999999999911e-01
9.899999999999999911e-01
9.592812289880607857e-01
9.899999999999999911e-01
9.899999999999999911e-01
9.899999999999999911e-01
9.899999999999999911e-01
9.899999999999999911e-01
9.424594327095671131e-01
9.899999999999999911e-01
9.899999999999999911e-01
9.899999999999999911e-01
8.506436833078686588e-01
9.899999999999999911e-01
9.899999999999999911e-01
9.899999999999999911e-01
8.776832291300972200e-01
9.899999999999999911e-01
9.899999999999999911e-01
9.899999999999999911e-01
7.601480369830260209e-01
9.899999999999999911e-01
9.899999999999999911e-01
9.899999999999999911e-01
9.899999999999999911e-01
9.899999999999999911e-01
9.899999999999999911e-01
9.662838696665628779e-01
9.899999999999999911e-01
9.899999999999999911e-01
9.899999999999999911e-01
9.099600924259289014e-01
9.899999999999999911e-01
9.899999999999999911e-01
9.899999999999999911e-01
7.935162826010596637e-01
9.899999999999999911e-01
9.899999999999999911e-01
9.366826182965387604e-01
9.899999999999999911e-01
9.899999999999999911e-01
8.074664794127511813e-01
9.899999999999999911e-01
9.899999999999999911e-01
9.270757754027125763e-01
9.899999999999999911e-01
9.899999999999999911e-01
9.899999999999999911e-01
7.562110679866460572e-01
9.899999999999999911e-01
9.899999999999999911e-01
9.899999999999999911e-01
9.521576625056569210e-01
9.899999999999999911e-01
9.899999999999999911e-01
9.899999999999999911e-01
7.641148354720530556e-01
9.899999999999999911e-01
9.899999999999999911e-01
9.899999999999999911e-01
7.860145321954602471e-01
9.899999999999999911e-01
9.899999999999999911e-01
9.899999999999999911e-01
8.668221307791039720e-01
9.899999999999999911e-01
9.899999999999999911e-01
9.899999999999999911e-01
8.527063903137972467e-01
8.500447110874014278e-01
9.899999999999999911e-01
9.899999999999999911e-01
9.899999999999999911e-01
8.570037188152336283e-01
9.899999999999999911e-01
9.899999999999999911e-01
9.899999999999999911e-01
8.270544210295347476e-01
9.899999999999999911e-01
9.899999999999999911e-01
9.899999999999999911e-01
8.840429480957761044e-01
9.899999999999999911e-01
9.899999999999999911e-01
9.899999999999999911e-01
9.260133370282949139e-01
9.899999999999999911e-01
9.899999999999999911e-01
9.899999999999999911e-01
8.446428020463609965e-01
9.899999999999999911e-01
9.899999999999999911e-01
9.899999999999999911e-01
9.559659190665864559e-01
9.899999999999999911e-01
9.899999999999999911e-01
9.899999999999999911e-01
8.982407143986411713e-01
9.899999999999999911e-01
9.899999999999999911e-01
9.899999999999999911e-01
9.566707526400809458e-01
9.899999999999999911e-01
9.899999999999999911e-01
9.899999999999999911e-01
7.626318940028378179e-01
9.899999999999999911e-01
9.899999999999999911e-01
9.899999999999999911e-01
9.279520750042784538e-01
9.899999999999999911e-01
9.899999999999999911e-01
9.899999999999999911e-01
9.502872367241319562e-01
9.899999999999999911e-01
9.899999999999999911e-01
9.899999999999999911e-01
7.523535453798250172e-01
9.899999999999999911e-01
9.899999999999999911e-01
9.899999999999999911e-01
8.509320852344247621e-01
9.899999999999999911e-01
9.899999999999999911e-01
9.899999999999999911e-01
8.265084652456792247e-01
9.899999999999999911e-01
9.899999999999999911e-01
9.899999999999999911e-01
9.404043312156853407e-01
9.899999999999999911e-01
9.899999999999999911e-01
9.899999999999999911e-01
8.658009610980885729e-01
9.899999999999999911e-01
9.899999999999999911e-01
9.899999999999999911e-01
8.036458072097886207e-01
9.899999999999999911e-01
9.899999999999999911e-01
9.899999999999999911e-01
8.840292057541276893e-01
9.899999999999999911e-01
9.899999999999999911e-01
9.899999999999999911e-01
8.810439538925862735e-01
9.899999999999999911e-01
9.899999999999999911e-01
9.899999999999999911e-01
8.795288782692584073e-01
9.899999999999999911e-01
9.899999999999999911e-01
9.899999999999999911e-01
8.962186800980159740e-01
9.899999999999999911e-01
9.899999999999999911e-01
9.899999999999999911e-01
9.899999999999999911e-01
9.899999999999999911e-01
9.899999999999999911e-01
9.899999999999999911e-01
8.889251234971675686e-01
9.899999999999999911e-01
9.899999999999999911e-01
9.899999999999999911e-01
8.951125088108107253e-01
9.899999999999999911e-01
9.899999999999999911e-01
9.899999999999999911e-01
9.718545717408413331e-01
9.899999999999999911e-01
9.899999999999999911e-01
9.899999999999999911e-01
8.173668461440345423e-01
9.899999999999999911e-01
9.899999999999999911e-01
9.899999999999999911e-01
9.899999999999999911e-01
7.475693619806230705e-01
9.899999999999999911e-01
9.899999999999999911e-01
9.899999999999999911e-01
7.969148870146348651e-01
9.899999999999999911e-01
9.899999999999999911e-01
9.899999999999999911e-01
9.568930405103343029e-01
9.899999999999999911e-01
9.899999999999999911e-01
9.899999999999999911e-01
9.414455534151600080e-01
9.899999999999999911e-01
9.899999999999999911e-01
8.021986960292855073e-01
9.899999999999999911e-01
9.899999999999999911e-01
9.899999999999999911e-01
9.329061534500550090e-01
9.899999999999999911e-01
9.899999999999999911e-01
9.899999999999999911e-01
7.680705044441795692e-01
9.899999999999999911e-01
9.899999999999999911e-01
9.899999999999999911e-01
9.438444861837769206e-01
9.899999999999999911e-01
9.899999999999999911e-01
8.496927723479728023e-01
9.899999999999999911e-01
9.899999999999999911e-01
9.899999999999999911e-01
8.596662351728470153e-01
9.899999999999999911e-01
9.899999999999999911e-01
9.899999999999999911e-01
7.901439444986257943e-01
9.899999999999999911e-01
9.498173504506789433e-01
9.899999999999999911e-01
9.899999999999999911e-01
9.899999999999999911e-01
7.990513555114560074e-01
9.899999999999999911e-01
9.899999999999999911e-01
9.899999999999999911e-01
8.930577874889840118e-01
9.535601475081441070e-01
9.899999999999999911e-01
9.899999999999999911e-01
9.560005193719415262e-01
9.899999999999999911e-01
9.899999999999999911e-01
9.899999999999999911e-01
8.470755623122755429e-01
9.899999999999999911e-01
9.899999999999999911e-01
9.899999999999999911e-01
9.076931329360181655e-01
9.899999999999999911e-01
9.899999999999999911e-01
9.899999999999999911e-01
7.867484365034135285e-01
9.899999999999999911e-01
9.899999999999999911e-01
9.899999999999999911e-01
9.308055782536897027e-01
9.899999999999999911e-01
9.899999999999999911e-01
9.899999999999999911e-01
9.089954480881361487e-01
9.899999999999999911e-01
9.899999999999999911e-01
9.899999999999999911e-01
7.914307723896510938e-01
9.899999999999999911e-01
9.899999999999999911e-01
9.899999999999999911e-01
8.225833620545824898e-01
9.899999999999999911e-01
9.899999999999999911e-01
9.899999999999999911e-01
9.899999999999999911e-01
9.899999999999999911e-01
9.288127243928686605e-01
9.899999999999999911e-01
9.899999999999999911e-01
9.899999999999999911e-01
8.934192424240774422e-01
9.899999999999999911e-01
9.899999999999999911e-01
9.325590496722521161e-01
9.899999999999999911e-01
9.899999999999999911e-01
9.899999999999999911e-01
8.840651484817307892e-01
9.899999999999999911e-01
8.056865245556519284e-01
9.899999999999999911e-01
9.899999999999999911e-01
9.899999999999999911e-01
9.766881272994301089e-01
9.899999999999999911e-01
9.899999999999999911e-01
9.899999999999999911e-01
9.029316818488656304e-01
9.899999999999999911e-01
9.899999999999999911e-01
9.899999999999999911e-01
8.138156691378789498e-01
9.899999999999999911e-01
9.899999999999999911e-01
9.899999999999999911e-01
7.780678769244733228e-01
9.899999999999999911e-01
9.899999999999999911e-01
9.899999999999999911e-01
9.170447855300560835e-01
9.899999999999999911e-01
9.899999999999999911e-01
9.899999999999999911e-01
8.214935720273230935e-01
9.899999999999999911e-01
9.899999999999999911e-01
9.899999999999999911e-01
9.306407070705218221e-01
9.899999999999999911e-01
9.899999999999999911e-01
9.899999999999999911e-01
8.441389580802753922e-01
9.899999999999999911e-01
9.899999999999999911e-01
9.899999999999999911e-01
7.914981706950742213e-01
9.899999999999999911e-01
9.899999999999999911e-01
9.899999999999999911e-01
9.535812183814035281e-01
9.899999999999999911e-01
9.899999999999999911e-01
9.899999999999999911e-01
7.824838109983578427e-01
9.899999999999999911e-01
9.899999999999999911e-01
9.899999999999999911e-01
9.779002941458792009e-01
9.899999999999999911e-01
9.899999999999999911e-01
9.899999999999999911e-01
8.380868418854786617e-01
9.899999999999999911e-01
9.899999999999999911e-01
9.899999999999999911e-01
9.063576214237701878e-01
9.899999999999999911e-01
9.899999999999999911e-01
9.899999999999999911e-01
7.617908046541691514e-01
9.899999999999999911e-01
9.899999999999999911e-01
9.899999999999999911e-01
9.512121088530667290e-01
9.899999999999999911e-01
9.899999999999999911e-01
9.899999999999999911e-01
8.153420947701526256e-01
9.899999999999999911e-01
9.899999999999999911e-01
9.899999999999999911e-01
8.545891923115843669e-01
9.899999999999999911e-01
9.899999999999999911e-01
9.899999999999999911e-01
8.415617178572489809e-01
9.899999999999999911e-01
9.899999999999999911e-01
9.899999999999999911e-01
7.771408817080655007e-01
9.899999999999999911e-01
9.899999999999999911e-01
9.899999999999999911e-01
8.370990707903861461e-01
9.899999999999999911e-01
9.899999999999999911e-01
9.899999999999999911e-01
7.705028264669455673e-01
9.899999999999999911e-01
9.899999999999999911e-01
9.899999999999999911e-01
8.371860076709178866e-01
9.899999999999999911e-01
9.899999999999999911e-01
9.899999999999999911e-01
9.222934188794458255e-01
9.899999999999999911e-01
9.899999999999999911e-01
7.640388716501211874e-01
9.899999999999999911e-01
9.899999999999999911e-01
9.899999999999999911e-01
7.573444353874810853e-01
8.397225846281658468e-01
9.899999999999999911e-01
9.899999999999999911e-01
9.899999999999999911e-01
9.094150082972781712e-01
9.899999999999999911e-01
9.899999999999999911e-01
9.899999999999999911e-01
8.085906139751808386e-01
9.899999999999999911e-01
9.899999999999999911e-01
9.899999999999999911e-01
7.850095894457957968e-01
9.899999999999999911e-01
9.899999999999999911e-01
9.899999999999999911e-01
7.793801641359545673e-01
9.899999999999999911e-01
9.899999999999999911e-01
9.899999999999999911e-01
8.766464941253019338e-01
9.899999999999999911e-01
9.899999999999999911e-01
9.899999999999999911e-01
7.467486281809582183e-01
9.899999999999999911e-01
9.899999999999999911e-01
9.899999999999999911e-01
8.269775070748816015e-01
9.899999999999999911e-01
9.899999999999999911e-01
9.899999999999999911e-01
8.229502966496414773e-01
9.899999999999999911e-01
9.899999999999999911e-01
9.899999999999999911e-01
9.375290988450801777e-01
9.899999999999999911e-01
9.899999999999999911e-01
9.899999999999999911e-01
8.513547206787179800e-01
9.899999999999999911e-01
9.899999999999999911e-01
9.899999999999999911e-01
9.391263425647120577e-01
9.899999999999999911e-01
9.899999999999999911e-01
8.805393137369753598e-01
9.899999999999999911e-01
9.899999999999999911e-01
9.899999999999999911e-01
8.459553315694493536e-01
9.899999999999999911e-01
9.899999999999999911e-01
8.870741175533067846e-01
9.899999999999999911e-01
9.899999999999999911e-01
9.899999999999999911e-01
8.543591821803163677e-01
9.899999999999999911e-01
9.899999999999999911e-01
9.899999999999999911e-01
7.610809685668408209e-01
9.899999999999999911e-01
9.899999999999999911e-01
9.899999999999999911e-01
8.409573175307634152e-01
9.899999999999999911e-01
9.073459668583484516e-01
9.899999999999999911e-01
9.899999999999999911e-01
9.899999999999999911e-01
7.867442738871686103e-01
9.899999999999999911e-01
9.899999999999999911e-01
9.899999999999999911e-01
7.579460927796434211e-01
9.899999999999999911e-01
9.899999999999999911e-01
9.899999999999999911e-01
8.175972459669693659e-01
9.899999999999999911e-01
9.899999999999999911e-01
9.899999999999999911e-01
8.141732223646032107e-01
9.899999999999999911e-01
9.899999999999999911e-01
8.731673083517801359e-01
9.899999999999999911e-01
9.899999999999999911e-01
9.292301002533930321e-01
9.899999999999999911e-01
9.899999999999999911e-01
9.899999999999999911e-01
8.470793089280804766e-01
9.899999999999999911e-01
9.899999999999999911e-01
9.899999999999999911e-01
7.949582394905680971e-01
9.899999999999999911e-01
9.899999999999999911e-01
9.899999999999999911e-01
8.931885769677296860e-01
9.899999999999999911e-01
9.899999999999999911e-01
9.899999999999999911e-01
9.403660860765093998e-01
9.899999999999999911e-01
9.899999999999999911e-01
7.933184160130668516e-01
9.899999999999999911e-01
9.899999999999999911e-01
9.899999999999999911e-01
8.416869891760420108e-01
9.899999999999999911e-01
9.899999999999999911e-01
9.899999999999999911e-01
8.487666498203477738e-01
9.899999999999999911e-01
9.899999999999999911e-01
9.899999999999999911e-01
7.886708999052348679e-01
9.899999999999999911e-01
9.899999999999999911e-01
9.899999999999999911e-01
8.852168650985349219e-01
9.899999999999999911e-01
9.899999999999999911e-01
9.899999999999999911e-01
7.848687317328592039e-01
9.899999999999999911e-01
9.899999999999999911e-01
9.899999999999999911e-01
9.236912660343579162e-01
9.899999999999999911e-01
9.899999999999999911e-01
9.899999999999999911e-01
8.076477620222726195e-01
9.899999999999999911e-01
9.899999999999999911e-01
9.899999999999999911e-01
8.605162513945614489e-01
9.899999999999999911e-01
9.899999999999999911e-01
9.899999999999999911e-01
8.911648072262893239e-01
9.899999999999999911e-01
9.899999999999999911e-01
9.899999999999999911e-01
7.877255627172604635e-01
9.899999999999999911e-01
9.899999999999999911e-01
9.899999999999999911e-01
8.899094489464491886e-01
9.899999999999999911e-01
8.265661769666873271e-01
9.899999999999999911e-01
9.899999999999999911e-01
9.899999999999999911e-01
9.102588410522526319e-01
9.899999999999999911e-01
9.899999999999999911e-01
9.899999999999999911e-01
8.129195450057999928e-01
9.899999999999999911e-01
9.899999999999999911e-01
7.603472757588595199e-01
9.899999999999999911e-01
9.899999999999999911e-01
9.899999999999999911e-01
7.578236360549934769e-01
9.899999999999999911e-01
9.899999999999999911e-01
9.899999999999999911e-01
8.490519203913892143e-01
9.899999999999999911e-01
9.899999999999999911e-01
9.203102416652663154e-01
9.899999999999999911e-01
9.899999999999999911e-01
9.899999999999999911e-01
9.171672217640661762e-01
9.899999999999999911e-01
9.899999999999999911e-01
7.917637926335141518e-01
9.899999999999999911e-01
9.899999999999999911e-01
9.899999999999999911e-01
9.762967829062932923e-01
9.899999999999999911e-01
9.899999999999999911e-01
9.899999999999999911e-01
7.889884693619759748e-01
9.899999999999999911e-01
9.899999999999999911e-01
9.899999999999999911e-01
8.344258845840156757e-01
9.899999999999999911e-01
9.899999999999999911e-01
9.899999999999999911e-01
9.369357875816615167e-01
9.899999999999999911e-01
9.899999999999999911e-01
9.899999999999999911e-01
8.803282663367245631e-01
9.899999999999999911e-01
9.899999999999999911e-01
8.811492485784004902e-01
9.899999999999999911e-01
9.899999999999999911e-01
9.899999999999999911e-01
8.658275726494674140e-01
9.899999999999999911e-01
9.899999999999999911e-01
9.899999999999999911e-01
7.821783884403206155e-01
9.899999999999999911e-01
9.899999999999999911e-01
9.899999999999999911e-01
8.578748792193258144e-01
9.899999999999999911e-01
7.677959184310390039e-01
9.899999999999999911e-01
9.899999999999999911e-01
8.519227937910308635e-01
9.899999999999999911e-01
9.899999999999999911e-01
9.899999999999999911e-01
9.370311315812338560e-01
9.899999999999999911e-01
9.899999999999999911e-01
9.899999999999999911e-01
9.015132807522487912e-01
9.899999999999999911e-01
9.899999999999999911e-01
8.047035064927839931e-01
9.899999999999999911e-01
9.899999999999999911e-01
9.899999999999999911e-01
9.374313076281888257e-01
9.899999999999999911e-01
9.899999999999999911e-01
9.899999999999999911e-01
8.174274033615311907e-01
9.899999999999999911e-01
9.899999999999999911e-01
9.450419262172942148e-01
9.899999999999999911e-01
9.899999999999999911e-01
9.899999999999999911e-01
7.910421887285802311e-01
9.899999999999999911e-01
9.899999999999999911e-01
9.318645034901965607e-01
9.899999999999999911e-01
9.899999999999999911e-01
9.899999999999999911e-01
8.569620930867291042e-01
9.899999999999999911e-01
9.899999999999999911e-01
9.899999999999999911e-01
9.373597236715478509e-01
9.899999999999999911e-01
9.899999999999999911e-01
9.899999999999999911e-01
8.707618579483744625e-01
9.899999999999999911e-01
9.899999999999999911e-01
9.899999999999999911e-01
8.314091377161264562e-01
9.899999999999999911e-01
9.899999999999999911e-01
9.899999999999999911e-01
9.332605522403256693e-01
9.899999999999999911e-01
9.899999999999999911e-01
9.899999999999999911e-01
8.497740650141794028e-01
9.899999999999999911e-01
9.899999999999999911e-01
9.509083290218888207e-01
9.899999999999999911e-01
9.899999999999999911e-01
9.899999999999999911e-01
8.976877767412934084e-01
9.899999999999999911e-01
9.087203341925097488e-01
9.899999999999999911e-01
9.899999999999999911e-01
9.899999999999999911e-01
7.894030797456563775e-01
9.899999999999999911e-01
9.899999999999999911e-01
9.899999999999999911e-01
9.377809570078775581e-01
9.899999999999999911e-01
9.899999999999999911e-01
9.899999999999999911e-01
8.993016874112379488e-01
9.899999999999999911e-01
9.899999999999999911e-01
7.861495509658678049e-01
9.899999999999999911e-01
9.899999999999999911e-01
9.899999999999999911e-01
9.310727482191935023e-01
9.899999999999999911e-01
9.899999999999999911e-01
9.899999999999999911e-01
9.349233177230884539e-01
9.899999999999999911e-01
9.899999999999999911e-01
9.899999999999999911e-01
8.840907975564846755e-01
9.899999999999999911e-01
9.899999999999999911e-01
9.899999999999999911e-01
7.824690663082830566e-01
9.899999999999999911e-01
9.899999999999999911e-01
9.899999999999999911e-01
7.958701379541999188e-01
9.899999999999999911e-01
9.899999999999999911e-01
9.899999999999999911e-01
8.043072681348193420e-01
9.899999999999999911e-01
9.899999999999999911e-01
7.753722126987736551e-01
9.899999999999999911e-01
9.899999999999999911e-01
9.899999999999999911e-01
9.161510169419407879e-01
9.899999999999999911e-01
9.899999999999999911e-01
7.580264503977210966e-01
9.899999999999999911e-01
9.899999999999999911e-01
9.899999999999999911e-01
9.339860425702574132e-01
9.899999999999999911e-01
7.715974443923546700e-01
9.899999999999999911e-01
9.899999999999999911e-01
7.635780198046294709e-01
9.899999999999999911e-01
9.899999999999999911e-01
9.233488944883803118e-01
9.899999999999999911e-01
9.899999999999999911e-01
9.347145404201960828e-01
9.899999999999999911e-01
9.899999999999999911e-01
9.899999999999999911e-01
9.516875678909116898e-01
9.899999999999999911e-01
9.899999999999999911e-01
8.066714453606437241e-01
9.899999999999999911e-01
9.899999999999999911e-01
9.899999999999999911e-01
8.311252481185060770e-01
9.899999999999999911e-01
9.899999999999999911e-01
9.899999999999999911e-01
8.672811189507555474e-01
9.899999999999999911e-01
9.899999999999999911e-01
9.899999999999999911e-01
9.494286086198350239e-01
9.899999999999999911e-01
9.899999999999999911e-01
9.021935779041452275e-01
9.899999999999999911e-01
9.899999999999999911e-01
9.899999999999999911e-01
9.011947659192622861e-01
9.899999999999999911e-01
9.899999999999999911e-01
9.173606447025071109e-01
9.899999999999999911e-01
9.899999999999999911e-01
9.899999999999999911e-01
9.598033965009979962e-01
9.899999999999999911e-01
9.899999999999999911e-01
9.899999999999999911e-01
9.899999999999999911e-01
9.899999999999999911e-01
9.201194943300158302e-01
9.899999999999999911e-01
9.899999999999999911e-01
7.963547009605401739e-01
9.899999999999999911e-01
9.899999999999999911e-01
9.899999999999999911e-01
8.438999448838390149e-01
9.899999999999999911e-01
9.899999999999999911e-01
9.899999999999999911e-01
8.398413691958028782e-01
9.899999999999999911e-01
7.466474793065851490e-01
9.899999999999999911e-01
9.899999999999999911e-01
9.000483379673402951e-01
9.899999999999999911e-01
9.899999999999999911e-01
9.899999999999999911e-01
8.790303129354228862e-01
9.899999999999999911e-01
9.899999999999999911e-01
9.899999999999999911e-01
8.338445241326783997e-01
9.899999999999999911e-01
9.899999999999999911e-01
8.304786166564611660e-01
9.899999999999999911e-01
9.899999999999999911e-01
9.899999999999999911e-01
8.831353931642312860e-01
9.899999999999999911e-01
9.899999999999999911e-01
9.899999999999999911e-01
9.449897981393329260e-01
9.899999999999999911e-01
9.899999999999999911e-01
9.899999999999999911e-01
8.571764184261453368e-01
9.899999999999999911e-01
9.899999999999999911e-01
9.899999999999999911e-01
8.622518053645955582e-01
9.899999999999999911e-01
9.899999999999999911e-01
9.899999999999999911e-01
8.853203159201741279e-01
9.899999999999999911e-01
9.899999999999999911e-01
9.899999999999999911e-01
8.097602849373788381e-01
9.899999999999999911e-01
9.899999999999999911e-01
9.899999999999999911e-01
8.229686219923733059e-01
9.899999999999999911e-01
9.899999999999999911e-01
9.899999999999999911e-01
8.988446074249485385e-01
9.899999999999999911e-01
9.899999999999999911e-01
9.899999999999999911e-01
8.317939308032146206e-01
9.899999999999999911e-01
9.899999999999999911e-01
9.899999999999999911e-01
8.438424007701320617e-01
9.899999999999999911e-01
9.899999999999999911e-01
8.982462804545645607e-01
9.899999999999999911e-01
9.899999999999999911e-01
9.899999999999999911e-01
