9.239292882349252611e-01
9.899999999999999911e-01
9.899999999999999911e-01
9.899999999999997691e-01
7.387465712264528195e-01
9.899999999999999911e-01
9.899999999999999911e-01
9.899999999999999911e-01
8.813247811655902098e-01
9.837780016007189321e-01
9.899999999999999911e-01
9.899999999999999911e-01
8.216831156145312232e-01
9.899999999999999911e-01
9.899999999999999911e-01
9.899999999999999911e-01
8.875024221388854162e-01
9.899999999999999911e-01
9.899999999999999911e-01
9.899999999999999911e-01
8.237327688228648359e-01
9.899999999999999911e-01
9.899999999999999911e-01
9.899999999999999911e-01
9.004018052006897976e-01
9.899999999999999911e-01
9.899999999999999911e-01
9.899999999999999911e-01
8.725435471194727954e-01
9.899999999999999911e-01
9.899999999999999911e-01
9.899999999999999911e-01
8.830799990144714284e-01
9.899999999999999911e-01
9.899999999999999911e-01
9.899999999999999911e-01
9.092007270176053479e-01
9.899999999999999911e-01
9.899999999999999911e-01
9.899999999999999911e-01
8.848392405702801833e-01
9.899999999999999911e-01
9.899999999999999911e-01
9.899999999999999911e-01
9.088970363886672565e-01
9.899999999999999911e-01
9.899999999999999911e-01
9.899999999999999911e-01
9.044318459958892165e-01
9.899999999999999911e-01
9.730124421212192898e-01
9.899999999999999911e-01
8.887708581494689897e-01
9.899999999999999911e-01
9.899999999999999911e-01
9.899999999999999911e-01
7.238454124125152100e-01
9.899999999999999911e-01
9.899999999999999911e-01
9.899999999999999911e-01
8.025414129318891865e-01
9.899999999999999911e-01
9.899999999999999911e-01
9.899999999999999911e-01
7.484816133345354450e-01
9.847195301610185414e-01
9.899999999999999911e-01
9.899999999999999911e-01
7.853397734455863644e-01
9.899999999999999911e-01
9.899999999999999911e-01
9.899999999999999911e-01
8.891726805926314370e-01
9.899999999999999911e-01
9.899999999999999911e-01
9.899999999999999911e-01
9.192589156487831481e-01
9.899999999999999911e-01
9.899999999999997691e-01
9.899999999999999911e-01
8.766656867722480984e-01
9.899999999999999911e-01
9.899999999999999911e-01
9.899999999999999911e-01
8.407741025934407642e-01
9.899999999999999911e-01
9.874282344728246841e-01
9.899999999999999911e-01
8.899171167227065693e-01
9.899999999999999911e-01
9.899999999999999911e-01
9.899999999999999911e-01
8.395572384016480871e-01
9.899999999999999911e-01
9.899999999999999911e-01
9.899999999999999911e-01
7.905353852335348375e-01
9.899999999999999911e-01
9.781559337270981924e-01
9.899999999999999911e-01
8.161230709451983145e-01
9.899999999999999911e-01
9.899999999999999911e-01
9.899999999999999911e-01
8.373898945665764204e-01
9.899999999999999911e-01
9.899999999999999911e-01
9.899999999999999911e-01
8.202633495281511644e-01
9.899999999999999911e-01
7.952841431046071552e-01
9.899999999999999911e-01
9.899999999999999911e-01
9.899999999999999911e-01
9.073803989904219991e-01
9.899999999999999911e-01
7.191164386308228629e-01
9.899999999999999911e-01
9.899999999999999911e-01
9.899999999999999911e-01
7.676512316829453564e-01
9.899999999999999911e-01
9.899999999999999911e-01
9.899999999999999911e-01
7.335822340964602839e-01
9.899999999999999911e-01
9.899999999999999911e-01
9.899999999999999911e-01
7.507792993246817925e-01
9.899999999999999911e-01
9.899999999999999911e-01
9.899999999999999911e-01
8.339309743801561758e-01
9.899999999999999911e-01
9.899999999999999911e-01
9.899999999999999911e-01
8.560251045536950709e-01
9.899999999999999911e-01
9.899999999999999911e-01
9.899999999999999911e-01
8.844189570156748559e-01
9.899999999999999911e-01
9.899999999999999911e-01
8.563656130229874153e-01
9.899999999999999911e-01
9.899999999999999911e-01
9.899999999999999911e-01
8.408955351094860031e-01
9.899999999999999911e-01
9.899999999999999911e-01
9.477642305320058691e-01
9.899999999999999911e-01
9.899999999999999911e-01
9.899999999999999911e-01
8.600918168501623384e-01
9.881316634879309113e-01
9.899999999999999911e-01
9.899999999999999911e-01
9.899999999999999911e-01
9.899999999999999911e-01
8.853463938399124267e-01
9.899999999999999911e-01
9.899999999999999911e-01
9.899999999999999911e-01
8.914391147803525373e-01
9.899999999999999911e-01
9.899999999999999911e-01
9.899999999999999911e-01
9.899999999999999911e-01
9.194335964997956134e-01
9.899999999999999911e-01
9.899999999999999911e-01
9.899999999999999911e-01
9.899999999999999911e-01
8.559020346163384030e-01
9.899999999999999911e-01
9.713890221738825659e-01
9.899999999999999911e-01
8.841685058860159208e-01
9.899999999999999911e-01
9.899999999999999911e-01
9.809434705118846853e-01
9.272111231638017204e-01
9.899999999999999911e-01
9.899999999999999911e-01
9.899999999999999911e-01
9.899999999999999911e-01
9.899999999999999911e-01
9.101938962207584138e-01
9.899999999999999911e-01
9.899999999999999911e-01
9.899999999999999911e-01
8.246702031386914378e-01
9.899999999999999911e-01
9.899999999999999911e-01
9.899999999999999911e-01
8.324346464680619784e-01
9.899999999999999911e-01
9.899999999999999911e-01
9.899999999999999911e-01
7.121109054826096907e-01
9.899999999999999911e-01
9.899999999999999911e-01
9.899999999999999911e-01
9.899999999999999911e-01
9.899999999999999911e-01
9.899999999999999911e-01
9.591041685041825637e-01
9.899999999999999911e-01
9.899999999999999911e-01
9.899999999999999911e-01
8.663767063997263040e-01
9.899999999999999911e-01
9.899999999999999911e-01
9.899999999999999911e-01
7.654657257023723682e-01
9.899999999999999911e-01
9.899999999999999911e-01
9.078718528996876369e-01
9.899999999999999911e-01
9.899999999999999911e-01
7.768948301554937652e-01
9.899999999999999911e-01
9.899999999999999911e-01
8.973268250535391122e-01
9.786319570384849342e-01
9.899999999999999911e-01
9.899999999999999911e-01
7.203946645767719259e-01
9.724092378790230029e-01
9.899999999999999911e-01
9.899999999999999911e-01
9.270189201330065742e-01
9.899999999999999911e-01
9.899999999999999911e-01
9.899999999999999911e-01
7.162390520185454301e-01
9.703830779620051805e-01
9.899999999999999911e-01
9.899999999999999911e-01
7.428813716585378479e-01
9.899999999999999911e-01
9.899999999999999911e-01
9.899999999999999911e-01
8.222842028240826551e-01
9.899999999999999911e-01
9.899999999999999911e-01
9.899999999999999911e-01
8.277010391515029486e-01
8.032788643364363601e-01
9.899999999999999911e-01
9.899999999999999911e-01
9.899999999999999911e-01
8.109571342038549568e-01
9.899999999999999911e-01
9.899999999999999911e-01
9.861707015505005725e-01
7.867954083648681651e-01
9.899999999999999911e-01
9.681300797351547471e-01
9.899999999999999911e-01
8.414845609195759080e-01
9.899999999999999911e-01
9.753085535846834908e-01
9.899999999999999911e-01
8.872220248830025024e-01
9.899999999999999911e-01
9.899999999999999911e-01
9.899999999999999911e-01
8.091441522192575064e-01
9.899999999999999911e-01
9.899999999999999911e-01
9.899999999999999911e-01
9.142959588295825890e-01
9.899999999999999911e-01
9.899999999999999911e-01
9.899999999999999911e-01
8.793500162648411056e-01
9.899999999999999911e-01
9.899999999999999911e-01
9.899999999999999911e-01
9.119097762503506344e-01
9.899999999999999911e-01
9.643082213162896821e-01
9.899999999999999911e-01
7.149352376271663756e-01
9.899999999999999911e-01
9.796171715798360768e-01
9.899999999999999911e-01
8.847289861422159563e-01
9.899999999999999911e-01
9.899999999999999911e-01
9.899999999999999911e-01
9.044156964495383422e-01
9.899999999999999911e-01
9.899999999999999911e-01
9.899999999999999911e-01
7.085805660934152428e-01
9.899999999999999911e-01
9.899999999999999911e-01
9.899999999999999911e-01
8.089782739757637176e-01
9.899999999999999911e-01
9.899999999999999911e-01
9.899999999999999911e-01
7.871421127854135724e-01
9.899999999999999911e-01
9.899999999999999911e-01
9.899999999999999911e-01
9.000533325938560036e-01
9.899999999999999911e-01
9.899999999999999911e-01
9.899999999999999911e-01
8.200697505511224117e-01
9.899999999999999911e-01
9.899999999999999911e-01
9.899999999999999911e-01
7.561057512946915971e-01
9.899999999999999911e-01
9.899999999999999911e-01
9.899999999999999911e-01
8.445454409732415790e-01
9.899999999999999911e-01
9.899999999999999911e-01
9.776392444008515925e-01
8.392939836406726473e-01
9.899999999999999911e-01
9.899999999999999911e-01
9.899999999999999911e-01
8.356461774325780745e-01
9.899999999999999911e-01
9.899999999999999911e-01
9.899999999999999911e-01
8.505068805729963932e-01
9.899999999999999911e-01
9.834381829520058016e-01
9.899999999999999911e-01
9.899999999999999911e-01
9.831844435667556059e-01
9.899999999999999911e-01
9.899999999999999911e-01
8.659286324428397963e-01
9.899999999999999911e-01
9.899999999999999911e-01
9.899999999999999911e-01
8.488759968244092846e-01
9.899999999999999911e-01
9.899999999999999911e-01
9.899999999999999911e-01
9.676659416148288839e-01
9.899999999999999911e-01
9.899999999999999911e-01
9.899999999999999911e-01
7.926715859218403937e-01
9.899999999999999911e-01
9.899999999999999911e-01
9.899999999999999911e-01
9.721337912184443431e-01
6.994727008634118448e-01
9.899999999999999911e-01
9.870878708148090874e-01
9.899999999999999911e-01
7.659927114728867226e-01
9.899999999999999911e-01
9.899999999999999911e-01
9.778270846004394334e-01
9.186564929968586979e-01
9.899999999999999911e-01
9.899999999999999911e-01
9.899999999999999911e-01
8.985687885480613257e-01
9.899999999999999911e-01
9.899999999999999911e-01
7.560634988683082591e-01
9.736956279919427582e-01
9.709771180322515072e-01
9.899999999999999911e-01
8.874141803876075540e-01
9.899999999999999911e-01
9.899999999999999911e-01
9.899999999999999911e-01
7.234869196127070579e-01
9.634508030074371288e-01
9.899999999999999911e-01
9.899999999999999911e-01
9.093616710812464365e-01
9.899999999999999911e-01
9.899999999999999911e-01
8.054592629556637240e-01
9.899999999999999911e-01
9.899999999999999911e-01
9.899999999999999911e-01
8.158450490338395866e-01
9.899999999999999911e-01
9.899999999999999911e-01
9.899999999999999911e-01
7.593563961614094859e-01
9.786301455308258346e-01
9.336091808736031172e-01
9.899999999999999911e-01
9.899999999999999911e-01
9.899999999999999911e-01
7.556050056057940223e-01
9.899999999999999911e-01
9.899999999999999911e-01
9.719895682119177316e-01
8.557224981112375728e-01
9.108075379609545941e-01
9.899999999999999911e-01
9.899999999999999911e-01
9.133886519966940565e-01
9.899999999999999911e-01
9.899999999999999911e-01
9.899999999999999911e-01
8.081664499707281735e-01
9.899999999999999911e-01
9.899999999999999911e-01
9.899999999999999911e-01
8.657019476472471720e-01
9.899999999999999911e-01
9.899999999999999911e-01
9.899999999999999911e-01
7.431234078565019940e-01
9.899999999999999911e-01
9.899999999999999911e-01
9.899999999999999911e-01
8.863820708179146468e-01
9.899999999999999911e-01
9.899999999999999911e-01
9.899999999999999911e-01
8.683116244987633126e-01
9.899999999999999911e-01
9.899999999999999911e-01
9.769753408464900701e-01
7.504085510122472380e-01
9.899999999999999911e-01
9.899999999999999911e-01
9.899999999999999911e-01
7.760751164498460586e-01
9.899999999999999911e-01
9.899999999999999911e-01
9.899999999999999911e-01
9.854921734824007018e-01
9.899999999999999911e-01
9.004808992943013068e-01
9.899999999999999911e-01
9.899999999999999911e-01
9.899999999999999911e-01
8.631504502742664009e-01
9.899999999999999911e-01
9.899999999999999911e-01
8.876229961990013129e-01
9.899999999999999911e-01
9.899999999999999911e-01
9.899999999999999911e-01
8.561661915454799043e-01
9.899999999999999911e-01
7.638049133826522175e-01
9.761899985327733287e-01
9.899999999999999911e-01
9.899999999999999911e-01
9.730643696489491568e-01
9.899999999999999911e-01
9.899999999999999911e-01
9.899999999999999911e-01
8.613166434680646910e-01
9.899999999999999911e-01
9.899999999999999911e-01
9.899999999999999911e-01
7.716443684711332685e-01
9.899999999999999911e-01
9.899999999999999911e-01
9.899999999999999911e-01
7.327659267474468940e-01
9.899999999999999911e-01
9.899999999999999911e-01
9.899999999999999911e-01
8.866031456983929360e-01
9.899999999999999911e-01
9.899999999999999911e-01
9.899999999999999911e-01
7.773572338392366055e-01
9.899999999999999911e-01
9.899999999999999911e-01
9.899999999999999911e-01
8.881856383081208062e-01
9.899999999999999911e-01
9.899999999999999911e-01
9.899999999999999911e-01
8.024383968464460226e-01
9.899999999999999911e-01
9.899999999999999911e-01
9.899999999999999911e-01
7.600193688531566849e-01
9.899999999999999911e-01
9.899999999999999911e-01
9.835146022890602913e-01
9.153711769410961541e-01
9.899999999999999911e-01
9.899999999999999911e-01
9.899999999999999911e-01
7.355037023461018508e-01
9.899999999999999911e-01
9.899999999999999911e-01
9.899999999999999911e-01
9.750988840375764966e-01
9.899999999999999911e-01
9.899999999999999911e-01
9.899999999999999911e-01
8.089581249455817247e-01
9.899999999999999911e-01
9.899999999999999911e-01
9.899999999999999911e-01
8.815030101739396162e-01
9.899999999999999911e-01
9.899999999999999911e-01
9.899999999999999911e-01
7.138098219831479074e-01
9.899999999999999911e-01
9.899999999999999911e-01
9.899999999999999911e-01
9.073595542883140519e-01
9.899999999999999911e-01
9.899999999999999911e-01
9.899999999999999911e-01
7.872376373335180366e-01
9.875578861981362255e-01
9.899999999999999911e-01
9.899999999999999911e-01
8.127889714715231806e-01
9.899999999999999911e-01
9.899999999999999911e-01
9.899999999999999911e-01
7.951939050239701379e-01
9.899999999999999911e-01
9.899999999999999911e-01
9.899999999999999911e-01
7.304166140460736090e-01
9.899999999999999911e-01
9.899999999999999911e-01
9.899999999999999911e-01
7.941240551375943202e-01
9.899999999999999911e-01
9.899999999999999911e-01
9.899999999999999911e-01
7.246087826844437307e-01
9.854804546161612944e-01
9.899999999999999911e-01
9.899999999999999911e-01
7.903552226058909724e-01
9.899999999999999911e-01
9.750229374313386099e-01
9.899999999999999911e-01
8.902498063619428414e-01
9.899999999999999911e-01
9.899999999999999911e-01
7.222470726607180813e-01
9.899999999999999911e-01
9.899999999999999911e-01
9.858980413479722094e-01
7.219348922866640761e-01
7.972019222898192314e-01
9.899999999999999911e-01
9.899999999999999911e-01
9.899999999999999911e-01
8.971007996040667454e-01
9.899999999999999911e-01
9.899999999999999911e-01
9.899999999999999911e-01
7.688161990902340204e-01
9.899999999999999911e-01
9.899999999999999911e-01
9.803798620638723982e-01
7.426578395695646595e-01
9.899999999999999911e-01
9.899999999999999911e-01
9.899999999999999911e-01
7.340659311061197290e-01
9.899999999999999911e-01
9.899999999999999911e-01
9.899999999999999911e-01
8.311580058507107571e-01
9.899999999999999911e-01
9.899999999999999911e-01
9.899999999999999911e-01
7.072097892627933202e-01
9.899999999999999911e-01
9.899999999999999911e-01
9.899999999999999911e-01
7.806330314097896794e-01
9.899999999999999911e-01
9.899999999999999911e-01
9.899999999999999911e-01
7.761988884939448052e-01
9.899999999999999911e-01
9.863835651028698415e-01
9.899999999999999911e-01
9.024028394557382926e-01
9.813846176762794915e-01
9.899999999999999911e-01
9.899999999999999911e-01
8.233321043467919376e-01
9.899999999999999911e-01
9.899999999999999911e-01
9.899999999999999911e-01
9.202546724104697651e-01
9.899999999999999911e-01
9.861431131737294908e-01
8.451368417402698174e-01
9.812892531651923322e-01
9.899999999999999911e-01
9.899999999999999911e-01
8.249859272613819794e-01
9.899999999999999911e-01
9.899999999999999911e-01
8.581766494288377567e-01
9.899999999999999911e-01
9.899999999999999911e-01
9.899999999999999911e-01
8.172743129725511535e-01
9.899999999999999911e-01
9.899999999999999911e-01
9.899999999999999911e-01
7.231288860138784802e-01
9.899999999999999911e-01
9.899999999999999911e-01
9.899999999999999911e-01
8.180966153848243660e-01
9.899999999999999911e-01
8.709856261088434470e-01
9.899999999999999911e-01
9.899999999999999911e-01
9.899999999999999911e-01
7.441692893164640887e-01
9.899999999999999911e-01
9.899999999999999911e-01
9.832448689502084616e-01
7.071189361851837329e-01
9.899999999999999911e-01
9.899999999999999911e-01
9.899999999999999911e-01
7.769636345057432392e-01
9.899999999999999911e-01
9.899999999999999911e-01
9.899999999999999911e-01
7.758070046927405539e-01
9.899999999999999911e-01
9.899999999999999911e-01
8.378349156081252858e-01
9.899999999999999911e-01
9.899999999999999911e-01
8.887766656787029484e-01
9.899999999999999911e-01
9.899999999999999911e-01
9.899999999999999911e-01
8.054036603250216420e-01
9.899999999999999911e-01
9.899999999999999911e-01
9.899999999999999911e-01
7.502619935855978639e-01
9.899999999999999911e-01
9.899999999999999911e-01
9.899999999999999911e-01
8.491600841891504547e-01
9.899999999999999911e-01
9.842229386044534234e-01
9.899999999999999911e-01
8.947427861963757056e-01
9.899999999999999911e-01
9.899999999999999911e-01
7.474559235088383824e-01
9.899999999999999911e-01
9.899999999999999911e-01
9.899999999999999911e-01
7.956700087975213664e-01
9.899999999999999911e-01
9.899999999999999911e-01
9.899999999999999911e-01
8.040366847883041457e-01
9.899999999999999911e-01
9.899999999999999911e-01
9.899999999999999911e-01
7.429502884477457991e-01
9.747345145615105011e-01
9.899999999999999911e-01
9.899999999999999911e-01
8.405111752569923711e-01
9.899999999999999911e-01
9.899999999999999911e-01
9.865275572307942165e-01
7.465228713073612798e-01
9.899999999999999911e-01
9.899999999999999911e-01
9.849822887571965113e-01
8.775918123366801549e-01
9.899999999999999911e-01
9.815855716331050029e-01
9.899999999999999911e-01
7.696138613435146159e-01
9.899999999999999911e-01
9.899999999999999911e-01
9.899999999999999911e-01
8.161650579067409872e-01
9.899999999999999911e-01
9.899999999999999911e-01
9.899999999999999911e-01
8.505520325676573234e-01
9.899999999999999911e-01
9.899999999999999911e-01
9.815695027491279090e-01
7.468743317569757068e-01
9.899999999999999911e-01
9.899999999999999911e-01
9.899999999999999911e-01
8.634492708909389247e-01
9.899999999999999911e-01
7.795571386425876881e-01
9.899999999999999911e-01
9.899999999999999911e-01
9.810257372732290593e-01
8.674977682792262001e-01
9.899999999999999911e-01
9.899999999999999911e-01
9.899999999999999911e-01
7.673834868709231705e-01
9.899999999999999911e-01
9.899999999999999911e-01
7.198622129553273741e-01
9.899999999999999911e-01
9.899999999999999911e-01
9.899999999999999911e-01
7.099709113614051104e-01
9.899999999999999911e-01
9.899999999999999911e-01
9.899999999999999911e-01
8.022876816958078861e-01
9.899999999999999911e-01
9.899999999999999911e-01
8.793707128327457045e-01
9.899999999999999911e-01
9.899999999999999911e-01
9.899999999999999911e-01
8.739936070119506129e-01
9.899999999999999911e-01
9.899999999999999911e-01
7.513595664273300390e-01
9.899999999999999911e-01
9.899999999999999911e-01
9.899999999999999911e-01
9.746231905267827011e-01
9.899999999999999911e-01
9.899999999999999911e-01
9.899999999999999911e-01
7.499049975024660863e-01
9.675546294288644988e-01
9.899999999999999911e-01
9.899999999999999911e-01
7.957699174507644191e-01
9.899999999999999911e-01
9.854828128734495207e-01
9.899999999999999911e-01
8.948584190677686401e-01
9.899999999999999911e-01
9.306355545740218060e-01
9.801329757426332501e-01
8.590526382054584076e-01
9.899999999999999911e-01
9.899999999999999911e-01
8.356466300947668069e-01
9.899999999999999911e-01
9.899999999999999911e-01
9.693423749754678242e-01
8.265086557420205926e-01
9.691057936240333737e-01
9.899999999999999911e-01
9.899999999999999911e-01
7.356329579831659693e-01
9.899999999999999911e-01
9.899999999999999911e-01
9.899999999999999911e-01
8.390813906504076547e-01
9.899999999999999911e-01
7.336994008794611721e-01
9.899999999999999911e-01
9.899999999999999911e-01
8.058964585855565854e-01
9.899999999999999911e-01
9.899999999999999911e-01
9.899999999999999911e-01
8.965857273654271875e-01
9.899999999999999911e-01
9.899999999999999911e-01
9.899999999999999911e-01
8.555487687259084595e-01
9.899999999999999911e-01
9.899999999999999911e-01
7.644222161898163170e-01
9.899999999999999911e-01
9.899999999999999911e-01
9.899999999999999911e-01
8.950150594300643192e-01
9.899999999999999911e-01
9.779844363137262242e-01
9.724684772412643952e-01
7.714398954475357728e-01
9.899999999999999911e-01
9.899999999999999911e-01
8.989859575691589999e-01
9.899999999999999911e-01
9.899999999999999911e-01
9.899999999999999911e-01
7.617491056030668561e-01
9.792450837814397069e-01
9.799901957469223657e-01
8.896718413549528082e-01
9.748749574209720770e-01
9.844977420745545382e-01
9.729907102873206481e-01
8.179342563585140224e-01
9.899999999999999911e-01
9.899999999999999911e-01
9.899999999999999911e-01
9.170647201144421778e-01
9.899999999999999911e-01
9.899999999999999911e-01
9.899999999999999911e-01
8.250646593472570345e-01
9.899999999999999911e-01
9.899999999999999911e-01
9.899999999999999911e-01
7.881554837500145405e-01
9.852146849955528696e-01
9.899999999999999911e-01
9.899999999999999911e-01
8.924647130922369609e-01
9.873749049044784343e-01
9.899999999999999911e-01
9.862522398529434131e-01
8.052644752606191725e-01
9.899999999999999911e-01
9.899999999999999911e-01
9.053392255942261935e-01
9.899999999999999911e-01
9.886585361702190378e-01
9.899999999999999911e-01
8.656318778470626363e-01
9.899999999999999911e-01
8.624515252548645705e-01
9.899999999999999911e-01
9.753394492632905255e-01
9.899999999999999911e-01
7.437121509061495050e-01
9.899999999999999911e-01
9.899999999999999911e-01
9.899999999999999911e-01
8.950703911881172647e-01
9.899999999999999911e-01
9.899999999999999911e-01
9.899999999999999911e-01
8.620623691135963496e-01
9.899999999999999911e-01
9.899999999999999911e-01
7.386231835933908529e-01
9.899999999999999911e-01
9.899999999999999911e-01
9.899999999999999911e-01
8.874162555989359991e-01
9.899999999999999911e-01
9.899999999999999911e-01
9.899999999999999911e-01
8.908836004520178653e-01
9.899999999999999911e-01
9.899999999999999911e-01
9.899999999999999911e-01
8.696061564503625441e-01
9.899999999999999911e-01
9.899999999999999911e-01
9.899999999999999911e-01
7.374919712263026117e-01
9.899999999999999911e-01
9.899999999999999911e-01
9.899999999999999911e-01
7.490504387186172064e-01
9.899999999999999911e-01
9.899999999999999911e-01
9.899999999999999911e-01
7.662239630982324856e-01
9.899999999999999911e-01
9.899999999999999911e-01
7.319499888563290035e-01
9.899999999999999911e-01
9.899999999999999911e-01
9.899999999999999911e-01
8.735215201676860275e-01
9.899999999999999911e-01
9.899999999999999911e-01
7.173016138398966568e-01
9.899999999999999911e-01
9.899999999999999911e-01
9.899999999999999911e-01
8.880765758589648229e-01
9.899999999999999911e-01
7.289361716797022606e-01
9.899999999999999911e-01
9.804405128492734711e-01
7.179280454127227040e-01
9.784982800856293350e-01
9.899999999999999911e-01
8.803090215717976896e-01
9.899999999999999911e-01
9.667006315421935447e-01
8.901662530586751387e-01
9.899999999999999911e-01
9.718825893391038750e-01
9.899999999999999911e-01
9.056967028926307117e-01
9.830644252776193914e-01
9.899999999999999911e-01
7.754606052843224795e-01
9.899999999999999911e-01
9.899999999999999911e-01
9.640724774318920609e-01
7.824225011313106215e-01
9.899999999999999911e-01
9.899999999999999911e-01
9.899999999999999911e-01
8.279748851311177216e-01
9.880745152456771319e-01
9.899999999999999911e-01
9.899999999999999911e-01
9.087624859314864523e-01
9.899999999999999911e-01
9.899999999999999911e-01
8.900323493366261163e-01
9.899999999999999911e-01
9.899999999999999911e-01
9.899999999999999911e-01
8.758860883073780190e-01
9.899999999999999911e-01
9.899999999999999911e-01
8.766760870306741227e-01
9.899999999999999911e-01
9.899999999999999911e-01
9.775020907287030880e-01
9.391892390296031623e-01
9.899999999999999911e-01
9.899999999999999911e-01
9.899999999999999911e-01
9.899999999999999911e-01
9.899999999999999911e-01
9.042763077209500233e-01
9.899999999999999911e-01
9.899999999999999911e-01
7.492893842314342079e-01
9.899999999999999911e-01
9.899999999999999911e-01
9.899999999999999911e-01
8.048203871907867457e-01
9.899999999999999911e-01
9.899999999999999911e-01
9.899999999999999911e-01
8.111265471086220868e-01
9.672722953882052499e-01
7.013152715735205822e-01
9.899999999999999911e-01
9.899999999999999911e-01
8.597338205172814218e-01
9.899999999999999911e-01
9.699022994505237527e-01
9.726759396539694791e-01
8.391494233101720601e-01
9.899999999999999911e-01
9.899999999999999911e-01
9.899999999999999911e-01
7.877021213521417931e-01
9.899999999999999911e-01
9.899999999999999911e-01
7.916695548715214636e-01
9.723237464124986351e-01
9.899999999999999911e-01
9.899999999999999911e-01
8.371576582216517792e-01
9.899999999999999911e-01
9.899999999999999911e-01
9.899999999999999911e-01
9.021358739547328254e-01
9.899999999999999911e-01
9.899999999999999911e-01
9.899999999999999911e-01
8.103921844134941432e-01
9.781049248586644040e-01
9.899999999999999911e-01
9.899999999999999911e-01
8.157025606237991999e-01
9.899999999999999911e-01
9.874311099529148317e-01
9.899999999999999911e-01
8.462251263280382574e-01
9.786823288210603211e-01
9.899999999999999911e-01
9.899999999999999911e-01
7.605229816981827762e-01
9.899999999999999911e-01
9.629489451568667979e-01
9.899999999999999911e-01
7.839102000136419779e-01
9.899999999999999911e-01
9.899999999999999911e-01
9.899999999999999911e-01
8.589894652153370336e-01
9.899999999999999911e-01
9.899999999999999911e-01
9.899999999999999911e-01
7.932975219385435262e-01
9.899999999999999911e-01
9.899999999999999911e-01
9.899999999999999911e-01
8.226643823669369526e-01
9.899999999999999911e-01
9.796258404156515942e-01
8.787739774942815441e-01
9.899999999999999911e-01
9.899999999999999911e-01
9.899999999999999911e-01
