9.379786647569983149e-01
9.899999999999998801e-01
9.899999999999999911e-01
9.899999999999998801e-01
7.758058408474506340e-01
9.899999999999999911e-01
9.899999999999999911e-01
9.899999999999999911e-01
8.965962610158433321e-01
9.899999999999999911e-01
9.899999999999999911e-01
9.899999999999999911e-01
8.558726766051651946e-01
9.899999999999999911e-01
9.899999999999999911e-01
9.899999999999999911e-01
9.317262160704287144e-01
9.899999999999999911e-01
9.899999999999999911e-01
9.899999999999999911e-01
8.630701675455242361e-01
9.899999999999999911e-01
9.899999999999999911e-01
9.899999999999999911e-01
9.449410746715526388e-01
9.899999999999999911e-01
9.899999999999999911e-01
9.899999999999999911e-01
9.171669422913802938e-01
9.899999999999999911e-01
9.899999999999999911e-01
9.899999999999999911e-01
9.278595329010740356e-01
9.899999999999999911e-01
9.899999999999999911e-01
9.899999999999999911e-01
9.455803524025410134e-01
9.899999999999999911e-01
9.899999999999999911e-01
9.899999999999999911e-01
9.296004675692780550e-01
9.899999999999999911e-01
9.899999999999999911e-01
9.899999999999999911e-01
9.401616442997059453e-01
9.899999999999999911e-01
9.899999999999999911e-01
9.899999999999999911e-01
9.437566166533453149e-01
9.899999999999999911e-01
9.899999999999999911e-01
9.899999999999999911e-01
9.323471783472770946e-01
9.899999999999999911e-01
9.899999999999999911e-01
9.899999999999999911e-01
7.663280553646973914e-01
9.899999999999999911e-01
9.899999999999999911e-01
9.899999999999999911e-01
8.412771638609132241e-01
9.899999999999999911e-01
9.899999999999999911e-01
9.899999999999999911e-01
7.933259939844521380e-01
9.899999999999999911e-01
9.899999999999999911e-01
9.899999999999999911e-01
8.236591521227860646e-01
9.899999999999999911e-01
9.899999999999999911e-01
9.899999999999999911e-01
9.281576088542433656e-01
9.899999999999999911e-01
9.899999999999999911e-01
9.899999999999999911e-01
9.406147866324990892e-01
9.899999999999999911e-01
9.899999999999998801e-01
9.899999999999999911e-01
9.008961795050319799e-01
9.899999999999999911e-01
9.899999999999999911e-01
9.899999999999999911e-01
8.826160197237808980e-01
9.899999999999999911e-01
9.899999999999999911e-01
9.899999999999999911e-01
9.312019363042981501e-01
9.899999999999999911e-01
9.899999999999999911e-01
9.899999999999999911e-01
8.827540236130660967e-01
9.899999999999999911e-01
9.899999999999999911e-01
9.899999999999999911e-01
8.359273266801632296e-01
9.899999999999999911e-01
9.899999999999999911e-01
9.899999999999999911e-01
8.616223212528160147e-01
9.899999999999999911e-01
9.899999999999999911e-01
9.899999999999999911e-01
8.755738995766099153e-01
9.899999999999999911e-01
9.899999999999999911e-01
9.899999999999999911e-01
8.533405108302996034e-01
9.899999999999999911e-01
8.352803680420558541e-01
9.899999999999999911e-01
9.899999999999999911e-01
9.899999999999999911e-01
9.384251129850404993e-01
9.899999999999999911e-01
7.637782346117888421e-01
9.899999999999999911e-01
9.899999999999999911e-01
9.899999999999999911e-01
8.131464385916652438e-01
9.899999999999999911e-01
9.899999999999999911e-01
9.899999999999999911e-01
7.773079042392107008e-01
9.899999999999999911e-01
9.899999999999999911e-01
9.899999999999999911e-01
7.882991090005136980e-01
9.899999999999999911e-01
9.899999999999999911e-01
9.899999999999999911e-01
8.788588814782153369e-01
9.899999999999999911e-01
9.899999999999999911e-01
9.899999999999999911e-01
8.978100444415683112e-01
9.899999999999999911e-01
9.899999999999999911e-01
9.899999999999999911e-01
8.979560111993863947e-01
9.899999999999999911e-01
9.899999999999999911e-01
8.749245449442449862e-01
9.899999999999999911e-01
9.899999999999999911e-01
9.899999999999999911e-01
8.583042241431823038e-01
9.899999999999999911e-01
9.899999999999999911e-01
9.561292061623108962e-01
9.899999999999999911e-01
9.899999999999999911e-01
9.899999999999999911e-01
8.848946773751131811e-01
9.899999999999999911e-01
9.899999999999999911e-01
9.899999999999999911e-01
9.899999999999999911e-01
9.899999999999999911e-01
9.078354322213758598e-01
9.899999999999999911e-01
9.899999999999999911e-01
9.899999999999999911e-01
9.190136847702961020e-01
9.899999999999999911e-01
9.899999999999999911e-01
9.899999999999999911e-01
9.899999999999999911e-01
9.539112025011227125e-01
9.899999999999999911e-01
9.899999999999999911e-01
9.899999999999999911e-01
9.899999999999999911e-01
8.807220433670867044e-01
9.899999999999999911e-01
9.899999999999999911e-01
9.899999999999999911e-01
9.052239732791026450e-01
9.899999999999999911e-01
9.899999999999999911e-01
9.899999999999999911e-01
9.582533743145598137e-01
9.899999999999999911e-01
9.899999999999999911e-01
9.899999999999999911e-01
9.899999999999999911e-01
9.899999999999999911e-01
9.414061782632447972e-01
9.899999999999999911e-01
9.899999999999999911e-01
9.899999999999999911e-01
8.496450002347466501e-01
9.899999999999999911e-01
9.899999999999999911e-01
9.899999999999999911e-01
8.763342832246728831e-01
9.899999999999999911e-01
9.899999999999999911e-01
9.899999999999999911e-01
7.588328738242006155e-01
9.899999999999999911e-01
9.899999999999999911e-01
9.899999999999999911e-01
9.899999999999999911e-01
9.899999999999999911e-01
9.899999999999999911e-01
9.660043165827548739e-01
9.899999999999999911e-01
9.899999999999999911e-01
9.899999999999999911e-01
9.087382327763153800e-01
9.899999999999999911e-01
9.899999999999999911e-01
9.899999999999999911e-01
7.924145780721723042e-01
9.899999999999999911e-01
9.899999999999999911e-01
9.357154986692727272e-01
9.899999999999999911e-01
9.899999999999999911e-01
8.063241980530005959e-01
9.899999999999999911e-01
9.899999999999999911e-01
9.260712421523894511e-01
9.899999999999999911e-01
9.899999999999999911e-01
9.899999999999999911e-01
7.549461709511843255e-01
9.899999999999999911e-01
9.899999999999999911e-01
9.899999999999999911e-01
9.513152299243212706e-01
9.899999999999999911e-01
9.899999999999999911e-01
9.899999999999999911e-01
7.628485934027798843e-01
9.899999999999999911e-01
9.899999999999999911e-01
9.899999999999999911e-01
7.846722732700228686e-01
9.899999999999999911e-01
9.899999999999999911e-01
9.899999999999999911e-01
8.654761138850948221e-01
9.899999999999999911e-01
9.899999999999999911e-01
9.899999999999999911e-01
8.517335581909263320e-01
8.487107544463239339e-01
9.899999999999999911e-01
9.899999999999999911e-01
9.899999999999999911e-01
8.557438335635089155e-01
9.899999999999999911e-01
9.899999999999999911e-01
9.899999999999999911e-01
8.258563747752802886e-01
9.899999999999999911e-01
9.899999999999999911e-01
9.899999999999999911e-01
8.828414918259427369e-01
9.899999999999999911e-01
9.899999999999999911e-01
9.899999999999999911e-01
9.247820208131274367e-01
9.899999999999999911e-01
9.899999999999999911e-01
9.899999999999999911e-01
8.434279450394616129e-01
9.899999999999999911e-01
9.899999999999999911e-01
9.899999999999999911e-01
9.547636761846683973e-01
9.899999999999999911e-01
9.899999999999999911e-01
9.899999999999999911e-01
8.974897994270171209e-01
9.899999999999999911e-01
9.899999999999999911e-01
9.899999999999999911e-01
9.553929866211585686e-01
9.899999999999999911e-01
9.899999999999999911e-01
9.899999999999999911e-01
7.613748042384302916e-01
9.899999999999999911e-01
9.899999999999999911e-01
9.899999999999999911e-01
9.267311357492130641e-01
9.899999999999999911e-01
9.899999999999999911e-01
9.899999999999999911e-01
9.489650865040581973e-01
9.899999999999999911e-01
9.899999999999999911e-01
9.899999999999999911e-01
7.510059763969820779e-01
9.899999999999999911e-01
9.899999999999999911e-01
9.899999999999999911e-01
8.496106738821802562e-01
9.899999999999999911e-01
9.899999999999999911e-01
9.899999999999999911e-01
8.253006219652551101e-01
9.899999999999999911e-01
9.899999999999999911e-01
9.899999999999999911e-01
9.391873710992282298e-01
9.899999999999999911e-01
9.899999999999999911e-01
9.899999999999999911e-01
8.645462118957816244e-01
9.899999999999999911e-01
9.899999999999999911e-01
9.899999999999999911e-01
8.023322357043757291e-01
9.899999999999999911e-01
9.899999999999999911e-01
9.899999999999999911e-01
8.827891829325328343e-01
9.899999999999999911e-01
9.899999999999999911e-01
9.899999999999999911e-01
8.798478115804514443e-01
9.899999999999999911e-01
9.899999999999999911e-01
9.899999999999999911e-01
8.781895123998891828e-01
9.899999999999999911e-01
9.899999999999999911e-01
9.899999999999999911e-01
8.948698546720248448e-01
9.899999999999999911e-01
9.899999999999999911e-01
9.899999999999999911e-01
9.899999999999999911e-01
9.899999999999999911e-01
9.899999999999999911e-01
9.899999999999999911e-01
8.880496578986009082e-01
9.899999999999999911e-01
9.899999999999999911e-01
9.899999999999999911e-01
8.937697262035403378e-01
9.899999999999999911e-01
9.899999999999999911e-01
9.899999999999999911e-01
9.716800840856762989e-01
9.899999999999999911e-01
9.899999999999999911e-01
9.899999999999999911e-01
8.163617561278424528e-01
9.899999999999999911e-01
9.899999999999999911e-01
9.899999999999999911e-01
9.899999999999999911e-01
7.462504025572930244e-01
9.899999999999999911e-01
9.899999999999999911e-01
9.899999999999999911e-01
7.957576288646587281e-01
9.899999999999999911e-01
9.899999999999999911e-01
9.899999999999999911e-01
9.556983871066841996e-01
9.899999999999999911e-01
9.899999999999999911e-01
9.899999999999999911e-01
9.401352329758484450e-01
9.899999999999999911e-01
9.899999999999999911e-01
8.008513377394708144e-01
9.899999999999999911e-01
9.899999999999999911e-01
9.899999999999999911e-01
9.316156219353338708e-01
9.899999999999999911e-01
9.899999999999999911e-01
9.899999999999999911e-01
7.668670701516038246e-01
9.899999999999999911e-01
9.899999999999999911e-01
9.899999999999999911e-01
9.427342190441404535e-01
9.899999999999999911e-01
9.899999999999999911e-01
8.483477197195924413e-01
9.899999999999999911e-01
9.899999999999999911e-01
9.899999999999999911e-01
8.584546639728507511e-01
9.899999999999999911e-01
9.899999999999999911e-01
9.899999999999999911e-01
7.889844182343535017e-01
9.899999999999999911e-01
9.492313878945359829e-01
9.899999999999999911e-01
9.899999999999999911e-01
9.899999999999999911e-01
7.978526913506411855e-01
9.899999999999999911e-01
9.899999999999999911e-01
9.899999999999999911e-01
8.918364908836081684e-01
9.522570347463706897e-01
9.899999999999999911e-01
9.899999999999999911e-01
9.547822933130732936e-01
9.899999999999999911e-01
9.899999999999999911e-01
9.899999999999999911e-01
8.458465248860593810e-01
9.899999999999999911e-01
9.899999999999999911e-01
9.899999999999999911e-01
9.064937439806297625e-01
9.899999999999999911e-01
9.899999999999999911e-01
9.899999999999999911e-01
7.854032109418430663e-01
9.899999999999999911e-01
9.899999999999999911e-01
9.899999999999999911e-01
9.295538631197963753e-01
9.899999999999999911e-01
9.899999999999999911e-01
9.899999999999999911e-01
9.077971262519685114e-01
9.899999999999999911e-01
9.899999999999999911e-01
9.899999999999999911e-01
7.901081702660919248e-01
9.899999999999999911e-01
9.899999999999999911e-01
9.899999999999999911e-01
8.213293430450469002e-01
9.899999999999999911e-01
9.899999999999999911e-01
9.899999999999999911e-01
9.899999999999999911e-01
9.899999999999999911e-01
9.278483492210071182e-01
9.899999999999999911e-01
9.899999999999999911e-01
9.899999999999999911e-01
8.923627620671202854e-01
9.899999999999999911e-01
9.899999999999999911e-01
9.312900253503989534e-01
9.899999999999999911e-01
9.899999999999999911e-01
9.899999999999999911e-01
8.830572478410070314e-01
9.899999999999999911e-01
8.043573004478398181e-01
9.899999999999999911e-01
9.899999999999999911e-01
9.899999999999999911e-01
9.765423209670665017e-01
9.899999999999999911e-01
9.899999999999996581e-01
9.899999999999999911e-01
9.016306189499538881e-01
9.899999999999999911e-01
9.899999999999999911e-01
9.899999999999999911e-01
8.124847615991312999e-01
9.899999999999999911e-01
9.899999999999999911e-01
9.899999999999999911e-01
7.767178548212179123e-01
9.899999999999999911e-01
9.899999999999999911e-01
9.899999999999999911e-01
9.160101709110117785e-01
9.899999999999999911e-01
9.899999999999999911e-01
9.899999999999999911e-01
8.201474544467660666e-01
9.899999999999999911e-01
9.899999999999999911e-01
9.899999999999999911e-01
9.293344942676657894e-01
9.899999999999999911e-01
9.899999999999999911e-01
9.899999999999999911e-01
8.428193056886634782e-01
9.899999999999999911e-01
9.899999999999999911e-01
9.899999999999999911e-01
7.903262472397206695e-01
9.899999999999999911e-01
9.899999999999999911e-01
9.899999999999999911e-01
9.523844754159306314e-01
9.899999999999999911e-01
9.899999999999999911e-01
9.899999999999999911e-01
7.811445006087822662e-01
9.899999999999999911e-01
9.899999999999999911e-01
9.899999999999999911e-01
9.777830566278181701e-01
9.899999999999999911e-01
9.899999999999999911e-01
9.899999999999999911e-01
8.370017202122260747e-01
9.899999999999999911e-01
9.899999999999999911e-01
9.899999999999999911e-01
9.054567331412310960e-01
9.899999999999999911e-01
9.899999999999999911e-01
9.899999999999999911e-01
7.605210079028977832e-01
9.899999999999999911e-01
9.899999999999999911e-01
9.899999999999999911e-01
9.498865970159127148e-01
9.899999999999999911e-01
9.899999999999999911e-01
9.899999999999999911e-01
8.142585364739479692e-01
9.899999999999999911e-01
9.899999999999999911e-01
9.899999999999999911e-01
8.532706782979826432e-01
9.899999999999999911e-01
9.899999999999999911e-01
9.899999999999999911e-01
8.402175185540615709e-01
9.899999999999999911e-01
9.899999999999999911e-01
9.899999999999999911e-01
7.759043744588359770e-01
9.899999999999999911e-01
9.899999999999999911e-01
9.899999999999999911e-01
8.357634401724315376e-01
9.899999999999999911e-01
9.899999999999999911e-01
9.899999999999999911e-01
7.691540031595828220e-01
9.899999999999999911e-01
9.899999999999999911e-01
9.899999999999999911e-01
8.359075139598945992e-01
9.899999999999999911e-01
9.899999999999999911e-01
9.899999999999999911e-01
9.212233747586460186e-01
9.899999999999999911e-01
9.899999999999999911e-01
7.627045793967476284e-01
9.899999999999999911e-01
9.899999999999999911e-01
9.899999999999999911e-01
7.560860578445128821e-01
8.383921290975037133e-01
9.899999999999999911e-01
9.899999999999999911e-01
9.899999999999999911e-01
9.088683091918395851e-01
9.899999999999999911e-01
9.899999999999999911e-01
9.899999999999999911e-01
8.072874551683115740e-01
9.899999999999999911e-01
9.899999999999999911e-01
9.899999999999999911e-01
7.838163577533016069e-01
9.899999999999999911e-01
9.899999999999999911e-01
9.899999999999999911e-01
7.781670754147870239e-01
9.899999999999999911e-01
9.899999999999999911e-01
9.899999999999999911e-01
8.752972475217980497e-01
9.899999999999999911e-01
9.899999999999999911e-01
9.899999999999999911e-01
7.454331511375608121e-01
9.899999999999999911e-01
9.899999999999999911e-01
9.899999999999999911e-01
8.256324271342674326e-01
9.899999999999999911e-01
9.899999999999999911e-01
9.899999999999999911e-01
8.216110057512980847e-01
9.899999999999999911e-01
9.899999999999999911e-01
9.899999999999999911e-01
9.363959232173844072e-01
9.899999999999999911e-01
9.899999999999999911e-01
9.899999999999999911e-01
8.503080848458999252e-01
9.899999999999999911e-01
9.899999999999999911e-01
9.899999999999999911e-01
9.384432376311117041e-01
9.899999999999999911e-01
9.899999999999999911e-01
8.793509792175174811e-01
9.899999999999999911e-01
9.899999999999999911e-01
9.899999999999999911e-01
8.450742218469378120e-01
9.899999999999999911e-01
9.899999999999999911e-01
8.860447198705998506e-01
9.899999999999999911e-01
9.899999999999999911e-01
9.899999999999999911e-01
8.531193749378725988e-01
9.899999999999999911e-01
9.899999999999999911e-01
9.899999999999999911e-01
7.597880462028504533e-01
9.899999999999999911e-01
9.899999999999999911e-01
9.899999999999999911e-01
8.400228964503203555e-01
9.899999999999999911e-01
9.061565684781793806e-01
9.899999999999999911e-01
9.899999999999999911e-01
9.899999999999999911e-01
7.854061896022985767e-01
9.899999999999999911e-01
9.899999999999999911e-01
9.899999999999999911e-01
7.566949276128962509e-01
9.899999999999999911e-01
9.899999999999999911e-01
9.899999999999999911e-01
8.164017003265753303e-01
9.899999999999999911e-01
9.899999999999999911e-01
9.899999999999999911e-01
8.128924720141258442e-01
9.899999999999999911e-01
9.899999999999999911e-01
8.719750820611772424e-01
9.899999999999999911e-01
9.899999999999999911e-01
9.280266831867219901e-01
9.899999999999999911e-01
9.899999999999999911e-01
9.899999999999999911e-01
8.457540114557314803e-01
9.899999999999999911e-01
9.899999999999999911e-01
9.899999999999999911e-01
7.937492996397362832e-01
9.899999999999999911e-01
9.899999999999999911e-01
9.899999999999999911e-01
8.919637970989522380e-01
9.899999999999999911e-01
9.899999999999999911e-01
9.899999999999999911e-01
9.390173557178526087e-01
9.899999999999999911e-01
9.899999999999999911e-01
7.920932708120461685e-01
9.899999999999999911e-01
9.899999999999999911e-01
9.899999999999999911e-01
8.404372590208888383e-01
9.899999999999999911e-01
9.899999999999999911e-01
9.899999999999999911e-01
8.474187600877204352e-01
9.899999999999999911e-01
9.899999999999999911e-01
9.899999999999999911e-01
7.873216138745866566e-01
9.899999999999999911e-01
9.899999999999999911e-01
9.899999999999999911e-01
8.838907725907235724e-01
9.899999999999999911e-01
9.899999999999999911e-01
9.899999999999999911e-01
7.836517033533827448e-01
9.899999999999999911e-01
9.899999999999999911e-01
9.899999999999999911e-01
9.223746300729206427e-01
9.899999999999999911e-01
9.899999999999999911e-01
9.899999999999999911e-01
8.064054198178272070e-01
9.899999999999999911e-01
9.899999999999999911e-01
9.899999999999999911e-01
8.591879887768429924e-01
9.899999999999999911e-01
9.899999999999999911e-01
9.899999999999999911e-01
8.898724187232498473e-01
9.899999999999999911e-01
9.899999999999999911e-01
9.899999999999999911e-01
7.865316763873472228e-01
9.899999999999999911e-01
9.899999999999999911e-01
9.899999999999999911e-01
8.889450148565400944e-01
9.899999999999999911e-01
8.252877892535330773e-01
9.899999999999999911e-01
9.899999999999999911e-01
9.899999999999999911e-01
9.089342443988679410e-01
9.899999999999999911e-01
9.899999999999999911e-01
9.899999999999999911e-01
8.115699662964340755e-01
9.899999999999999911e-01
9.899999999999999911e-01
7.590197289860726171e-01
9.899999999999999911e-01
9.899999999999999911e-01
9.899999999999999911e-01
7.565637557149509362e-01
9.899999999999999911e-01
9.899999999999999911e-01
9.899999999999999911e-01
8.477655818656580911e-01
9.899999999999999911e-01
9.899999999999999911e-01
9.191132590087824905e-01
9.899999999999999911e-01
9.899999999999999911e-01
9.899999999999999911e-01
9.158441616090673421e-01
9.899999999999999911e-01
9.899999999999999911e-01
7.905776387463001598e-01
9.899999999999999911e-01
9.899999999999999911e-01
9.899999999999999911e-01
9.762111873185019828e-01
9.899999999999999911e-01
9.899999999999999911e-01
9.899999999999999911e-01
7.877821784002548844e-01
9.899999999999999911e-01
9.899999999999999911e-01
9.899999999999999911e-01
8.331941559336122349e-01
9.899999999999999911e-01
9.899999999999999911e-01
9.899999999999999911e-01
9.356327791835947760e-01
9.899999999999999911e-01
9.899999999999999911e-01
9.899999999999999911e-01
8.794862204214638490e-01
9.899999999999999911e-01
9.899999999999999911e-01
8.799937171489232712e-01
9.899999999999999911e-01
9.899999999999999911e-01
9.899999999999999911e-01
8.645635709672623292e-01
9.899999999999999911e-01
9.899999999999999911e-01
9.899999999999999911e-01
7.809437918709045690e-01
9.899999999999999911e-01
9.899999999999999911e-01
9.899999999999999911e-01
8.570658850095046466e-01
9.899999999999999911e-01
7.665631015109022339e-01
9.899999999999999911e-01
9.899999999999999911e-01
8.506667891633953316e-01
9.899999999999999911e-01
9.899999999999999911e-01
9.899999999999999911e-01
9.357915442073299062e-01
9.899999999999999911e-01
9.899999999999999911e-01
9.899999999999999911e-01
9.002242182152437877e-01
9.899999999999999911e-01
9.899999999999999911e-01
8.035066151554112190e-01
9.899999999999999911e-01
9.899999999999999911e-01
9.899999999999999911e-01
9.362220980803541703e-01
9.899999999999999911e-01
9.899999999999999911e-01
9.899999999999999911e-01
8.160793566819044553e-01
9.899999999999999911e-01
9.899999999999999911e-01
9.437056377388527428e-01
9.899999999999999911e-01
9.899999999999999911e-01
9.899999999999999911e-01
7.899129700328659798e-01
9.899999999999999911e-01
9.899999999999999911e-01
9.305562116617126511e-01
9.899999999999999911e-01
9.899999999999999911e-01
9.899999999999999911e-01
8.557293140594823821e-01
9.899999999999999911e-01
9.899999999999999911e-01
9.899999999999999911e-01
9.366325643647079868e-01
9.899999999999999911e-01
9.899999999999999911e-01
9.899999999999999911e-01
8.694128851898640375e-01
9.899999999999999911e-01
9.899999999999999911e-01
9.899999999999999911e-01
8.302083384425980039e-01
9.899999999999999911e-01
9.899999999999999911e-01
9.899999999999999911e-01
9.319965650664600032e-01
9.899999999999999911e-01
9.899999999999999911e-01
9.899999999999999911e-01
8.484273160837413341e-01
9.899999999999999911e-01
9.899999999999999911e-01
9.495598574293152572e-01
9.899999999999999911e-01
9.899999999999999911e-01
9.899999999999999911e-01
8.965918272110707798e-01
9.899999999999999911e-01
9.073814127621490089e-01
9.899999999999999911e-01
9.899999999999999911e-01
9.899999999999999911e-01
7.880537169444646883e-01
9.899999999999999911e-01
9.899999999999999911e-01
9.899999999999999911e-01
9.364725039520920280e-01
9.899999999999999911e-01
9.899999999999999911e-01
9.899999999999999911e-01
8.980866878950619636e-01
9.899999999999999911e-01
9.899999999999999911e-01
7.848238895336043797e-01
9.899999999999999911e-01
9.899999999999999911e-01
9.899999999999999911e-01
9.298411315548745781e-01
9.899999999999999911e-01
9.899999999999999911e-01
9.899999999999999911e-01
9.335907651157948628e-01
9.899999999999999911e-01
9.899999999999999911e-01
9.899999999999999911e-01
8.834384532580292770e-01
9.899999999999999911e-01
9.899999999999999911e-01
9.899999999999999911e-01
7.811191399517312117e-01
9.899999999999999911e-01
9.899999999999999911e-01
9.899999999999999911e-01
7.946219238800075191e-01
9.899999999999999911e-01
9.899999999999999911e-01
9.899999999999999911e-01
8.030728152034194434e-01
9.899999999999999911e-01
9.899999999999999911e-01
7.741757784491025696e-01
9.899999999999999911e-01
9.899999999999999911e-01
9.899999999999999911e-01
9.149434292825477932e-01
9.899999999999999911e-01
9.899999999999999911e-01
7.566976776558964612e-01
9.899999999999999911e-01
9.899999999999999911e-01
9.899999999999999911e-01
9.326388309293704992e-01
9.899999999999999911e-01
7.704041106073972189e-01
9.899999999999999911e-01
9.899999999999999911e-01
7.622284297292141186e-01
9.899999999999999911e-01
9.899999999999999911e-01
9.221329338911263829e-01
9.899999999999999911e-01
9.899999999999999911e-01
9.334568785543194691e-01
9.899999999999999911e-01
9.899999999999999911e-01
9.899999999999999911e-01
9.503440429655471977e-01
9.899999999999999911e-01
9.899999999999999911e-01
8.053204045419967150e-01
9.899999999999999911e-01
9.899999999999999911e-01
9.899999999999999911e-01
8.299529031669189427e-01
9.899999999999999911e-01
9.899999999999999911e-01
9.899999999999999911e-01
8.660202400061572936e-01
9.899999999999999911e-01
9.899999999999999911e-01
9.899999999999999911e-01
9.482280195655760080e-01
9.899999999999999911e-01
9.899999999999999911e-01
9.016381072656495244e-01
9.899999999999999911e-01
9.899999999999999911e-01
9.899999999999999911e-01
9.002748358599211853e-01
9.899999999999999911e-01
9.899999999999999911e-01
9.160863048422303034e-01
9.899999999999999911e-01
9.899999999999999911e-01
9.899999999999999911e-01
9.591050564140151113e-01
9.899999999999999911e-01
9.899999999999999911e-01
9.899999999999999911e-01
9.899999999999999911e-01
9.899999999999999911e-01
9.194906584013207151e-01
9.899999999999999911e-01
9.899999999999999911e-01
7.950517067161219087e-01
9.899999999999999911e-01
9.899999999999999911e-01
9.899999999999999911e-01
8.426807774504089243e-01
9.899999999999999911e-01
9.899999999999999911e-01
9.899999999999999911e-01
8.387672576669914504e-01
9.899999999999999911e-01
7.452972867147651392e-01
9.899999999999999911e-01
9.899999999999999911e-01
8.988458450542371470e-01
9.899999999999999911e-01
9.899999999999999911e-01
9.899999999999999911e-01
8.777530377450197818e-01
9.899999999999999911e-01
9.899999999999999911e-01
9.899999999999999911e-01
8.325954105136645911e-01
9.899999999999999911e-01
9.899999999999999911e-01
8.292567504602514905e-01
9.899999999999999911e-01
9.899999999999999911e-01
9.899999999999999911e-01
8.818599840958539771e-01
9.899999999999999911e-01
9.899999999999999911e-01
9.899999999999999911e-01
9.437704113020827235e-01
9.899999999999999911e-01
9.899999999999999911e-01
9.899999999999999911e-01
8.558788917886401837e-01
9.899999999999999911e-01
9.899999999999999911e-01
9.899999999999999911e-01
8.609654994768620728e-01
9.899999999999999911e-01
9.899999999999999911e-01
9.899999999999999911e-01
8.841038891365797792e-01
9.899999999999999911e-01
9.899999999999999911e-01
9.899999999999999911e-01
8.085082816246204063e-01
9.899999999999999911e-01
9.899999999999999911e-01
9.899999999999999911e-01
8.216753657824310553e-01
9.899999999999999911e-01
9.899999999999999911e-01
9.899999999999999911e-01
8.976279453069889724e-01
9.899999999999999911e-01
9.899999999999999911e-01
9.899999999999999911e-01
8.305513317160916342e-01
9.899999999999999911e-01
9.899999999999999911e-01
9.899999999999999911e-01
8.429532970581039564e-01
9.899999999999999911e-01
9.899999999999999911e-01
8.974794026774085554e-01
9.899999999999999911e-01
9.899999999999999911e-01
9.899999999999999911e-01
