9.435744806017619668e-01
9.899999999999999911e-01
9.899999999999999911e-01
9.899999999999996581e-01
7.879669608880282006e-01
9.899999999999999911e-01
9.899999999999999911e-01
9.899999999999999911e-01
9.033042372049097102e-01
9.899999999999999911e-01
9.899999999999999911e-01
9.899999999999999911e-01
8.679196346476472090e-01
9.899999999999999911e-01
9.899999999999999911e-01
9.899999999999999911e-01
9.446440229268462385e-01
9.899999999999999911e-01
9.899999999999999911e-01
9.899999999999999911e-01
8.750479264469556151e-01
9.899999999999999911e-01
9.899999999999999911e-01
9.899999999999999911e-01
9.584138512714109881e-01
9.899999999999999911e-01
9.899999999999999911e-01
9.899999999999999911e-01
9.306342346641737207e-01
9.899999999999999911e-01
9.899999999999999911e-01
9.899999999999999911e-01
9.412726580781842767e-01
9.899999999999999911e-01
9.899999999999999911e-01
9.899999999999999911e-01
9.574408485222422049e-01
9.899999999999999911e-01
9.899999999999999911e-01
9.899999999999999911e-01
9.430194234429054578e-01
9.899999999999999911e-01
9.899999999999999911e-01
9.899999999999999911e-01
9.507206589099477245e-01
9.899999999999999911e-01
9.899999999999999911e-01
9.899999999999999911e-01
9.557987310821794980e-01
9.899999999999999911e-01
9.899999999999999911e-01
9.899999999999999911e-01
9.450141021632262328e-01
9.899999999999999911e-01
9.899999999999999911e-01
9.899999999999999911e-01
7.782982283430073256e-01
9.899999999999999911e-01
9.899999999999999911e-01
9.899999999999999911e-01
8.542399879863561418e-01
9.899999999999999911e-01
9.899999999999999911e-01
9.899999999999999911e-01
8.056218607501263174e-01
9.899999999999999911e-01
9.899999999999999911e-01
9.899999999999999911e-01
8.357111466150887180e-01
9.899999999999999911e-01
9.899999999999999911e-01
9.899999999999999911e-01
9.403751406606947194e-01
9.899999999999999911e-01
9.899999999999999911e-01
9.899999999999999911e-01
9.483446612636537987e-01
9.899999999999999911e-01
9.899999999999997691e-01
9.899999999999999911e-01
9.100429895014294779e-01
9.899999999999999911e-01
9.899999999999999911e-01
9.899999999999999911e-01
8.946835339637405626e-01
9.899999999999999911e-01
9.899999999999999911e-01
9.899999999999999911e-01
9.432965751376279906e-01
9.899999999999999911e-01
9.899999999999999911e-01
9.899999999999999911e-01
8.950513688048504779e-01
9.899999999999999911e-01
9.899999999999999911e-01
9.899999999999999911e-01
8.493070830075829525e-01
9.899999999999999911e-01
9.899999999999999911e-01
9.899999999999999911e-01
8.748071701821809043e-01
9.899999999999999911e-01
9.899999999999999911e-01
9.899999999999999911e-01
8.881238552000983999e-01
9.899999999999999911e-01
9.899999999999999911e-01
9.899999999999999911e-01
8.651707578696424816e-01
9.899999999999999911e-01
8.484442931442754965e-01
9.899999999999999911e-01
9.899999999999999911e-01
9.899999999999999911e-01
9.489446523866588157e-01
9.899999999999999911e-01
7.759498955510573115e-01
9.899999999999999911e-01
9.899999999999999911e-01
9.899999999999999911e-01
8.257196383542394491e-01
9.899999999999999911e-01
9.899999999999999911e-01
9.899999999999999911e-01
7.908098186832576149e-01
9.899999999999999911e-01
9.899999999999999911e-01
9.899999999999999911e-01
8.012579524616219029e-01
9.899999999999999911e-01
9.899999999999999911e-01
9.899999999999999911e-01
8.922933806834936199e-01
9.899999999999999911e-01
9.899999999999999911e-01
9.899999999999999911e-01
9.099014670303756658e-01
9.899999999999999911e-01
9.899999999999999911e-01
9.899999999999999911e-01
9.041407862788626293e-01
9.899999999999999911e-01
9.899999999999999911e-01
8.829032051786913637e-01
9.899999999999999911e-01
9.899999999999999911e-01
9.899999999999999911e-01
8.662223658309866625e-01
9.899999999999999911e-01
9.899999999999999911e-01
9.596033349873868135e-01
9.899999999999999911e-01
9.899999999999999911e-01
9.899999999999999911e-01
8.944078468921476954e-01
9.899999999999999911e-01
9.899999999999999911e-01
9.899999999999999911e-01
9.899999999999999911e-01
9.899999999999999911e-01
9.164038496135957779e-01
9.899999999999999911e-01
9.899999999999999911e-01
9.899999999999999911e-01
9.288282491046444544e-01
9.899999999999999911e-01
9.899999999999999911e-01
9.899999999999999911e-01
9.899999999999999911e-01
9.651908413968122158e-01
9.899999999999999911e-01
9.899999999999999911e-01
9.899999999999999911e-01
9.899999999999999911e-01
8.902931682599880547e-01
9.899999999999999911e-01
9.899999999999999911e-01
9.899999999999999911e-01
9.134311770166088085e-01
9.899999999999999911e-01
9.899999999999999911e-01
9.899999999999999911e-01
9.685288604926914902e-01
9.899999999999999911e-01
9.899999999999999911e-01
9.899999999999999911e-01
9.899999999999999911e-01
9.899999999999999911e-01
9.519361503054402096e-01
9.899999999999999911e-01
9.899999999999999911e-01
9.899999999999999911e-01
8.596321908426455272e-01
9.899999999999999911e-01
9.899999999999999911e-01
9.899999999999999911e-01
8.898239654648752994e-01
9.899999999999999911e-01
9.899999999999999911e-01
9.899999999999999911e-01
7.719858289981552657e-01
9.899999999999999911e-01
9.899999999999999911e-01
9.899999999999999911e-01
9.899999999999999911e-01
9.899999999999999911e-01
9.899999999999999911e-01
9.687992453523933678e-01
9.899999999999999911e-01
9.899999999999999911e-01
9.899999999999999911e-01
9.209587736507942601e-01
9.899999999999999911e-01
9.899999999999999911e-01
9.899999999999999911e-01
8.034333886854150286e-01
9.899999999999999911e-01
9.899999999999999911e-01
9.453844294226426692e-01
9.899999999999999911e-01
9.899999999999999911e-01
8.177482502183373025e-01
9.899999999999999911e-01
9.899999999999999911e-01
9.361145390087646234e-01
9.899999999999999911e-01
9.899999999999999911e-01
9.899999999999999911e-01
7.675973931063231337e-01
9.899999999999999911e-01
9.899999999999999911e-01
9.899999999999999911e-01
9.597370960594823197e-01
9.899999999999999911e-01
9.899999999999999911e-01
9.899999999999999911e-01
7.755116340544899733e-01
9.899999999999999911e-01
9.899999999999999911e-01
9.899999999999999911e-01
7.980963274359192949e-01
9.899999999999999911e-01
9.899999999999999911e-01
9.899999999999999911e-01
8.789364960943291116e-01
9.899999999999999911e-01
9.899999999999999911e-01
9.899999999999999911e-01
8.614622564727143494e-01
8.620513599866147514e-01
9.899999999999999911e-01
9.899999999999999911e-01
9.899999999999999911e-01
8.683439892193104415e-01
9.899999999999999911e-01
9.899999999999999911e-01
9.899999999999999911e-01
8.378363548440636022e-01
9.899999999999999911e-01
9.899999999999999911e-01
9.899999999999999911e-01
8.948573791494270901e-01
9.899999999999999911e-01
9.899999999999999911e-01
9.899999999999999911e-01
9.370932112552782245e-01
9.899999999999999911e-01
9.899999999999999911e-01
9.899999999999999911e-01
8.555766164559309717e-01
9.899999999999999911e-01
9.899999999999999911e-01
9.899999999999999911e-01
9.667888840928975380e-01
9.899999999999999911e-01
9.899999999999999911e-01
9.899999999999999911e-01
9.049986287400847429e-01
9.899999999999999911e-01
9.899999999999999911e-01
9.899999999999999911e-01
9.681725630431428087e-01
9.899999999999999911e-01
9.899999999999999911e-01
9.899999999999999911e-01
7.739461475751417963e-01
9.899999999999999911e-01
9.899999999999999911e-01
9.899999999999999911e-01
9.389427684975431010e-01
9.899999999999999911e-01
9.899999999999999911e-01
9.899999999999999911e-01
9.621874643807253324e-01
9.899999999999999911e-01
9.899999999999999911e-01
9.899999999999999911e-01
7.644836578606944988e-01
9.899999999999999911e-01
9.899999999999999911e-01
9.899999999999999911e-01
8.628249510044497805e-01
9.899999999999999911e-01
9.899999999999999911e-01
9.899999999999999911e-01
8.373783908928169595e-01
9.899999999999999911e-01
9.899999999999999911e-01
9.899999999999999911e-01
9.513585780485973586e-01
9.899999999999999911e-01
9.899999999999999911e-01
9.899999999999999911e-01
8.770950818323514087e-01
9.899999999999999911e-01
9.899999999999999911e-01
9.899999999999999911e-01
8.154691989789077944e-01
9.899999999999999911e-01
9.899999999999999911e-01
9.899999999999999911e-01
8.951895750274815322e-01
9.899999999999999911e-01
9.899999999999999911e-01
9.899999999999999911e-01
8.918103238132725208e-01
9.899999999999999911e-01
9.899999999999999911e-01
9.899999999999999911e-01
8.915830150602638282e-01
9.899999999999999911e-01
9.899999999999999911e-01
9.899999999999999911e-01
9.083582672231602650e-01
9.899999999999999911e-01
9.899999999999999911e-01
9.899999999999999911e-01
9.899999999999999911e-01
9.899999999999999911e-01
9.899999999999999911e-01
9.899999999999999911e-01
8.968038444395383113e-01
9.899999999999999911e-01
9.899999999999999911e-01
9.899999999999999911e-01
9.071980840104704180e-01
9.899999999999999911e-01
9.899999999999999911e-01
9.899999999999999911e-01
9.734246992595187997e-01
9.899999999999999911e-01
9.899999999999999911e-01
9.899999999999999911e-01
8.264140337932416314e-01
9.899999999999999911e-01
9.899999999999999911e-01
9.899999999999999911e-01
9.899999999999999911e-01
7.594413990338196863e-01
9.899999999999999911e-01
9.899999999999999911e-01
9.899999999999999911e-01
8.073317059249278671e-01
9.899999999999999911e-01
9.899999999999999911e-01
9.899999999999999911e-01
9.676420339523794656e-01
9.899999999999999911e-01
9.899999999999999911e-01
9.899999999999999911e-01
9.532366550246103021e-01
9.899999999999999911e-01
9.899999999999999911e-01
8.143262202685379592e-01
9.899999999999999911e-01
9.899999999999999911e-01
9.899999999999999911e-01
9.445225055222749022e-01
9.899999999999999911e-01
9.899999999999999911e-01
9.899999999999999911e-01
7.789006104701997613e-01
9.899999999999999911e-01
9.899999999999999911e-01
9.899999999999999911e-01
9.538342539618215321e-01
9.899999999999999911e-01
9.899999999999999911e-01
8.617986972813498348e-01
9.899999999999999911e-01
9.899999999999999911e-01
9.899999999999999911e-01
8.705714046796946270e-01
9.899999999999999911e-01
9.899999999999999911e-01
9.899999999999999911e-01
8.005813596927490172e-01
9.899999999999999911e-01
9.550895666610544898e-01
9.899999999999999911e-01
9.899999999999999911e-01
9.899999999999999911e-01
8.098389223274110593e-01
9.899999999999999911e-01
9.899999999999999911e-01
9.899999999999999911e-01
9.040483037590044679e-01
9.652860346199448882e-01
9.899999999999999911e-01
9.899999999999999911e-01
9.669672841809252573e-01
9.899999999999999911e-01
9.899999999999999911e-01
9.899999999999999911e-01
8.581364897704624184e-01
9.899999999999999911e-01
9.899999999999999911e-01
9.899999999999999911e-01
9.184893876641631039e-01
9.899999999999999911e-01
9.899999999999999911e-01
9.899999999999999911e-01
7.988569223138010100e-01
9.899999999999999911e-01
9.899999999999999911e-01
9.899999999999999911e-01
9.420730809046791165e-01
9.899999999999999911e-01
9.899999999999999911e-01
9.899999999999999911e-01
9.197817686865878972e-01
9.899999999999999911e-01
9.899999999999999911e-01
9.899999999999999911e-01
8.033355453611563668e-01
9.899999999999999911e-01
9.899999999999999911e-01
9.899999999999999911e-01
8.338704859482125586e-01
9.899999999999999911e-01
9.899999999999999911e-01
9.899999999999999911e-01
9.899999999999999911e-01
9.899999999999999911e-01
9.374900903690346343e-01
9.899999999999999911e-01
9.899999999999999911e-01
9.899999999999999911e-01
9.029264684524397344e-01
9.899999999999999911e-01
9.899999999999999911e-01
9.439821525358227383e-01
9.899999999999999911e-01
9.899999999999999911e-01
9.899999999999999911e-01
8.931355472046417221e-01
9.899999999999999911e-01
8.176506251029237449e-01
9.899999999999999911e-01
9.899999999999999911e-01
9.899999999999999911e-01
9.780000923472196295e-01
9.899999999999999911e-01
9.899999999999999911e-01
9.899999999999999911e-01
9.146401817572022974e-01
9.899999999999999911e-01
9.899999999999999911e-01
9.899999999999999911e-01
8.257947715677307343e-01
9.899999999999999911e-01
9.899999999999999911e-01
9.899999999999999911e-01
7.902196512688789420e-01
9.899999999999999911e-01
9.899999999999999911e-01
9.899999999999999911e-01
9.263545394944153744e-01
9.899999999999999911e-01
9.899999999999999911e-01
9.899999999999999911e-01
8.336095414014994542e-01
9.899999999999999911e-01
9.899999999999999911e-01
9.899999999999999911e-01
9.423950151150591870e-01
9.899999999999999911e-01
9.899999999999999911e-01
9.899999999999999911e-01
8.560161180993184349e-01
9.899999999999999911e-01
9.899999999999999911e-01
9.899999999999999911e-01
8.020470871363174492e-01
9.899999999999999911e-01
9.899999999999999911e-01
9.899999999999999911e-01
9.643491118371978477e-01
9.899999999999999911e-01
9.899999999999999911e-01
9.899999999999999911e-01
7.945390628444398695e-01
9.899999999999999911e-01
9.899999999999999911e-01
9.899999999999999911e-01
9.789552486384776042e-01
9.899999999999999911e-01
9.899999999999999911e-01
9.899999999999999911e-01
8.478534343176682420e-01
9.899999999999999911e-01
9.899999999999999911e-01
9.899999999999999911e-01
9.144644933243174512e-01
9.899999999999999911e-01
9.899999999999999911e-01
9.899999999999999911e-01
7.732196397867674431e-01
9.899999999999999911e-01
9.899999999999999911e-01
9.899999999999999911e-01
9.631399874273898210e-01
9.899999999999999911e-01
9.899999999999999911e-01
9.899999999999999911e-01
8.250952972184952827e-01
9.899999999999999911e-01
9.899999999999999911e-01
9.899999999999999911e-01
8.664558896515263120e-01
9.899999999999999911e-01
9.899999999999999911e-01
9.899999999999999911e-01
8.536604709691270054e-01
9.899999999999999911e-01
9.899999999999999911e-01
9.899999999999999911e-01
7.882696518338304648e-01
9.899999999999999911e-01
9.899999999999999911e-01
9.899999999999999911e-01
8.491202811453890664e-01
9.899999999999999911e-01
9.899999999999999911e-01
9.899999999999999911e-01
7.826438803280330037e-01
9.899999999999999911e-01
9.899999999999999911e-01
9.899999999999999911e-01
8.486936539466847229e-01
9.899999999999999911e-01
9.899999999999999911e-01
9.899999999999999911e-01
9.319218328227235615e-01
9.899999999999999911e-01
9.899999999999999911e-01
7.760493710130452749e-01
9.899999999999999911e-01
9.899999999999999911e-01
9.899999999999999911e-01
7.686720788819014771e-01
8.516971287290404646e-01
9.899999999999999911e-01
9.899999999999999911e-01
9.899999999999999911e-01
9.143354791250430935e-01
9.899999999999999911e-01
9.899999999999999911e-01
9.899999999999999911e-01
8.203200274747324272e-01
9.899999999999999911e-01
9.899999999999999911e-01
9.899999999999999911e-01
7.957476689059894692e-01
9.899999999999999911e-01
9.899999999999999911e-01
9.899999999999999911e-01
7.902976605588953873e-01
9.899999999999999911e-01
9.899999999999999911e-01
9.899999999999999911e-01
8.887900307340225181e-01
9.899999999999999911e-01
9.899999999999999911e-01
9.899999999999999911e-01
7.585902051994952711e-01
9.899999999999999911e-01
9.899999999999999911e-01
9.899999999999999911e-01
8.390843052129367541e-01
9.899999999999999911e-01
9.899999999999999911e-01
9.899999999999999911e-01
8.350050805501090245e-01
9.899999999999999911e-01
9.899999999999999911e-01
9.899999999999999911e-01
9.477252308141370651e-01
9.899999999999999911e-01
9.899999999999999911e-01
9.899999999999999911e-01
8.607746424899516136e-01
9.899999999999999911e-01
9.899999999999999911e-01
9.899999999999999911e-01
9.452728195592036142e-01
9.899999999999999911e-01
9.899999999999999911e-01
8.912334743134769921e-01
9.899999999999999911e-01
9.899999999999999911e-01
9.899999999999999911e-01
8.538862442342299852e-01
9.899999999999999911e-01
9.899999999999999911e-01
8.963378465917716253e-01
9.899999999999999911e-01
9.899999999999999911e-01
9.899999999999999911e-01
8.655173022533541038e-01
9.899999999999999911e-01
9.899999999999999911e-01
9.899999999999999911e-01
7.727193199569234450e-01
9.899999999999999911e-01
9.899999999999999911e-01
9.899999999999999911e-01
8.493679929383761706e-01
9.899999999999999911e-01
9.180489806814730036e-01
9.899999999999999911e-01
9.899999999999999911e-01
9.899999999999999911e-01
7.987884818334908266e-01
9.899999999999999911e-01
9.899999999999999911e-01
9.899999999999999911e-01
7.692115266428630749e-01
9.899999999999999911e-01
9.899999999999999911e-01
9.899999999999999911e-01
8.283565400409520496e-01
9.899999999999999911e-01
9.899999999999999911e-01
9.899999999999999911e-01
8.257008240857851566e-01
9.899999999999999911e-01
9.899999999999999911e-01
8.838966937452067407e-01
9.899999999999999911e-01
9.899999999999999911e-01
9.400625644048704599e-01
9.899999999999999911e-01
9.899999999999999911e-01
9.899999999999999911e-01
8.590070391487382162e-01
9.899999999999999911e-01
9.899999999999999911e-01
9.899999999999999911e-01
8.058385457262168261e-01
9.899999999999999911e-01
9.899999999999999911e-01
9.899999999999999911e-01
9.042132779653396790e-01
9.899999999999999911e-01
9.899999999999999911e-01
9.899999999999999911e-01
9.525041558881014447e-01
9.899999999999999911e-01
9.899999999999999911e-01
8.043449179759963874e-01
9.899999999999999911e-01
9.899999999999999911e-01
9.899999999999999911e-01
8.529356742239315725e-01
9.899999999999999911e-01
9.899999999999999911e-01
9.899999999999999911e-01
8.608982023086869662e-01
9.899999999999999911e-01
9.899999999999999911e-01
9.899999999999999911e-01
8.008159160194805448e-01
9.899999999999999911e-01
9.899999999999998801e-01
9.899999999999999911e-01
8.971522111097613994e-01
9.899999999999999911e-01
9.899999999999999911e-01
9.899999999999999911e-01
7.958204098811472171e-01
9.899999999999999911e-01
9.899999999999999911e-01
9.899999999999999911e-01
9.355420577280925132e-01
9.899999999999999911e-01
9.899999999999999911e-01
9.899999999999999911e-01
8.188277359337848837e-01
9.899999999999999911e-01
9.899999999999999911e-01
9.899999999999999911e-01
8.724713489040997194e-01
9.899999999999999911e-01
9.899999999999999911e-01
9.899999999999999911e-01
9.027961937620246902e-01
9.899999999999999911e-01
9.899999999999999911e-01
9.899999999999999911e-01
7.984692938537897300e-01
9.899999999999999911e-01
9.899999999999999911e-01
9.899999999999999911e-01
8.985885787875226294e-01
9.899999999999999911e-01
8.380728109234870660e-01
9.899999999999999911e-01
9.899999999999999911e-01
9.899999999999999911e-01
9.221800506893859106e-01
9.899999999999999911e-01
9.899999999999999911e-01
9.899999999999999911e-01
8.250668983354070285e-01
9.899999999999999911e-01
9.899999999999999911e-01
7.722957055058999876e-01
9.899999999999999911e-01
9.899999999999999911e-01
9.899999999999999911e-01
7.691630166264905588e-01
9.899999999999999911e-01
9.899999999999999911e-01
9.899999999999999911e-01
8.606302358011612696e-01
9.899999999999999911e-01
9.899999999999999911e-01
9.310848651978064217e-01
9.899999999999999911e-01
9.899999999999999911e-01
9.899999999999999911e-01
9.290736442916396332e-01
9.899999999999999911e-01
9.899999999999999911e-01
8.024382036353008285e-01
9.899999999999999911e-01
9.899999999999999911e-01
9.899999999999999911e-01
9.770671960540371348e-01
9.899999999999999911e-01
9.899999999999999911e-01
9.899999999999999911e-01
7.998436292935905412e-01
9.899999999999999911e-01
9.899999999999999911e-01
9.899999999999999911e-01
8.455107905328383966e-01
9.899999999999999911e-01
9.899999999999999911e-01
9.899999999999999911e-01
9.486629091567038152e-01
9.899999999999999911e-01
9.899999999999999911e-01
9.899999999999999911e-01
8.879066142403997386e-01
9.899999999999999911e-01
9.899999999999999911e-01
8.915515012834905884e-01
9.899999999999999911e-01
9.899999999999999911e-01
9.899999999999999911e-01
8.772033317968188637e-01
9.899999999999999911e-01
9.899999999999999911e-01
9.899999999999999911e-01
7.932899877813396339e-01
9.899999999999999911e-01
9.899999999999999911e-01
9.899999999999999911e-01
8.651566449186895991e-01
9.899999999999999911e-01
7.788933337501925402e-01
9.899999999999999911e-01
9.899999999999999911e-01
8.632280816477247987e-01
9.899999999999999911e-01
9.899999999999999911e-01
9.899999999999999911e-01
9.481884943610043859e-01
9.899999999999999911e-01
9.899999999999999911e-01
9.899999999999999911e-01
9.131163096415677582e-01
9.899999999999999911e-01
9.899999999999999911e-01
8.154745623313903735e-01
9.899999999999999911e-01
9.899999999999999911e-01
9.899999999999999911e-01
9.483166221149136321e-01
9.899999999999999911e-01
9.899999999999999911e-01
9.899999999999999911e-01
8.295609540964351547e-01
9.899999999999999911e-01
9.899999999999999911e-01
9.570689381723039846e-01
9.899999999999999911e-01
9.899999999999999911e-01
9.899999999999999911e-01
8.012069038727540615e-01
9.899999999999999911e-01
9.899999999999999911e-01
9.436390870639268513e-01
9.899999999999999911e-01
9.899999999999999911e-01
9.899999999999999911e-01
8.680568530292357421e-01
9.899999999999999911e-01
9.899999999999999911e-01
9.899999999999999911e-01
9.439025826246512096e-01
9.899999999999999911e-01
9.899999999999999911e-01
9.899999999999999911e-01
8.829030777932832530e-01
9.899999999999999911e-01
9.899999999999999911e-01
9.899999999999999911e-01
8.422166163544339001e-01
9.899999999999999911e-01
9.899999999999999911e-01
9.899999999999999911e-01
9.446370384113116359e-01
9.899999999999999911e-01
9.899999999999999911e-01
9.899999999999999911e-01
8.618952980393369545e-01
9.899999999999999911e-01
9.899999999999999911e-01
9.630438495155766443e-01
9.899999999999999911e-01
9.899999999999999911e-01
9.899999999999999911e-01
9.075500398240666788e-01
9.899999999999999911e-01
9.207711868066562610e-01
9.899999999999999911e-01
9.899999999999999911e-01
9.899999999999999911e-01
8.015487782227150859e-01
9.899999999999999911e-01
9.899999999999999911e-01
9.899999999999999911e-01
9.495553042910571673e-01
9.899999999999999911e-01
9.899999999999999911e-01
9.899999999999999911e-01
9.102353579627099345e-01
9.899999999999999911e-01
9.899999999999999911e-01
7.980818589803043706e-01
9.899999999999999911e-01
9.899999999999999911e-01
9.899999999999999911e-01
9.421595349218764293e-01
9.899999999999999911e-01
9.899999999999999911e-01
9.899999999999999911e-01
9.469150165943820419e-01
9.899999999999999911e-01
9.899999999999999911e-01
9.899999999999999911e-01
8.899624891543506111e-01
9.899999999999999911e-01
9.899999999999999911e-01
9.899999999999999911e-01
7.946199257259533022e-01
9.899999999999999911e-01
9.899999999999999911e-01
9.899999999999999911e-01
8.071046819934367678e-01
9.899999999999999911e-01
9.899999999999999911e-01
9.899999999999999911e-01
8.154161583438714889e-01
9.899999999999999911e-01
9.899999999999999911e-01
7.861391529120660415e-01
9.899999999999999911e-01
9.899999999999999911e-01
9.899999999999999911e-01
9.270213267156829362e-01
9.899999999999999911e-01
9.899999999999999911e-01
7.699860493935281047e-01
9.899999999999999911e-01
9.899999999999999911e-01
9.899999999999999911e-01
9.461108476579801474e-01
9.899999999999999911e-01
7.823362021730693172e-01
9.899999999999999911e-01
9.899999999999999911e-01
7.757260681727566887e-01
9.899999999999999911e-01
9.899999999999999911e-01
9.342947111159988216e-01
9.899999999999999911e-01
9.899999999999999911e-01
9.460355400404273363e-01
9.899999999999999911e-01
9.899999999999999911e-01
9.899999999999999911e-01
9.637792976296729597e-01
9.899999999999999911e-01
9.899999999999999911e-01
8.188238551232550622e-01
9.899999999999999911e-01
9.899999999999999911e-01
9.899999999999999911e-01
8.416800345519022120e-01
9.899999999999999911e-01
9.899999999999999911e-01
9.899999999999999911e-01
8.786288026940414220e-01
9.899999999999999911e-01
9.899999999999999911e-01
9.899999999999999911e-01
9.602361900563213259e-01
9.899999999999999911e-01
9.899999999999999911e-01
9.071932111311517000e-01
9.899999999999999911e-01
9.899999999999999911e-01
9.899999999999999911e-01
9.094731247227862969e-01
9.899999999999999911e-01
9.899999999999999911e-01
9.288299732390757901e-01
9.899999999999999911e-01
9.899999999999999911e-01
9.899999999999999911e-01
9.660862117727662124e-01
9.899999999999999911e-01
9.899999999999999911e-01
9.899999999999999911e-01
9.899999999999999911e-01
9.899999999999999911e-01
9.257784426547334133e-01
9.899999999999999911e-01
9.899999999999999911e-01
8.080844924801033891e-01
9.899999999999999911e-01
9.899999999999999911e-01
9.899999999999999911e-01
8.548720466639719850e-01
9.899999999999999911e-01
9.899999999999999911e-01
9.899999999999999911e-01
8.495088466696308904e-01
9.899999999999999911e-01
7.588011784478735366e-01
9.899999999999999911e-01
9.899999999999999911e-01
9.108718447172833299e-01
9.899999999999999911e-01
9.899999999999999911e-01
9.899999999999999911e-01
8.905256381874542271e-01
9.899999999999999911e-01
9.899999999999999911e-01
9.899999999999999911e-01
8.450875732353166914e-01
9.899999999999999911e-01
9.899999999999999911e-01
8.414747246732148245e-01
9.899999999999999911e-01
9.899999999999999911e-01
9.899999999999999911e-01
8.946155522658191250e-01
9.899999999999999911e-01
9.899999999999999911e-01
9.899999999999999911e-01
9.559668128010393451e-01
9.899999999999999911e-01
9.899999999999999911e-01
9.899999999999999911e-01
8.688554292111225763e-01
9.899999999999999911e-01
9.899999999999999911e-01
9.899999999999999911e-01
8.738298823693293471e-01
9.899999999999999911e-01
9.899999999999999911e-01
9.899999999999999911e-01
8.962668726650890871e-01
9.899999999999999911e-01
9.899999999999999911e-01
9.899999999999999911e-01
8.210320753782265335e-01
9.899999999999999911e-01
9.899999999999999911e-01
9.899999999999999911e-01
8.346073705967951284e-01
9.899999999999999911e-01
9.899999999999999911e-01
9.899999999999999911e-01
9.097953119437597325e-01
9.899999999999999911e-01
9.899999999999999911e-01
9.899999999999999911e-01
8.429766079730578454e-01
9.899999999999999911e-01
9.899999999999999911e-01
9.899999999999999911e-01
8.518452976117989461e-01
9.899999999999999911e-01
9.899999999999999911e-01
9.051477967855205975e-01
9.899999999999999911e-01
9.899999999999999911e-01
9.899999999999999911e-01
