9.098539410782674475e-01
9.861395766010948583e-01
9.894907383603954720e-01
9.899999999999997691e-01
7.103470372672591182e-01
9.791044869793239513e-01
9.899999999999999911e-01
9.899999999999999911e-01
8.639878671893199691e-01
9.680449441379280762e-01
9.899999999999999911e-01
9.899999999999999911e-01
7.917023253675300465e-01
9.899999999999999911e-01
9.899999999999999911e-01
9.899999999999999911e-01
8.563050314870719326e-01
9.899999999999999911e-01
9.899999999999999911e-01
9.899999999999999911e-01
7.955494864435705971e-01
9.899999999999999911e-01
9.899999999999999911e-01
9.899999999999999911e-01
8.678056936018939682e-01
9.899999999999999911e-01
9.899999999999999911e-01
9.773513742977403274e-01
8.399148323123081239e-01
9.899999999999999911e-01
9.716039096994710800e-01
9.899999999999999911e-01
8.506107316001965124e-01
9.899999999999999911e-01
9.899999999999999911e-01
9.736488729089567418e-01
8.805069221320123152e-01
9.899999999999999911e-01
9.899999999999999911e-01
9.899999999999999911e-01
8.523564296882286673e-01
9.899999999999999911e-01
9.899999999999999911e-01
9.843992251241048264e-01
8.832273900744281869e-01
9.899999999999999911e-01
9.899999999999999911e-01
9.674996272159269717e-01
8.759681658251995406e-01
9.899999999999999911e-01
9.425391848240071146e-01
9.899999999999999911e-01
8.582299191728912646e-01
9.899999999999999911e-01
9.899999999999999911e-01
9.899999999999999911e-01
6.958195427201806504e-01
9.899999999999999911e-01
9.815398059259291541e-01
9.899999999999999911e-01
7.704933726302699570e-01
9.822405964682898727e-01
9.899999999999999911e-01
9.899999999999999911e-01
7.193967319396727955e-01
9.523190778498412667e-01
9.899999999999999911e-01
9.899999999999999911e-01
7.571129415567134924e-01
9.899999999999999911e-01
9.899999999999999911e-01
9.799753544412433959e-01
8.604497824837002984e-01
9.899999999999999911e-01
9.899999999999999911e-01
9.899999999999999911e-01
9.002401580192638253e-01
9.899999999999999911e-01
9.899999999999997691e-01
9.899999999999999911e-01
8.537784528212576385e-01
9.899999999999999911e-01
9.899999999999999911e-01
9.899999999999999911e-01
8.120853328118836645e-01
9.797613956394999324e-01
9.552975543868331698e-01
9.899999999999999911e-01
8.609910528389476125e-01
9.899999999999999911e-01
9.899999999999999911e-01
9.899999999999999911e-01
8.101840746020626538e-01
9.899999999999999911e-01
9.899999999999999911e-01
9.899999999999999911e-01
7.581046195673964982e-01
9.899999999999999911e-01
9.496451511444540250e-01
9.689865756653751605e-01
7.842921003240900246e-01
9.899999999999999911e-01
9.899999999999999911e-01
9.899999999999999911e-01
8.079726317858529905e-01
9.899999999999999911e-01
9.899999999999999911e-01
9.899999999999999911e-01
7.907333497387714072e-01
9.899999999999999911e-01
7.628028774192993078e-01
9.895649110137538784e-01
9.899999999999999911e-01
9.813880968775614555e-01
8.817829832971409987e-01
9.770977949214687541e-01
6.904933005086418829e-01
9.899999999999999911e-01
9.898043887098282312e-01
9.899999999999999911e-01
7.376935808827138619e-01
9.770650841615313720e-01
9.899999999999999911e-01
9.899999999999999911e-01
7.004660286342936359e-01
9.899999999999999911e-01
9.899999999999999911e-01
9.630097585573245134e-01
7.183685434201256825e-01
9.837582893643844750e-01
9.899999999999999911e-01
9.899999999999999911e-01
8.013528722775359325e-01
9.899999999999999911e-01
9.899999999999999911e-01
9.899999999999999911e-01
8.272136300723368363e-01
9.899999999999999911e-01
9.899999999999999911e-01
9.899999999999999911e-01
8.683081753851895623e-01
9.899999999999999911e-01
9.899999999999999911e-01
8.357806676200862928e-01
9.899999999999999911e-01
9.899999999999999911e-01
9.899999999999999911e-01
8.201980759733641380e-01
9.893638264413238126e-01
9.899999999999999911e-01
9.389650344240106916e-01
9.883821634665143074e-01
9.899999999999999911e-01
9.899999999999999911e-01
8.361468898375229442e-01
9.625492237537064399e-01
9.899999999999999911e-01
9.899999999999999911e-01
9.899999999999999911e-01
9.899999999999999911e-01
8.638916642825472669e-01
9.899999999999999911e-01
9.854175691430017148e-01
9.899999999999999911e-01
8.672486627284827776e-01
9.899999999999999911e-01
9.693696710798275218e-01
9.899999999999999911e-01
9.899999999999999911e-01
8.922111086123017953e-01
9.899999999999999911e-01
9.899999999999999911e-01
9.899999999999999911e-01
9.899999999999999911e-01
8.317692275594859019e-01
9.899999999999999911e-01
9.479042507814303686e-01
9.899999999999999911e-01
8.635101257636534910e-01
9.899999999999999911e-01
9.899999999999999911e-01
9.627127049712700391e-01
9.024325920435893877e-01
9.817730314008029646e-01
9.686494188203921274e-01
9.858156616404507577e-01
9.899999999999999911e-01
9.821276116144166402e-01
8.846076282502428612e-01
9.899999999999999911e-01
9.899999999999999911e-01
9.899999999999999911e-01
7.991916668018145264e-01
9.899999999999999911e-01
9.899999999999999911e-01
9.728718048860713896e-01
7.996063967132809314e-01
9.841971363597652456e-01
9.737377457741500653e-01
9.724064889172240322e-01
6.804606654062627102e-01
9.899999999999999911e-01
9.899999999999999911e-01
9.899999999999999911e-01
9.899999999999999911e-01
9.899999999999999911e-01
9.899999999999999911e-01
9.520786202715063595e-01
9.899999999999999911e-01
9.899999999999999911e-01
9.899999999999999911e-01
8.371418078262850004e-01
9.899999999999999911e-01
9.899999999999999911e-01
9.899999999999999911e-01
7.370361401817437930e-01
9.899999999999999911e-01
9.759709870902189000e-01
8.842393704401251275e-01
9.899999999999999911e-01
9.899999999999999911e-01
7.477569164965131021e-01
9.899999999999999911e-01
9.761903011740675762e-01
8.726937374150333104e-01
9.580648253241953460e-01
9.899999999999999911e-01
9.899999999999999911e-01
6.882942253063358828e-01
9.401467727994172741e-01
9.658262379267127384e-01
9.899999999999999911e-01
9.065339284394828834e-01
9.899999999999999911e-01
9.899999999999999911e-01
9.899999999999999911e-01
6.861444381553279959e-01
9.391649603228956478e-01
9.899999999999999911e-01
9.889049085928541816e-01
7.097332194720987752e-01
9.899999999999999911e-01
9.899999999999999911e-01
9.899999999999999911e-01
7.894392345758483032e-01
9.899999999999999911e-01
9.899999999999999911e-01
9.899999999999999911e-01
8.028286653706468989e-01
7.709807862559316938e-01
9.899999999999999911e-01
9.899999999999999911e-01
9.899999999999999911e-01
7.808054225380558488e-01
9.899999999999999911e-01
9.643320658704714887e-01
9.551754912559022870e-01
7.587033163726238927e-01
9.899999999999999911e-01
9.391134575100237303e-01
9.899999999999999911e-01
8.129643291974432140e-01
9.899999999999999911e-01
9.466280826522448510e-01
9.830619989833140338e-01
8.572707510056002400e-01
9.899999999999999911e-01
9.899999999999999911e-01
9.899999999999999911e-01
7.788259013236459305e-01
9.899999999999999911e-01
9.868437683078152833e-01
9.899999999999999911e-01
8.855378007114257377e-01
9.899999999999999911e-01
9.899999999999999911e-01
9.899999999999999911e-01
8.601845412022675053e-01
9.899999999999999911e-01
9.899999999999999911e-01
9.853094574469575262e-01
8.810171192725311240e-01
9.899999999999999911e-01
9.318498418280901641e-01
9.899999999999999911e-01
6.851238487335432614e-01
9.899999999999999911e-01
9.491574108980105340e-01
9.899999999999999911e-01
8.554619423620595242e-01
9.770480741572388217e-01
9.899999999999999911e-01
9.899999999999999911e-01
8.724250740396758408e-01
9.899999999999999911e-01
9.899999999999999911e-01
9.899999999999999911e-01
6.752802168603209143e-01
9.872602870771302053e-01
9.624631853661469449e-01
9.899999999999999911e-01
7.764863801452739356e-01
9.818750665065612004e-01
9.899999999999999911e-01
9.899999999999999911e-01
7.588582599530729889e-01
9.899999999999999911e-01
9.899999999999999911e-01
9.899999999999999911e-01
8.713997264204736970e-01
9.899999999999999911e-01
9.899999999999999911e-01
9.804458880479972605e-01
7.900386928500624517e-01
9.617428996176601297e-01
9.899999999999999911e-01
9.899999999999999911e-01
7.244701162167224151e-01
9.785388075467723601e-01
9.899999999999999911e-01
9.899999999999999911e-01
8.154804967570801200e-01
9.899999999999999911e-01
9.899999999999999911e-01
9.475770758883061973e-01
8.109893398149580213e-01
9.899999999999999911e-01
9.899999999999999911e-01
9.899999999999999911e-01
8.029625364019175038e-01
9.899999999999999911e-01
9.699194380952942396e-01
9.899999999999999911e-01
8.177636382781114932e-01
9.899999999999999911e-01
9.514435889319977635e-01
9.899999999999999911e-01
9.899999999999999911e-01
9.746889780082604871e-01
9.899999999999999911e-01
9.899999999999999911e-01
8.437635563911904946e-01
9.767404141916610216e-01
9.899999999999999911e-01
9.899999999999999911e-01
8.163325093714031144e-01
9.778342736327892970e-01
9.899999999999999911e-01
9.899999999999999911e-01
9.632093668069098280e-01
9.899999999999999911e-01
9.899999999999999911e-01
9.899999999999999911e-01
7.666229222662005460e-01
9.834809965897739481e-01
9.899999999999999911e-01
9.899999999999999911e-01
9.477088033043141735e-01
6.677004026051134300e-01
9.884334386243325277e-01
9.556037743643430726e-01
9.899999999999999911e-01
7.364252387157084190e-01
9.899999999999999911e-01
9.899999999999999911e-01
9.539476160111687308e-01
8.898609768280869581e-01
9.666128084787120045e-01
9.899999999999999911e-01
9.899999999999999911e-01
8.668634595279576249e-01
9.753921678835882902e-01
9.899999999999999911e-01
7.232230463138853427e-01
9.422576697283933100e-01
9.405644317751125083e-01
9.899999999999999911e-01
8.562453694680864924e-01
9.899999999999999911e-01
9.899999999999999911e-01
9.899999999999999911e-01
6.952656352176911358e-01
9.310589874590815551e-01
9.899999999999999911e-01
9.899999999999999911e-01
8.824437541603361579e-01
9.899999999999999911e-01
9.899999999999999911e-01
7.725583822042183524e-01
9.899999999999999911e-01
9.899999999999999911e-01
9.899999999999999911e-01
7.870807302310210973e-01
9.899999999999999911e-01
9.899999999999999911e-01
9.899999999999999911e-01
7.296701250284458595e-01
9.565090337715632662e-01
9.191106273123682557e-01
9.899999999999999911e-01
9.899999999999999911e-01
9.899999999999999911e-01
7.274340816345578054e-01
9.899999999999999911e-01
9.651986027042215310e-01
9.402780081808467250e-01
8.257072534634561922e-01
8.793543125013781880e-01
9.899999999999999911e-01
9.899999999999999911e-01
8.841097345341423219e-01
9.741072449640085784e-01
9.899999999999999911e-01
9.899999999999999911e-01
7.793842401144847054e-01
9.705455388363324332e-01
9.899999999999999911e-01
9.839780754860739664e-01
8.371887379324495226e-01
9.767793198308574176e-01
9.899999999999999911e-01
9.899999999999999911e-01
7.099608654031205335e-01
9.899999999999999911e-01
9.764694955215394989e-01
9.874780312991436881e-01
8.562449410330653654e-01
9.899999999999999911e-01
9.899999999999999911e-01
9.864559002969360835e-01
8.399968534336809123e-01
9.842597278588212095e-01
9.899999999999999911e-01
9.453799621605585290e-01
7.175465378955087070e-01
9.899999999999999911e-01
9.899999999999999911e-01
9.899999999999999911e-01
7.461882517570734841e-01
9.899999999999999911e-01
9.899999999999999911e-01
9.899999999999999911e-01
9.718695290907541917e-01
9.756825511533455675e-01
8.768086762879793161e-01
9.849256250684370606e-01
9.798621543574739245e-01
9.899999999999999911e-01
8.368980163553030316e-01
9.899999999999999911e-01
9.899999999999999911e-01
8.570180048023310349e-01
9.899999999999999911e-01
9.899999999999999911e-01
9.899999999999999911e-01
8.309076799276379210e-01
9.899999999999999911e-01
7.309200698679302333e-01
9.451118284996350427e-01
9.899999999999999911e-01
9.899999999999999911e-01
9.693750827693998762e-01
9.899999999999999911e-01
9.899999999999999911e-01
9.884538788788779229e-01
8.295782797552204713e-01
9.899999999999999911e-01
9.722667886705662621e-01
9.899999999999999911e-01
7.387774012117466205e-01
9.899999999999999911e-01
9.899999999999999911e-01
9.899999999999999911e-01
6.996813355466678930e-01
9.596117837755584468e-01
9.899999999999999911e-01
9.899999999999999911e-01
8.611433878421791421e-01
9.899999999999999911e-01
9.899999999999999911e-01
9.706075062964121258e-01
7.443338412968463214e-01
9.899999999999999911e-01
9.899999999999999911e-01
9.899999999999999911e-01
8.565100465972363963e-01
9.724135198366431476e-01
9.899999999999999911e-01
9.899999999999999911e-01
7.699400928404261935e-01
9.899999999999999911e-01
9.899999999999999911e-01
9.617088095628533173e-01
7.300888144963745274e-01
9.899999999999999911e-01
9.899999999999999911e-01
9.621521641623289600e-01
8.864937136888024760e-01
9.899999999999999911e-01
9.899999999999999911e-01
9.754386147707791999e-01
7.029868856038430369e-01
9.899999999999999911e-01
9.899999999999999911e-01
9.899999999999999911e-01
9.721035175695783570e-01
9.847418290718734646e-01
9.899999999999999911e-01
9.899999999999999911e-01
7.814046164867931576e-01
9.899999999999999911e-01
9.899999999999999911e-01
9.899999999999999911e-01
8.589996254033069878e-01
9.899999999999999911e-01
9.899999999999999911e-01
9.899999999999999911e-01
6.836116741915314599e-01
9.899999999999999911e-01
9.899999999999999911e-01
9.899999999999999911e-01
8.753405373838371029e-01
9.899999999999999911e-01
9.899999999999999911e-01
9.869405436928110342e-01
7.594516505851793831e-01
9.637966397731450030e-01
9.899999999999999911e-01
9.712169987813999983e-01
7.803749489661965244e-01
9.628424501892556275e-01
9.899999999999999911e-01
9.899999999999999911e-01
7.625435278479731904e-01
9.899999999999999911e-01
9.899999999999999911e-01
9.899999999999999911e-01
7.011808372985942617e-01
9.899999999999999911e-01
9.899999999999999911e-01
9.899999999999999911e-01
7.613025680554529329e-01
9.899999999999999911e-01
9.899999999999999911e-01
9.899999999999999911e-01
6.916298847714719145e-01
9.650691992179875056e-01
9.859037378247090810e-01
9.899999999999999911e-01
7.597204178548625508e-01
9.872297194321755232e-01
9.434713594861054986e-01
9.899999999999999911e-01
8.640288543184182490e-01
9.889162811653697815e-01
9.899999999999999911e-01
6.890697951932611698e-01
9.899999999999999911e-01
9.899999999999999911e-01
9.618773553189782222e-01
6.899646004962257662e-01
7.644809641657743793e-01
9.899999999999999911e-01
9.899999999999999911e-01
9.899999999999999911e-01
8.828281608026857796e-01
9.877620551948199656e-01
9.844111618778604855e-01
9.882269610059787324e-01
7.364009277834886458e-01
9.899999999999999911e-01
9.899999999999999911e-01
9.522962102920127236e-01
7.147142756397618646e-01
9.899999999999999911e-01
9.899999999999999911e-01
9.899999999999999911e-01
7.055183345740857481e-01
9.790856487512814565e-01
9.708248755483401826e-01
9.882290088691809693e-01
7.983406973569304732e-01
9.899999999999999911e-01
9.633989288426305642e-01
9.899999999999999911e-01
6.741825265388168287e-01
9.899999999999999911e-01
9.899999999999999911e-01
9.899999999999999911e-01
7.479304053640346561e-01
9.899999999999999911e-01
9.899999999999999911e-01
9.899999999999999911e-01
7.437100411176248427e-01
9.899999999999999911e-01
9.554284565170708676e-01
9.899999999999999911e-01
8.748739795072993930e-01
9.672449183004042661e-01
9.899999999999999911e-01
9.899999999999999911e-01
7.967909663922961849e-01
9.899999999999999911e-01
9.899999999999999911e-01
9.899999999999999911e-01
9.033075697387148439e-01
9.865200078003470985e-01
9.710328052826245893e-01
8.157467743026521889e-01
9.544372801845425469e-01
9.899999999999999911e-01
9.881890734599906301e-01
8.020794081975094469e-01
9.899999999999999911e-01
9.899999999999999911e-01
8.324656105012224749e-01
9.899999999999999911e-01
9.899999999999999911e-01
9.781813318738573626e-01
7.865052149316014152e-01
9.899999999999999911e-01
9.899999999999999911e-01
9.899999999999999911e-01
6.905637923847880444e-01
9.899999999999999911e-01
9.899999999999999911e-01
9.899999999999999911e-01
7.939261699152351248e-01
9.793815453353186262e-01
8.418340904991548079e-01
9.899999999999999911e-01
9.899999999999999911e-01
9.822796816708534440e-01
7.110650752960279153e-01
9.899999999999999911e-01
9.899999999999999911e-01
9.521228112090763807e-01
6.725547505713638241e-01
9.899999999999999911e-01
9.899999999999999911e-01
9.619370526450747860e-01
7.489359316817147949e-01
9.899999999999999911e-01
9.899999999999999911e-01
9.899999999999999911e-01
7.438612903865717829e-01
9.899999999999999911e-01
9.899999999999999911e-01
8.082854735235677213e-01
9.899999999999999911e-01
9.783918377033931080e-01
8.603577763073398943e-01
9.899999999999999911e-01
9.899999999999999911e-01
9.899999999999999911e-01
7.736406095962028440e-01
9.899999999999999911e-01
9.899999999999999911e-01
9.899999999999999911e-01
7.217876226336332746e-01
9.899999999999999911e-01
9.721223588531398008e-01
9.899999999999999911e-01
8.198952647268714644e-01
9.899999999999999911e-01
9.518480357956796700e-01
9.899999999999999911e-01
8.621017558000725334e-01
9.899999999999999911e-01
9.899999999999999911e-01
7.185052443027222235e-01
9.899999999999999911e-01
9.899999999999999911e-01
9.657022672996281587e-01
7.658519185015828512e-01
9.899999999999999911e-01
9.899999999999999911e-01
9.899999999999999911e-01
7.711089681335105972e-01
9.899999999999999911e-01
9.675521154517331412e-01
9.754481776784833524e-01
7.099694728553934686e-01
9.552018246379831989e-01
9.899999999999999911e-01
9.899999999999999911e-01
8.078142897237305942e-01
9.899999999999999911e-01
9.899999999999999911e-01
9.562699334824025232e-01
7.180948693066924182e-01
9.899999999999999911e-01
9.899999999999999911e-01
9.551821322896046906e-01
8.457599597718455930e-01
9.899999999999999911e-01
9.492503878665536909e-01
9.899999999999999911e-01
7.405401625397944887e-01
9.899999999999999911e-01
9.899999999999999911e-01
9.716171098067601930e-01
7.834323385418183738e-01
9.899999999999999911e-01
9.899999999999999911e-01
9.871652982695811041e-01
8.201340760923465645e-01
9.899999999999999911e-01
9.899999999999999911e-01
9.510996733377841128e-01
7.189535445396144642e-01
9.899999999999999911e-01
9.899999999999999911e-01
9.899999999999999911e-01
8.392599726748863898e-01
9.899999999999999911e-01
7.489493101751213411e-01
9.734636864715455751e-01
9.899999999999999911e-01
9.488179708403016166e-01
8.359164045607806459e-01
9.899999999999999911e-01
9.899999999999999911e-01
9.899999999999999911e-01
7.344199895730121330e-01
9.899999999999999911e-01
9.899999999999999911e-01
6.877402064219657607e-01
9.899999999999999911e-01
9.776790224382119199e-01
9.899999999999999911e-01
6.800873565125739040e-01
9.899999999999999911e-01
9.611119046881624328e-01
9.899999999999999911e-01
7.714010850616100923e-01
9.899999999999999911e-01
9.823798213759937781e-01
8.510151225516427997e-01
9.657579318755692421e-01
9.899999999999999911e-01
9.899999999999999911e-01
8.418458965169204333e-01
9.899999999999999911e-01
9.899999999999999911e-01
7.239508575963475856e-01
9.899999999999999911e-01
9.899999999999999911e-01
9.899999999999999911e-01
9.723374305496895742e-01
9.899999999999999911e-01
9.899999999999999911e-01
9.899999999999999911e-01
7.217225459463411097e-01
9.368738707850294833e-01
9.899999999999999911e-01
9.899999999999999911e-01
7.669369423178072909e-01
9.899999999999999911e-01
9.565742163404297171e-01
9.899999999999999911e-01
8.641599564292012925e-01
9.899999999999999911e-01
9.143294967898437653e-01
9.482031858211330544e-01
8.375275652672393711e-01
9.899999999999999911e-01
9.840638482013021049e-01
8.042836043678084357e-01
9.899999999999999911e-01
9.899999999999999911e-01
9.373104490999457639e-01
7.968654233676893961e-01
9.391506166302184822e-01
9.899999999999999911e-01
9.899999999999999911e-01
7.064382171167765678e-01
9.899999999999999911e-01
9.899999999999999911e-01
9.899999999999999911e-01
8.179747724438527490e-01
9.617502123688599358e-01
7.023082398214213207e-01
9.899999999999999911e-01
9.899999999999999911e-01
7.758692742406594345e-01
9.899999999999999911e-01
9.899999999999999911e-01
9.869258188893785810e-01
8.674923018761240279e-01
9.899999999999999911e-01
9.899999999999999911e-01
9.806176983747446618e-01
8.244809702470091706e-01
9.655183174076881203e-01
9.899999999999999911e-01
7.364055822598836176e-01
9.899999999999999911e-01
9.899999999999999911e-01
9.899999999999999911e-01
8.660737414223713682e-01
9.638147293548420258e-01
9.455475796796649623e-01
9.409580223437391533e-01
7.385886553520202291e-01
9.899999999999999911e-01
9.899999999999999911e-01
8.666513065867753607e-01
9.618752872465730075e-01
9.899999999999999911e-01
9.899999999999999911e-01
7.327086346607230016e-01
9.536333137007257932e-01
9.550079877631180159e-01
8.587952983171038834e-01
9.424515237130787204e-01
9.554643002456549850e-01
9.426212015087085394e-01
7.890567389190071834e-01
9.899999999999999911e-01
9.899999999999999911e-01
9.899999999999999911e-01
8.990601444803828501e-01
9.770828755698212076e-01
9.899999999999999911e-01
9.899999999999999911e-01
7.922612995884921183e-01
9.899999999999999911e-01
9.899999999999999911e-01
9.899999999999999911e-01
7.598166484602077997e-01
9.564842729933358267e-01
9.589016654455894129e-01
9.899999999999999911e-01
8.628208630403455537e-01
9.584500930365291715e-01
9.899999999999999911e-01
9.575728653090215259e-01
7.723469976541728066e-01
9.899999999999999911e-01
9.899999999999999911e-01
8.727340546610318217e-01
9.899999999999999911e-01
9.565697865475683015e-01
9.594310467973480305e-01
8.385251534394007056e-01
9.837530735540261917e-01
8.300301978380855150e-01
9.899999999999999911e-01
9.433849014015596168e-01
9.899999999999999911e-01
7.107264216493853759e-01
9.899999999999999911e-01
9.899999999999999911e-01
9.899999999999999911e-01
8.633869558463562743e-01
9.899999999999999911e-01
9.807621114012805563e-01
9.899999999999999911e-01
8.322474477424138817e-01
9.899999999999999911e-01
9.899999999999999911e-01
7.066011426721408029e-01
9.899999999999999911e-01
9.781707168001505526e-01
9.899999999999999911e-01
8.578325170178409120e-01
9.899999999999999911e-01
9.899999999999999911e-01
9.899999999999999911e-01
8.586092656234141085e-01
9.899999999999999911e-01
9.899999999999999911e-01
9.872982163380448206e-01
8.524781887025832949e-01
9.899999999999999911e-01
9.899999999999999911e-01
9.899999999999999911e-01
7.043735457786843845e-01
9.899999999999999911e-01
9.899999999999999911e-01
9.899999999999999911e-01
7.194109557875387750e-01
9.899999999999999911e-01
9.899999999999999911e-01
9.899999999999999911e-01
7.373501950904682856e-01
9.899999999999999911e-01
9.899999999999999911e-01
7.039223523837842000e-01
9.899999999999999911e-01
9.899999999999999911e-01
9.899999999999999911e-01
8.446994529977351895e-01
9.899999999999999911e-01
9.899999999999999911e-01
6.850662257941465549e-01
9.760663788072239111e-01
9.899999999999999911e-01
9.899999999999999911e-01
8.554606024994115820e-01
9.899999999999999911e-01
7.010236881728566516e-01
9.899999999999999911e-01
9.508199791588011207e-01
6.848763293993009871e-01
9.560988734253222932e-01
9.786817375593985791e-01
8.512046760844051985e-01
9.899999999999999911e-01
9.366625359333259349e-01
8.598576084679266929e-01
9.860584157115295234e-01
9.398276107945129354e-01
9.899999999999999911e-01
8.731950390485488933e-01
9.572692955348272026e-01
9.899999999999999911e-01
7.547386508508467928e-01
9.899999999999999911e-01
9.899999999999999911e-01
9.344299049824968950e-01
7.495775161260248565e-01
9.899999999999999911e-01
9.899999999999999911e-01
9.899999999999999911e-01
7.984119061731020928e-01
9.683261233899751463e-01
9.899999999999999911e-01
9.899999999999999911e-01
8.803183601486650467e-01
9.670416307997912186e-01
9.899999999999999911e-01
8.754334852012317647e-01
9.899999999999999911e-01
9.899999999999999911e-01
9.899999999999999911e-01
8.528717341367287874e-01
9.899999999999999911e-01
9.899999999999999911e-01
8.467722142153205622e-01
9.899999999999999911e-01
9.789286371178976820e-01
9.488478164386879854e-01
9.222153450794465801e-01
9.899999999999999911e-01
9.826057484796808517e-01
9.899999999999999911e-01
9.899999999999999911e-01
9.899999999999999911e-01
8.882828190203710950e-01
9.899999999999999911e-01
9.899999999999999911e-01
7.155263697126423850e-01
9.899999999999999911e-01
9.899999999999999911e-01
9.899999999999999911e-01
7.762641869164079722e-01
9.899999999999999911e-01
9.899999999999999911e-01
9.899999999999999911e-01
7.838365916973215608e-01
9.374089401201293192e-01
6.681619382128195506e-01
9.872739469603907247e-01
9.899999999999999911e-01
8.313965341261386754e-01
9.875016067307588186e-01
9.388102359544998610e-01
9.437841265803542656e-01
8.091555317583225548e-01
9.899999999999999911e-01
9.899999999999999911e-01
9.899999999999999911e-01
7.579248587313486274e-01
9.899999999999999911e-01
9.899999999999999911e-01
7.630699532120940320e-01
9.401236610958061402e-01
9.899999999999999911e-01
9.899999999999999911e-01
8.065035453897267947e-01
9.899999999999999911e-01
9.899999999999999911e-01
9.899999999999999911e-01
8.728585837849708318e-01
9.899999999999999911e-01
9.899999999999999911e-01
9.899999999999999911e-01
7.791696197823265724e-01
9.466454237955594930e-01
9.899999999999999911e-01
9.829774507891494428e-01
7.847900815819097708e-01
9.731290545884950793e-01
9.554745524659024047e-01
9.899999999999999911e-01
8.194962687554486758e-01
9.497893541776474269e-01
9.899361008711276000e-01
9.899999999999999911e-01
7.265768499914752043e-01
9.899999999999999911e-01
9.302768894653803411e-01
9.899999999999999911e-01
7.534095137958823907e-01
9.899999999999999911e-01
9.899999999999999911e-01
9.836422190087541484e-01
8.304064646267326211e-01
9.899999999999999911e-01
9.899999999999999911e-01
9.899999999999999911e-01
7.642039284074826355e-01
9.899999999999999911e-01
9.636490836517194181e-01
9.711992134750465633e-01
7.995484520613375112e-01
9.899999999999999911e-01
9.593111375712278788e-01
8.592411547806988459e-01
9.899999999999999911e-01
9.899999999999999911e-01
9.899999999999999911e-01
