9.435744806017619668e-01
9.899999999999999911e-01
9.899999999999999911e-01
9.899999999999996581e-01
7.879669608880284226e-01
9.899999999999999911e-01
9.899999999999999911e-01
9.899999999999999911e-01
9.033042372049100432e-01
9.899999999999999911e-01
9.899999999999999911e-01
9.899999999999999911e-01
8.679196346476473201e-01
9.899999999999999911e-01
9.899999999999999911e-01
9.899999999999999911e-01
9.446440229268462385e-01
9.899999999999999911e-01
9.899999999999999911e-01
9.899999999999999911e-01
8.750479264469555041e-01
9.899999999999999911e-01
9.899999999999999911e-01
9.899999999999999911e-01
9.584138512714110991e-01
9.899999999999999911e-01
9.899999999999999911e-01
9.899999999999999911e-01
9.306342346641736096e-01
9.899999999999999911e-01
9.899999999999999911e-01
9.899999999999999911e-01
9.412726580781842767e-01
9.899999999999999911e-01
9.899999999999999911e-01
9.899999999999999911e-01
9.574408485222420939e-01
9.899999999999999911e-01
9.899999999999999911e-01
9.899999999999999911e-01
9.430194234429055689e-01
9.899999999999999911e-01
9.899999999999999911e-01
9.899999999999999911e-01
9.507206589099477245e-01
9.899999999999999911e-01
9.899999999999999911e-01
9.899999999999999911e-01
9.557987310821794980e-01
9.899999999999999911e-01
9.899999999999999911e-01
9.899999999999999911e-01
9.450141021632262328e-01
9.899999999999999911e-01
9.899999999999999911e-01
9.899999999999999911e-01
7.782982283430075476e-01
9.899999999999999911e-01
9.899999999999999911e-01
9.899999999999999911e-01
8.542399879863560308e-01
9.899999999999999911e-01
9.899999999999999911e-01
9.899999999999999911e-01
8.056218607501262063e-01
9.899999999999999911e-01
9.899999999999999911e-01
9.899999999999999911e-01
8.357111466150888290e-01
9.899999999999999911e-01
9.899999999999999911e-01
9.899999999999999911e-01
9.403751406606948304e-01
9.899999999999999911e-01
9.899999999999999911e-01
9.899999999999999911e-01
9.483446612636539097e-01
9.899999999999999911e-01
9.899999999999997691e-01
9.899999999999999911e-01
9.100429895014291448e-01
9.899999999999999911e-01
9.899999999999999911e-01
9.899999999999999911e-01
8.946835339637406737e-01
9.899999999999999911e-01
9.899999999999999911e-01
9.899999999999999911e-01
9.432965751376279906e-01
9.899999999999999911e-01
9.899999999999999911e-01
9.899999999999999911e-01
8.950513688048504779e-01
9.899999999999999911e-01
9.899999999999999911e-01
9.899999999999999911e-01
8.493070830075829525e-01
9.899999999999999911e-01
9.899999999999999911e-01
9.899999999999999911e-01
8.748071701821807933e-01
9.899999999999999911e-01
9.899999999999999911e-01
9.899999999999999911e-01
8.881238552000983999e-01
9.899999999999999911e-01
9.899999999999999911e-01
9.899999999999999911e-01
8.651707578696424816e-01
9.899999999999999911e-01
8.484442931442754965e-01
9.899999999999999911e-01
9.899999999999999911e-01
9.899999999999999911e-01
9.489446523866588157e-01
9.899999999999999911e-01
7.759498955510574225e-01
9.899999999999999911e-01
9.899999999999999911e-01
9.899999999999999911e-01
8.257196383542394491e-01
9.899999999999999911e-01
9.899999999999999911e-01
9.899999999999999911e-01
7.908098186832577259e-01
9.899999999999999911e-01
9.899999999999999911e-01
9.899999999999999911e-01
8.012579524616217919e-01
9.899999999999999911e-01
9.899999999999999911e-01
9.899999999999999911e-01
8.922933806834935089e-01
9.899999999999999911e-01
9.899999999999999911e-01
9.899999999999999911e-01
9.099014670303756658e-01
9.899999999999999911e-01
9.899999999999999911e-01
9.899999999999999911e-01
9.041407862788630734e-01
9.899999999999999911e-01
9.899999999999999911e-01
8.829032051786915858e-01
9.899999999999999911e-01
9.899999999999999911e-01
9.899999999999999911e-01
8.662223658309868846e-01
9.899999999999999911e-01
9.899999999999999911e-01
9.596033349873868135e-01
9.899999999999999911e-01
9.899999999999999911e-01
9.899999999999999911e-01
8.944078468921476954e-01
9.899999999999999911e-01
9.899999999999999911e-01
9.899999999999999911e-01
9.899999999999999911e-01
9.899999999999999911e-01
9.164038496135957779e-01
9.899999999999999911e-01
9.899999999999999911e-01
9.899999999999999911e-01
9.288282491046443434e-01
9.899999999999999911e-01
9.899999999999999911e-01
9.899999999999999911e-01
9.899999999999999911e-01
9.651908413968122158e-01
9.899999999999999911e-01
9.899999999999999911e-01
9.899999999999999911e-01
9.899999999999999911e-01
8.902931682599882768e-01
9.899999999999999911e-01
9.899999999999999911e-01
9.899999999999999911e-01
9.134311770166090305e-01
9.899999999999999911e-01
9.899999999999999911e-01
9.899999999999999911e-01
9.685288604926913791e-01
9.899999999999999911e-01
9.899999999999999911e-01
9.899999999999999911e-01
9.899999999999999911e-01
9.899999999999999911e-01
9.519361503054402096e-01
9.899999999999999911e-01
9.899999999999999911e-01
9.899999999999999911e-01
8.596321908426458602e-01
9.899999999999999911e-01
9.899999999999999911e-01
9.899999999999999911e-01
8.898239654648754104e-01
9.899999999999999911e-01
9.899999999999999911e-01
9.899999999999999911e-01
7.719858289981552657e-01
9.899999999999999911e-01
9.899999999999999911e-01
9.899999999999999911e-01
9.899999999999999911e-01
9.899999999999999911e-01
9.899999999999999911e-01
9.687992453523935898e-01
9.899999999999999911e-01
9.899999999999999911e-01
9.899999999999999911e-01
9.209587736507942601e-01
9.899999999999999911e-01
9.899999999999999911e-01
9.899999999999999911e-01
8.034333886854153617e-01
9.899999999999999911e-01
9.899999999999999911e-01
9.453844294226427802e-01
9.899999999999999911e-01
9.899999999999999911e-01
8.177482502183370805e-01
9.899999999999999911e-01
9.899999999999999911e-01
9.361145390087648455e-01
9.899999999999999911e-01
9.899999999999999911e-01
9.899999999999999911e-01
7.675973931063233557e-01
9.899999999999999911e-01
9.899999999999999911e-01
9.899999999999999911e-01
9.597370960594824307e-01
9.899999999999999911e-01
9.899999999999999911e-01
9.899999999999999911e-01
7.755116340544898623e-01
9.899999999999999911e-01
9.899999999999999911e-01
9.899999999999999911e-01
7.980963274359195170e-01
9.899999999999999911e-01
9.899999999999999911e-01
9.899999999999999911e-01
8.789364960943292227e-01
9.899999999999999911e-01
9.899999999999999911e-01
9.899999999999999911e-01
8.614622564727144605e-01
8.620513599866147514e-01
9.899999999999999911e-01
9.899999999999999911e-01
9.899999999999999911e-01
8.683439892193103304e-01
9.899999999999999911e-01
9.899999999999999911e-01
9.899999999999999911e-01
8.378363548440639352e-01
9.899999999999999911e-01
9.899999999999999911e-01
9.899999999999999911e-01
8.948573791494270901e-01
9.899999999999999911e-01
9.899999999999999911e-01
9.899999999999999911e-01
9.370932112552784465e-01
9.899999999999999911e-01
9.899999999999999911e-01
9.899999999999999911e-01
8.555766164559309717e-01
9.899999999999999911e-01
9.899999999999999911e-01
9.899999999999999911e-01
9.667888840928976490e-01
9.899999999999999911e-01
9.899999999999999911e-01
9.899999999999999911e-01
9.049986287400847429e-01
9.899999999999999911e-01
9.899999999999999911e-01
9.899999999999999911e-01
9.681725630431428087e-01
9.899999999999999911e-01
9.899999999999999911e-01
9.899999999999999911e-01
7.739461475751417963e-01
9.899999999999999911e-01
9.899999999999999911e-01
9.899999999999999911e-01
9.389427684975431010e-01
9.899999999999999911e-01
9.899999999999999911e-01
9.899999999999999911e-01
9.621874643807253324e-01
9.899999999999999911e-01
9.899999999999999911e-01
9.899999999999999911e-01
7.644836578606944988e-01
9.899999999999999911e-01
9.899999999999999911e-01
9.899999999999999911e-01
8.628249510044498916e-01
9.899999999999999911e-01
9.899999999999999911e-01
9.899999999999999911e-01
8.373783908928170705e-01
9.899999999999999911e-01
9.899999999999999911e-01
9.899999999999999911e-01
9.513585780485975807e-01
9.899999999999999911e-01
9.899999999999999911e-01
9.899999999999999911e-01
8.770950818323516307e-01
9.899999999999999911e-01
9.899999999999999911e-01
9.899999999999999911e-01
8.154691989789079054e-01
9.899999999999999911e-01
9.899999999999999911e-01
9.899999999999999911e-01
8.951895750274814212e-01
9.899999999999999911e-01
9.899999999999999911e-01
9.899999999999999911e-01
8.918103238132725208e-01
9.899999999999999911e-01
9.899999999999999911e-01
9.899999999999999911e-01
8.915830150602638282e-01
9.899999999999999911e-01
9.899999999999999911e-01
9.899999999999999911e-01
9.083582672231602650e-01
9.899999999999999911e-01
9.899999999999999911e-01
9.899999999999999911e-01
9.899999999999999911e-01
9.899999999999999911e-01
9.899999999999999911e-01
9.899999999999999911e-01
8.968038444395384223e-01
9.899999999999999911e-01
9.899999999999999911e-01
9.899999999999999911e-01
9.071980840104704180e-01
9.899999999999999911e-01
9.899999999999999911e-01
9.899999999999999911e-01
9.734246992595187997e-01
9.899999999999999911e-01
9.899999999999999911e-01
9.899999999999999911e-01
8.264140337932418534e-01
9.899999999999999911e-01
9.899999999999999911e-01
9.899999999999999911e-01
9.899999999999999911e-01
7.594413990338196863e-01
9.899999999999999911e-01
9.899999999999999911e-01
9.899999999999999911e-01
8.073317059249277561e-01
9.899999999999999911e-01
9.899999999999999911e-01
9.899999999999999911e-01
9.676420339523794656e-01
9.899999999999999911e-01
9.899999999999999911e-01
9.899999999999999911e-01
9.532366550246103021e-01
9.899999999999999911e-01
9.899999999999999911e-01
8.143262202685380702e-01
9.899999999999999911e-01
9.899999999999999911e-01
9.899999999999999911e-01
9.445225055222750132e-01
9.899999999999999911e-01
9.899999999999999911e-01
9.899999999999999911e-01
7.789006104701997613e-01
9.899999999999999911e-01
9.899999999999999911e-01
9.899999999999999911e-01
9.538342539618215321e-01
9.899999999999999911e-01
9.899999999999999911e-01
8.617986972813498348e-01
9.899999999999999911e-01
9.899999999999999911e-01
9.899999999999999911e-01
8.705714046796946270e-01
9.899999999999999911e-01
9.899999999999999911e-01
9.899999999999999911e-01
8.005813596927494613e-01
9.899999999999999911e-01
9.550895666610543788e-01
9.899999999999999911e-01
9.899999999999999911e-01
9.899999999999999911e-01
8.098389223274111703e-01
9.899999999999999911e-01
9.899999999999999911e-01
9.899999999999999911e-01
9.040483037590046900e-01
9.652860346199447772e-01
9.899999999999999911e-01
9.899999999999999911e-01
9.669672841809252573e-01
9.899999999999999911e-01
9.899999999999999911e-01
9.899999999999999911e-01
8.581364897704625294e-01
9.899999999999999911e-01
9.899999999999999911e-01
9.899999999999999911e-01
9.184893876641631039e-01
9.899999999999999911e-01
9.899999999999999911e-01
9.899999999999999911e-01
7.988569223138008990e-01
9.899999999999999911e-01
9.899999999999999911e-01
9.899999999999999911e-01
9.420730809046793386e-01
9.899999999999999911e-01
9.899999999999999911e-01
9.899999999999999911e-01
9.197817686865877862e-01
9.899999999999999911e-01
9.899999999999999911e-01
9.899999999999999911e-01
8.033355453611562558e-01
9.899999999999999911e-01
9.899999999999999911e-01
9.899999999999999911e-01
8.338704859482126697e-01
9.899999999999999911e-01
9.899999999999999911e-01
9.899999999999999911e-01
9.899999999999999911e-01
9.899999999999999911e-01
9.374900903690345233e-01
9.899999999999999911e-01
9.899999999999999911e-01
9.899999999999999911e-01
9.029264684524399565e-01
9.899999999999999911e-01
9.899999999999999911e-01
9.439821525358227383e-01
9.899999999999999911e-01
9.899999999999999911e-01
9.899999999999999911e-01
8.931355472046418331e-01
9.899999999999999911e-01
8.176506251029237449e-01
9.899999999999999911e-01
9.899999999999999911e-01
9.899999999999999911e-01
9.780000923472196295e-01
9.899999999999999911e-01
9.899999999999999911e-01
9.899999999999999911e-01
9.146401817572024084e-01
9.899999999999999911e-01
9.899999999999999911e-01
9.899999999999999911e-01
8.257947715677307343e-01
9.899999999999999911e-01
9.899999999999999911e-01
9.899999999999999911e-01
7.902196512688790531e-01
9.899999999999999911e-01
9.899999999999999911e-01
9.899999999999999911e-01
9.263545394944155964e-01
9.899999999999999911e-01
9.899999999999999911e-01
9.899999999999999911e-01
8.336095414014995653e-01
9.899999999999999911e-01
9.899999999999999911e-01
9.899999999999999911e-01
9.423950151150591870e-01
9.899999999999999911e-01
9.899999999999999911e-01
9.899999999999999911e-01
8.560161180993183239e-01
9.899999999999999911e-01
9.899999999999999911e-01
9.899999999999999911e-01
8.020470871363176713e-01
9.899999999999999911e-01
9.899999999999999911e-01
9.899999999999999911e-01
9.643491118371978477e-01
9.899999999999999911e-01
9.899999999999999911e-01
9.899999999999999911e-01
7.945390628444398695e-01
9.899999999999999911e-01
9.899999999999999911e-01
9.899999999999999911e-01
9.789552486384777152e-01
9.899999999999999911e-01
9.899999999999999911e-01
9.899999999999999911e-01
8.478534343176683530e-01
9.899999999999999911e-01
9.899999999999999911e-01
9.899999999999999911e-01
9.144644933243174512e-01
9.899999999999999911e-01
9.899999999999999911e-01
9.899999999999999911e-01
7.732196397867674431e-01
9.899999999999999911e-01
9.899999999999999911e-01
9.899999999999999911e-01
9.631399874273898210e-01
9.899999999999999911e-01
9.899999999999999911e-01
9.899999999999999911e-01
8.250952972184953937e-01
9.899999999999999911e-01
9.899999999999999911e-01
9.899999999999999911e-01
8.664558896515262010e-01
9.899999999999999911e-01
9.899999999999999911e-01
9.899999999999999911e-01
8.536604709691271164e-01
9.899999999999999911e-01
9.899999999999999911e-01
9.899999999999999911e-01
7.882696518338304648e-01
9.899999999999999911e-01
9.899999999999999911e-01
9.899999999999999911e-01
8.491202811453891774e-01
9.899999999999999911e-01
9.899999999999999911e-01
9.899999999999999911e-01
7.826438803280330037e-01
9.899999999999999911e-01
9.899999999999999911e-01
9.899999999999999911e-01
8.486936539466846119e-01
9.899999999999999911e-01
9.899999999999999911e-01
9.899999999999999911e-01
9.319218328227234505e-01
9.899999999999999911e-01
9.899999999999999911e-01
7.760493710130452749e-01
9.899999999999999911e-01
9.899999999999999911e-01
9.899999999999999911e-01
7.686720788819012551e-01
8.516971287290404646e-01
9.899999999999999911e-01
9.899999999999999911e-01
9.899999999999999911e-01
9.143354791250433156e-01
9.899999999999999911e-01
9.899999999999999911e-01
9.899999999999999911e-01
8.203200274747325382e-01
9.899999999999999911e-01
9.899999999999999911e-01
9.899999999999999911e-01
7.957476689059895802e-01
9.899999999999999911e-01
9.899999999999999911e-01
9.899999999999999911e-01
7.902976605588952763e-01
9.899999999999999911e-01
9.899999999999999911e-01
9.899999999999999911e-01
8.887900307340227402e-01
9.899999999999999911e-01
9.899999999999999911e-01
9.899999999999999911e-01
7.585902051994951600e-01
9.899999999999999911e-01
9.899999999999999911e-01
9.899999999999999911e-01
8.390843052129368651e-01
9.899999999999999911e-01
9.899999999999999911e-01
9.899999999999999911e-01
8.350050805501090245e-01
9.899999999999999911e-01
9.899999999999999911e-01
9.899999999999999911e-01
9.477252308141371762e-01
9.899999999999999911e-01
9.899999999999999911e-01
9.899999999999999911e-01
8.607746424899517246e-01
9.899999999999999911e-01
9.899999999999999911e-01
9.899999999999999911e-01
9.452728195592036142e-01
9.899999999999999911e-01
9.899999999999999911e-01
8.912334743134769921e-01
9.899999999999999911e-01
9.899999999999999911e-01
9.899999999999999911e-01
8.538862442342300962e-01
9.899999999999999911e-01
9.899999999999999911e-01
8.963378465917715143e-01
9.899999999999999911e-01
9.899999999999999911e-01
9.899999999999999911e-01
8.655173022533541038e-01
9.899999999999999911e-01
9.899999999999999911e-01
9.899999999999999911e-01
7.727193199569235560e-01
9.899999999999999911e-01
9.899999999999999911e-01
9.899999999999999911e-01
8.493679929383762817e-01
9.899999999999999911e-01
9.180489806814731146e-01
9.899999999999999911e-01
9.899999999999999911e-01
9.899999999999999911e-01
7.987884818334908266e-01
9.899999999999999911e-01
9.899999999999999911e-01
9.899999999999999911e-01
7.692115266428628528e-01
9.899999999999999911e-01
9.899999999999999911e-01
9.899999999999999911e-01
8.283565400409520496e-01
9.899999999999999911e-01
9.899999999999999911e-01
9.899999999999999911e-01
8.257008240857852677e-01
9.899999999999999911e-01
9.899999999999999911e-01
8.838966937452068517e-01
9.899999999999999911e-01
9.899999999999999911e-01
9.400625644048704599e-01
9.899999999999999911e-01
9.899999999999999911e-01
9.899999999999999911e-01
8.590070391487383272e-01
9.899999999999999911e-01
9.899999999999999911e-01
9.899999999999999911e-01
8.058385457262168261e-01
9.899999999999999911e-01
9.899999999999999911e-01
9.899999999999999911e-01
9.042132779653397900e-01
9.899999999999999911e-01
9.899999999999999911e-01
9.899999999999999911e-01
9.525041558881014447e-01
9.899999999999999911e-01
9.899999999999999911e-01
8.043449179759964984e-01
9.899999999999999911e-01
9.899999999999999911e-01
9.899999999999999911e-01
8.529356742239315725e-01
9.899999999999999911e-01
9.899999999999999911e-01
9.899999999999999911e-01
8.608982023086868551e-01
9.899999999999999911e-01
9.899999999999999911e-01
9.899999999999999911e-01
8.008159160194804338e-01
9.899999999999999911e-01
9.899999999999999911e-01
9.899999999999999911e-01
8.971522111097612884e-01
9.899999999999999911e-01
9.899999999999999911e-01
9.899999999999999911e-01
7.958204098811474392e-01
9.899999999999999911e-01
9.899999999999999911e-01
9.899999999999999911e-01
9.355420577280926242e-01
9.899999999999999911e-01
9.899999999999999911e-01
9.899999999999999911e-01
8.188277359337849948e-01
9.899999999999999911e-01
9.899999999999999911e-01
9.899999999999999911e-01
8.724713489040997194e-01
9.899999999999999911e-01
9.899999999999999911e-01
9.899999999999999911e-01
9.027961937620248012e-01
9.899999999999999911e-01
9.899999999999999911e-01
9.899999999999999911e-01
7.984692938537898410e-01
9.899999999999999911e-01
9.899999999999999911e-01
9.899999999999999911e-01
8.985885787875227404e-01
9.899999999999999911e-01
8.380728109234869549e-01
9.899999999999999911e-01
9.899999999999999911e-01
9.899999999999999911e-01
9.221800506893859106e-01
9.899999999999999911e-01
9.899999999999999911e-01
9.899999999999999911e-01
8.250668983354071395e-01
9.899999999999999911e-01
9.899999999999999911e-01
7.722957055058998765e-01
9.899999999999999911e-01
9.899999999999999911e-01
9.899999999999999911e-01
7.691630166264906698e-01
9.899999999999999911e-01
9.899999999999999911e-01
9.899999999999999911e-01
8.606302358011611586e-01
9.899999999999999911e-01
9.899999999999999911e-01
9.310848651978063106e-01
9.899999999999999911e-01
9.899999999999999911e-01
9.899999999999999911e-01
9.290736442916396332e-01
9.899999999999999911e-01
9.899999999999999911e-01
8.024382036353009395e-01
9.899999999999999911e-01
9.899999999999999911e-01
9.899999999999999911e-01
9.770671960540370238e-01
9.899999999999999911e-01
9.899999999999999911e-01
9.899999999999999911e-01
7.998436292935906522e-01
9.899999999999999911e-01
9.899999999999999911e-01
9.899999999999999911e-01
8.455107905328386186e-01
9.899999999999999911e-01
9.899999999999999911e-01
9.899999999999999911e-01
9.486629091567037042e-01
9.899999999999999911e-01
9.899999999999999911e-01
9.899999999999999911e-01
8.879066142404000717e-01
9.899999999999999911e-01
9.899999999999999911e-01
8.915515012834905884e-01
9.899999999999999911e-01
9.899999999999999911e-01
9.899999999999999911e-01
8.772033317968188637e-01
9.899999999999999911e-01
9.899999999999999911e-01
9.899999999999999911e-01
7.932899877813397449e-01
9.899999999999999911e-01
9.899999999999999911e-01
9.899999999999999911e-01
8.651566449186895991e-01
9.899999999999999911e-01
7.788933337501925402e-01
9.899999999999999911e-01
9.899999999999999911e-01
8.632280816477247987e-01
9.899999999999999911e-01
9.899999999999999911e-01
9.899999999999999911e-01
9.481884943610043859e-01
9.899999999999999911e-01
9.899999999999999911e-01
9.899999999999999911e-01
9.131163096415677582e-01
9.899999999999999911e-01
9.899999999999999911e-01
8.154745623313902625e-01
9.899999999999999911e-01
9.899999999999999911e-01
9.899999999999999911e-01
9.483166221149136321e-01
9.899999999999999911e-01
9.899999999999999911e-01
9.899999999999999911e-01
8.295609540964351547e-01
9.899999999999999911e-01
9.899999999999999911e-01
9.570689381723039846e-01
9.899999999999999911e-01
9.899999999999999911e-01
9.899999999999999911e-01
8.012069038727541725e-01
9.899999999999999911e-01
9.899999999999999911e-01
9.436390870639269624e-01
9.899999999999999911e-01
9.899999999999999911e-01
9.899999999999999911e-01
8.680568530292358531e-01
9.899999999999999911e-01
9.899999999999999911e-01
9.899999999999999911e-01
9.439025826246512096e-01
9.899999999999999911e-01
9.899999999999999911e-01
9.899999999999999911e-01
8.829030777932831420e-01
9.899999999999999911e-01
9.899999999999999911e-01
9.899999999999999911e-01
8.422166163544337891e-01
9.899999999999999911e-01
9.899999999999999911e-01
9.899999999999999911e-01
9.446370384113116359e-01
9.899999999999999911e-01
9.899999999999999911e-01
9.899999999999999911e-01
8.618952980393369545e-01
9.899999999999999911e-01
9.899999999999999911e-01
9.630438495155766443e-01
9.899999999999999911e-01
9.899999999999999911e-01
9.899999999999999911e-01
9.075500398240665678e-01
9.899999999999999911e-01
9.207711868066561500e-01
9.899999999999999911e-01
9.899999999999999911e-01
9.899999999999999911e-01
8.015487782227150859e-01
9.899999999999999911e-01
9.899999999999999911e-01
9.899999999999999911e-01
9.495553042910570563e-01
9.899999999999999911e-01
9.899999999999999911e-01
9.899999999999999911e-01
9.102353579627100455e-01
9.899999999999999911e-01
9.899999999999999911e-01
7.980818589803042595e-01
9.899999999999999911e-01
9.899999999999999911e-01
9.899999999999999911e-01
9.421595349218763182e-01
9.899999999999999911e-01
9.899999999999999911e-01
9.899999999999999911e-01
9.469150165943820419e-01
9.899999999999999911e-01
9.899999999999999911e-01
9.899999999999999911e-01
8.899624891543503891e-01
9.899999999999999911e-01
9.899999999999999911e-01
9.899999999999999911e-01
7.946199257259534132e-01
9.899999999999999911e-01
9.899999999999999911e-01
9.899999999999999911e-01
8.071046819934367678e-01
9.899999999999999911e-01
9.899999999999999911e-01
9.899999999999999911e-01
8.154161583438714889e-01
9.899999999999999911e-01
9.899999999999999911e-01
7.861391529120661525e-01
9.899999999999999911e-01
9.899999999999999911e-01
9.899999999999999911e-01
9.270213267156829362e-01
9.899999999999999911e-01
9.899999999999999911e-01
7.699860493935279937e-01
9.899999999999999911e-01
9.899999999999999911e-01
9.899999999999999911e-01
9.461108476579801474e-01
9.899999999999999911e-01
7.823362021730694282e-01
9.899999999999999911e-01
9.899999999999999911e-01
7.757260681727567997e-01
9.899999999999999911e-01
9.899999999999999911e-01
9.342947111159987106e-01
9.899999999999999911e-01
9.899999999999999911e-01
9.460355400404273363e-01
9.899999999999999911e-01
9.899999999999999911e-01
9.899999999999999911e-01
9.637792976296729597e-01
9.899999999999999911e-01
9.899999999999999911e-01
8.188238551232548401e-01
9.899999999999999911e-01
9.899999999999999911e-01
9.899999999999999911e-01
8.416800345519018789e-01
9.899999999999999911e-01
9.899999999999999911e-01
9.899999999999999911e-01
8.786288026940416440e-01
9.899999999999999911e-01
9.899999999999999911e-01
9.899999999999999911e-01
9.602361900563213259e-01
9.899999999999999911e-01
9.899999999999999911e-01
9.071932111311519220e-01
9.899999999999999911e-01
9.899999999999999911e-01
9.899999999999999911e-01
9.094731247227862969e-01
9.899999999999999911e-01
9.899999999999999911e-01
9.288299732390757901e-01
9.899999999999999911e-01
9.899999999999999911e-01
9.899999999999999911e-01
9.660862117727661014e-01
9.899999999999999911e-01
9.899999999999999911e-01
9.899999999999999911e-01
9.899999999999999911e-01
9.899999999999999911e-01
9.257784426547334133e-01
9.899999999999999911e-01
9.899999999999999911e-01
8.080844924801031670e-01
9.899999999999999911e-01
9.899999999999999911e-01
9.899999999999999911e-01
8.548720466639720961e-01
9.899999999999999911e-01
9.899999999999999911e-01
9.899999999999999911e-01
8.495088466696310014e-01
9.899999999999999911e-01
7.588011784478737587e-01
9.899999999999999911e-01
9.899999999999999911e-01
9.108718447172835520e-01
9.899999999999999911e-01
9.899999999999999911e-01
9.899999999999999911e-01
8.905256381874542271e-01
9.899999999999999911e-01
9.899999999999999911e-01
9.899999999999999911e-01
8.450875732353166914e-01
9.899999999999999911e-01
9.899999999999999911e-01
8.414747246732151575e-01
9.899999999999999911e-01
9.899999999999999911e-01
9.899999999999999911e-01
8.946155522658190140e-01
9.899999999999999911e-01
9.899999999999999911e-01
9.899999999999999911e-01
9.559668128010393451e-01
9.899999999999999911e-01
9.899999999999999911e-01
9.899999999999999911e-01
8.688554292111226873e-01
9.899999999999999911e-01
9.899999999999999911e-01
9.899999999999999911e-01
8.738298823693293471e-01
9.899999999999999911e-01
9.899999999999999911e-01
9.899999999999999911e-01
8.962668726650890871e-01
9.899999999999999911e-01
9.899999999999999911e-01
9.899999999999999911e-01
8.210320753782263115e-01
9.899999999999999911e-01
9.899999999999999911e-01
9.899999999999999911e-01
8.346073705967950174e-01
9.899999999999999911e-01
9.899999999999999911e-01
9.899999999999999911e-01
9.097953119437597325e-01
9.899999999999999911e-01
9.899999999999999911e-01
9.899999999999999911e-01
8.429766079730580675e-01
9.899999999999999911e-01
9.899999999999999911e-01
9.899999999999999911e-01
8.518452976117988351e-01
9.899999999999999911e-01
9.899999999999999911e-01
9.051477967855208195e-01
9.899999999999999911e-01
9.899999999999999911e-01
9.899999999999999911e-01
