9.458121413826300339e-01
9.899999999999999911e-01
9.899999999999999911e-01
9.899999999999997691e-01
7.928302445275149379e-01
9.899999999999999911e-01
9.899999999999999911e-01
9.899999999999999911e-01
9.059874090461415008e-01
9.899999999999999911e-01
9.899999999999999911e-01
9.899999999999999911e-01
8.727382124911760020e-01
9.899999999999999911e-01
9.899999999999999911e-01
9.899999999999999911e-01
9.498121655649752748e-01
9.899999999999999911e-01
9.899999999999999911e-01
9.899999999999999911e-01
8.798393460967416368e-01
9.899999999999999911e-01
9.899999999999999911e-01
9.899999999999999911e-01
9.638027229450050193e-01
9.899999999999999911e-01
9.899999999999999911e-01
9.899999999999999911e-01
9.360211712953575569e-01
9.899999999999999911e-01
9.899999999999999911e-01
9.899999999999999911e-01
9.466380646300753821e-01
9.899999999999999911e-01
9.899999999999999911e-01
9.899999999999999911e-01
9.621831928694818403e-01
9.899999999999999911e-01
9.899999999999999911e-01
9.899999999999999911e-01
9.483871327432230602e-01
9.899999999999999911e-01
9.899999999999999911e-01
9.899999999999999911e-01
9.549424876338303836e-01
9.899999999999999911e-01
9.899999999999999911e-01
9.899999999999999911e-01
9.606170280858911115e-01
9.899999999999999911e-01
9.899999999999999911e-01
9.899999999999999911e-01
9.500821595148251086e-01
9.899999999999999911e-01
9.899999999999999911e-01
9.899999999999999911e-01
7.830856405619085470e-01
9.899999999999999911e-01
9.899999999999999911e-01
9.899999999999999911e-01
8.594252283023711136e-01
9.899999999999999911e-01
9.899999999999999911e-01
9.899999999999999911e-01
8.105404876317915397e-01
9.899999999999999911e-01
9.899999999999999911e-01
9.899999999999999911e-01
8.405315274810601922e-01
9.899999999999999911e-01
9.899999999999999911e-01
9.899999999999999911e-01
9.452630797814816077e-01
9.899999999999999911e-01
9.899999999999999911e-01
9.899999999999999911e-01
9.514352955776940179e-01
9.899999999999999911e-01
9.899999999999992140e-01
9.899999999999999911e-01
9.137009703923871795e-01
9.899999999999999911e-01
9.899999999999999911e-01
9.899999999999999911e-01
8.995115339035403279e-01
9.899999999999999911e-01
9.899999999999999911e-01
9.899999999999999911e-01
9.481360385860866380e-01
9.899999999999999911e-01
9.899999999999999911e-01
9.899999999999999911e-01
8.999713938208319108e-01
9.899999999999999911e-01
9.899999999999999911e-01
9.899999999999999911e-01
8.546597201662295973e-01
9.899999999999999911e-01
9.899999999999999911e-01
9.899999999999999911e-01
8.800818867333547457e-01
9.899999999999999911e-01
9.899999999999999911e-01
9.899999999999999911e-01
8.931438212711039215e-01
9.899999999999999911e-01
9.899999999999999911e-01
9.899999999999999911e-01
8.699027045476751541e-01
9.899999999999999911e-01
8.537101146652853467e-01
9.899999999999999911e-01
9.899999999999999911e-01
9.899999999999999911e-01
9.531507292527403585e-01
9.899999999999999911e-01
7.808183683899321270e-01
9.899999999999999911e-01
9.899999999999999911e-01
9.899999999999999911e-01
8.307495942545549683e-01
9.899999999999999911e-01
9.899999999999999911e-01
9.899999999999999911e-01
7.962116664442022707e-01
9.899999999999999911e-01
9.899999999999999911e-01
9.899999999999999911e-01
8.064424144313455667e-01
9.899999999999999911e-01
9.899999999999999911e-01
9.899999999999999911e-01
8.976675856037277246e-01
9.899999999999999911e-01
9.899999999999999911e-01
9.899999999999999911e-01
9.147392321156712081e-01
9.899999999999999911e-01
9.899999999999999911e-01
9.899999999999999911e-01
9.066148051122601137e-01
9.899999999999999911e-01
9.899999999999999911e-01
8.860947882260172825e-01
9.899999999999999911e-01
9.899999999999999911e-01
9.899999999999999911e-01
8.693901368710935662e-01
9.899999999999999911e-01
9.899999999999999911e-01
9.609925699606913785e-01
9.899999999999999911e-01
9.899999999999999911e-01
9.899999999999999911e-01
8.982126442967925950e-01
9.899999999999999911e-01
9.899999999999999911e-01
9.899999999999999911e-01
9.899999999999999911e-01
9.899999999999999911e-01
9.198304458133177430e-01
9.899999999999999911e-01
9.899999999999999911e-01
9.899999999999999911e-01
9.327528211511881828e-01
9.899999999999999911e-01
9.899999999999999911e-01
9.899999999999999911e-01
9.899999999999999911e-01
9.697006345062036958e-01
9.899999999999999911e-01
9.899999999999999911e-01
9.899999999999999911e-01
9.899999999999999911e-01
8.941212259500610493e-01
9.899999999999999911e-01
9.899999999999999911e-01
9.899999999999999911e-01
9.167134316798374316e-01
9.899999999999999911e-01
9.899999999999999911e-01
9.899999999999999911e-01
9.726369256577807043e-01
9.899999999999999911e-01
9.899999999999999911e-01
9.899999999999999911e-01
9.899999999999999911e-01
9.899999999999999911e-01
9.561463385474432419e-01
9.899999999999999911e-01
9.899999999999999911e-01
9.899999999999999911e-01
8.636272516515440811e-01
9.899999999999999911e-01
9.899999999999999911e-01
9.899999999999999911e-01
8.952199512382219559e-01
9.899999999999999911e-01
9.899999999999999911e-01
9.899999999999999911e-01
7.772479807423331444e-01
9.899999999999999911e-01
9.899999999999999911e-01
9.899999999999999911e-01
9.899999999999999911e-01
9.899999999999999911e-01
9.899999999999999911e-01
9.699167906635725034e-01
9.899999999999999911e-01
9.899999999999999911e-01
9.899999999999999911e-01
9.258483322732369292e-01
9.899999999999999911e-01
9.899999999999999911e-01
9.899999999999999911e-01
8.078420538882244983e-01
9.899999999999999911e-01
9.899999999999999911e-01
9.492504137864842262e-01
9.899999999999999911e-01
9.899999999999999911e-01
8.223186577477923365e-01
9.899999999999999911e-01
9.899999999999999911e-01
9.401304231302153314e-01
9.899999999999999911e-01
9.899999999999999911e-01
9.899999999999999911e-01
7.726593819143736663e-01
9.899999999999999911e-01
9.899999999999999911e-01
9.899999999999999911e-01
9.631041315069631681e-01
9.899999999999999911e-01
9.899999999999999911e-01
9.899999999999999911e-01
7.805773617157687472e-01
9.899999999999999911e-01
9.899999999999999911e-01
9.899999999999999911e-01
8.034669389467353762e-01
9.899999999999999911e-01
9.899999999999999911e-01
9.899999999999999911e-01
8.843207563966906104e-01
9.899999999999999911e-01
9.899999999999999911e-01
9.899999999999999911e-01
8.653539317239946627e-01
8.673883060397303835e-01
9.899999999999999911e-01
9.899999999999999911e-01
9.899999999999999911e-01
8.733849692085847716e-01
9.899999999999999911e-01
9.899999999999999911e-01
9.899999999999999911e-01
8.426280641295090801e-01
9.899999999999999911e-01
9.899999999999999911e-01
9.899999999999999911e-01
8.996646783444571804e-01
9.899999999999999911e-01
9.899999999999999911e-01
9.899999999999999911e-01
9.420162848197336514e-01
9.899999999999999911e-01
9.899999999999999911e-01
9.899999999999999911e-01
8.604361019924061660e-01
9.899999999999999911e-01
9.899999999999999911e-01
9.899999999999999911e-01
9.716008807256250046e-01
9.899999999999999911e-01
9.899999999999999911e-01
9.899999999999999911e-01
9.080018914491134741e-01
9.899999999999999911e-01
9.899999999999999911e-01
9.899999999999999911e-01
9.732856538402071545e-01
9.899999999999999911e-01
9.899999999999999911e-01
9.899999999999999911e-01
7.789750811467703873e-01
9.899999999999999911e-01
9.899999999999999911e-01
9.899999999999999911e-01
9.438289571123004151e-01
9.899999999999999911e-01
9.899999999999999911e-01
9.899999999999999911e-01
9.674769497412198938e-01
9.899999999999999911e-01
9.899999999999999911e-01
9.899999999999999911e-01
7.698761003191674224e-01
9.899999999999999911e-01
9.899999999999999911e-01
9.899999999999999911e-01
8.681107322276263583e-01
9.899999999999999911e-01
9.899999999999999911e-01
9.899999999999999911e-01
8.422090828294170883e-01
9.899999999999999911e-01
9.899999999999999911e-01
9.899999999999999911e-01
9.562282128994410435e-01
9.899999999999999911e-01
9.899999999999999911e-01
9.899999999999999911e-01
8.821155950010050040e-01
9.899999999999999911e-01
9.899999999999999911e-01
9.899999999999999911e-01
8.207248745670929768e-01
9.899999999999999911e-01
9.899999999999999911e-01
9.899999999999999911e-01
9.001498811929438126e-01
9.899999999999999911e-01
9.899999999999999911e-01
9.899999999999999911e-01
8.965961170306124828e-01
9.899999999999999911e-01
9.899999999999999911e-01
9.899999999999999911e-01
8.969402634700541777e-01
9.899999999999999911e-01
9.899999999999999911e-01
9.899999999999999911e-01
9.137536945635857943e-01
9.899999999999999911e-01
9.899999999999999911e-01
9.899999999999999911e-01
9.899999999999999911e-01
9.899999999999999911e-01
9.899999999999999911e-01
9.899999999999999911e-01
9.003051455565883598e-01
9.899999999999999911e-01
9.899999999999999911e-01
9.899999999999999911e-01
9.125697510484859221e-01
9.899999999999999911e-01
9.899999999999999911e-01
9.899999999999999911e-01
9.741223550874436032e-01
9.899999999999999911e-01
9.899999999999999911e-01
9.899999999999999911e-01
8.304358172649913827e-01
9.899999999999999911e-01
9.899999999999999911e-01
9.899999999999999911e-01
9.899999999999999911e-01
7.647188265230918658e-01
9.899999999999999911e-01
9.899999999999999911e-01
9.899999999999999911e-01
8.119622997844038181e-01
9.899999999999999911e-01
9.899999999999999911e-01
9.899999999999999911e-01
9.724174669639072954e-01
9.899999999999999911e-01
9.899999999999999911e-01
9.899999999999999911e-01
9.584759412214497454e-01
9.899999999999999911e-01
9.899999999999999911e-01
8.197170686233542503e-01
9.899999999999999911e-01
9.899999999999999911e-01
9.899999999999999911e-01
9.496862917012789396e-01
9.899999999999999911e-01
9.899999999999999911e-01
9.899999999999999911e-01
7.837135658096714419e-01
9.899999999999999911e-01
9.899999999999999911e-01
9.899999999999999911e-01
9.582724201523719065e-01
9.899999999999999911e-01
9.899999999999999911e-01
8.671793644064633710e-01
9.899999999999999911e-01
9.899999999999999911e-01
9.899999999999999911e-01
8.754188487320575529e-01
9.899999999999999911e-01
9.899999999999999911e-01
9.899999999999999911e-01
8.052212243458201080e-01
9.899999999999999911e-01
9.574318241021210207e-01
9.899999999999999911e-01
9.899999999999999911e-01
9.899999999999999911e-01
8.146332053043607857e-01
9.899999999999999911e-01
9.899999999999999911e-01
9.899999999999999911e-01
9.089321875025524466e-01
9.704961141452124185e-01
9.899999999999999911e-01
9.899999999999999911e-01
9.718431390362154421e-01
9.899999999999999911e-01
9.899999999999999911e-01
9.899999999999999911e-01
8.630522262279786139e-01
9.899999999999999911e-01
9.899999999999999911e-01
9.899999999999999911e-01
9.232888771135658867e-01
9.899999999999999911e-01
9.899999999999999911e-01
9.899999999999999911e-01
8.042393935369827052e-01
9.899999999999999911e-01
9.899999999999999911e-01
9.899999999999999911e-01
9.470821626082176481e-01
9.899999999999999911e-01
9.899999999999999911e-01
9.899999999999999911e-01
9.245766436823744661e-01
9.899999999999999911e-01
9.899999999999999911e-01
9.899999999999999911e-01
8.086273951668484505e-01
9.899999999999999911e-01
9.899999999999999911e-01
9.899999999999999911e-01
8.388876467624686306e-01
9.899999999999999911e-01
9.899999999999999911e-01
9.899999999999999911e-01
9.899999999999999911e-01
9.899999999999999911e-01
9.413453711498939169e-01
9.899999999999999911e-01
9.899999999999999911e-01
9.899999999999999911e-01
9.071511496704955935e-01
9.899999999999999911e-01
9.899999999999999911e-01
9.490602625993644903e-01
9.899999999999999911e-01
9.899999999999999911e-01
9.899999999999999911e-01
8.971663304006359807e-01
9.899999999999999911e-01
8.229686691590983871e-01
9.899999999999999911e-01
9.899999999999999911e-01
9.899999999999999911e-01
9.785829929730219812e-01
9.899999999999999911e-01
9.899999999999997691e-01
9.899999999999999911e-01
9.198432228131238064e-01
9.899999999999999911e-01
9.899999999999999911e-01
9.899999999999999911e-01
8.311193863340100574e-01
9.899999999999999911e-01
9.899999999999999911e-01
9.899999999999999911e-01
7.956214567860330211e-01
9.899999999999999911e-01
9.899999999999999911e-01
9.899999999999999911e-01
9.304910255067425640e-01
9.899999999999999911e-01
9.899999999999999911e-01
9.899999999999999911e-01
8.389949785263698390e-01
9.899999999999999911e-01
9.899999999999999911e-01
9.899999999999999911e-01
9.476180634723428975e-01
9.899999999999999911e-01
9.899999999999999911e-01
9.899999999999999911e-01
8.612950001656159982e-01
9.899999999999999911e-01
9.899999999999999911e-01
9.899999999999999911e-01
8.067364626178914477e-01
9.899999999999999911e-01
9.899999999999999911e-01
9.899999999999999911e-01
9.691330046604174075e-01
9.899999999999999911e-01
9.899999999999999911e-01
9.899999999999999911e-01
7.998979142268437537e-01
9.899999999999999911e-01
9.899999999999999911e-01
9.899999999999999911e-01
9.794239924643231010e-01
9.899999999999999911e-01
9.899999999999999911e-01
9.899999999999999911e-01
8.521943996788358122e-01
9.899999999999999911e-01
9.899999999999999911e-01
9.899999999999999911e-01
9.180667832351178115e-01
9.899999999999999911e-01
9.899999999999999911e-01
9.899999999999999911e-01
7.782996345959419804e-01
9.899999999999999911e-01
9.899999999999999911e-01
9.899999999999999911e-01
9.684400933452852467e-01
9.899999999999999911e-01
9.899999999999999911e-01
9.899999999999999911e-01
8.294307425718910887e-01
9.899999999999999911e-01
9.899999999999999911e-01
9.899999999999999911e-01
8.717299799014864847e-01
9.899999999999999911e-01
9.899999999999999911e-01
9.899999999999999911e-01
8.590382974853274511e-01
9.899999999999999911e-01
9.899999999999999911e-01
9.899999999999999911e-01
7.932159894604066119e-01
9.899999999999999911e-01
9.899999999999999911e-01
9.899999999999999911e-01
8.544633499940894605e-01
9.899999999999999911e-01
9.899999999999999911e-01
9.899999999999999911e-01
7.880409754392423416e-01
9.899999999999999911e-01
9.899999999999999911e-01
9.899999999999999911e-01
8.538089645251872861e-01
9.899999999999999911e-01
9.899999999999999911e-01
9.899999999999999911e-01
9.361998139022372767e-01
9.899999999999999911e-01
9.899999999999999911e-01
7.813885540837817167e-01
9.899999999999999911e-01
9.899999999999999911e-01
9.899999999999999911e-01
7.737079810952510739e-01
8.570193964183687729e-01
9.899999999999999911e-01
9.899999999999999911e-01
9.899999999999999911e-01
9.165224224242853879e-01
9.899999999999999911e-01
9.899999999999999911e-01
9.899999999999999911e-01
8.255336929176101401e-01
9.899999999999999911e-01
9.899999999999999911e-01
9.899999999999999911e-01
8.005195743761818195e-01
9.899999999999999911e-01
9.899999999999999911e-01
9.899999999999999911e-01
7.951497737765359508e-01
9.899999999999999911e-01
9.899999999999999911e-01
9.899999999999999911e-01
8.941873231861736659e-01
9.899999999999999911e-01
9.899999999999999911e-01
9.899999999999999911e-01
7.638545693599647635e-01
9.899999999999999911e-01
9.899999999999999911e-01
9.899999999999999911e-01
8.444657906959895932e-01
9.899999999999999911e-01
9.899999999999999911e-01
9.899999999999999911e-01
8.403635129578996832e-01
9.899999999999999911e-01
9.899999999999999911e-01
9.899999999999999911e-01
9.522552322010290338e-01
9.899999999999999911e-01
9.899999999999999911e-01
9.899999999999999911e-01
8.649613422291836384e-01
9.899999999999999911e-01
9.899999999999999911e-01
9.899999999999999911e-01
9.480036178303850036e-01
9.899999999999999911e-01
9.899999999999999911e-01
8.959858382001887334e-01
9.899999999999999911e-01
9.899999999999999911e-01
9.899999999999999911e-01
8.574116183308262418e-01
9.899999999999999911e-01
9.899999999999999911e-01
9.004544636650055889e-01
9.899999999999999911e-01
9.899999999999999911e-01
9.899999999999999911e-01
8.704763229773588851e-01
9.899999999999999911e-01
9.899999999999999911e-01
9.899999999999999911e-01
7.778931998132627701e-01
9.899999999999999911e-01
9.899999999999999911e-01
9.899999999999999911e-01
8.531065703086233576e-01
9.899999999999999911e-01
9.228048188087173420e-01
9.899999999999999911e-01
9.899999999999999911e-01
9.899999999999999911e-01
8.041423740710201828e-01
9.899999999999999911e-01
9.899999999999999911e-01
9.899999999999999911e-01
7.742216198038334163e-01
9.899999999999999911e-01
9.899999999999999911e-01
9.899999999999999911e-01
8.331381050018578094e-01
9.899999999999999911e-01
9.899999999999999911e-01
9.899999999999999911e-01
8.308247027257511519e-01
9.899999999999999911e-01
9.899999999999999911e-01
8.886648400971595141e-01
9.899999999999999911e-01
9.899999999999999911e-01
9.448781338966862897e-01
9.899999999999999911e-01
9.899999999999999911e-01
9.899999999999999911e-01
8.643082601767793083e-01
9.899999999999999911e-01
9.899999999999999911e-01
9.899999999999999911e-01
8.106742168353342493e-01
9.899999999999999911e-01
9.899999999999999911e-01
9.899999999999999911e-01
9.091142408406222009e-01
9.899999999999999911e-01
9.899999999999999911e-01
9.899999999999999911e-01
9.578984635774598910e-01
9.899999999999999911e-01
9.899999999999999911e-01
8.092457883508081817e-01
9.899999999999999911e-01
9.899999999999999911e-01
9.899999999999999911e-01
8.579358428650355473e-01
9.899999999999999911e-01
9.899999999999999911e-01
9.899999999999999911e-01
8.662903224917586353e-01
9.899999999999999911e-01
9.899999999999999911e-01
9.899999999999999911e-01
8.062146315490200665e-01
9.899999999999999911e-01
9.899999999999999911e-01
9.899999999999999911e-01
9.024570701751370994e-01
9.899999999999999911e-01
9.899999999999999911e-01
9.899999999999999911e-01
8.006868367648573015e-01
9.899999999999999911e-01
9.899999999999999911e-01
9.899999999999999911e-01
9.408097142588016659e-01
9.899999999999999911e-01
9.899999999999999911e-01
9.899999999999999911e-01
8.237959172457387513e-01
9.899999999999999911e-01
9.899999999999999911e-01
9.899999999999999911e-01
8.777851408151904344e-01
9.899999999999999911e-01
9.899999999999999911e-01
9.899999999999999911e-01
9.079656434458353020e-01
9.899999999999999911e-01
9.899999999999999911e-01
9.899999999999999911e-01
8.032435443454748469e-01
9.899999999999999911e-01
9.899999999999999911e-01
9.899999999999999911e-01
9.024454213679119485e-01
9.899999999999999911e-01
8.431876416737696944e-01
9.899999999999999911e-01
9.899999999999999911e-01
9.899999999999999911e-01
9.274782451100652692e-01
9.899999999999999911e-01
9.899999999999999911e-01
9.899999999999999911e-01
8.304664485790151929e-01
9.899999999999999911e-01
9.899999999999999911e-01
7.776064094856232067e-01
9.899999999999999911e-01
9.899999999999999911e-01
9.899999999999999911e-01
7.742031277347141138e-01
9.899999999999999911e-01
9.899999999999999911e-01
9.899999999999999911e-01
8.657769851146716045e-01
9.899999999999999911e-01
9.899999999999999911e-01
9.358747649904262111e-01
9.899999999999999911e-01
9.899999999999999911e-01
9.899999999999999911e-01
9.343646134224946609e-01
9.899999999999999911e-01
9.899999999999999911e-01
8.071817580289405436e-01
9.899999999999999911e-01
9.899999999999999911e-01
9.899999999999999911e-01
9.774096263315986688e-01
9.899999999999999911e-01
9.899999999999999911e-01
9.899999999999999911e-01
8.046672468035056536e-01
9.899999999999999911e-01
9.899999999999999911e-01
9.899999999999999911e-01
8.504370240747880505e-01
9.899999999999999911e-01
9.899999999999999911e-01
9.899999999999999911e-01
9.538750133493040240e-01
9.899999999999999911e-01
9.899999999999999911e-01
9.899999999999999911e-01
8.912746710315766485e-01
9.899999999999999911e-01
9.899999999999999911e-01
8.961762425913695207e-01
9.899999999999999911e-01
9.899999999999999911e-01
9.899999999999999911e-01
8.822590822927870446e-01
9.899999999999999911e-01
9.899999999999999911e-01
9.899999999999999911e-01
7.982287072587351817e-01
9.899999999999999911e-01
9.899999999999999911e-01
9.899999999999999911e-01
8.683934424200598912e-01
9.899999999999999911e-01
7.838267889050716253e-01
9.899999999999999911e-01
9.899999999999999911e-01
8.682534825090815200e-01
9.899999999999999911e-01
9.899999999999999911e-01
9.899999999999999911e-01
9.531480646272554313e-01
9.899999999999999911e-01
9.899999999999999911e-01
9.899999999999999911e-01
9.182741313416737938e-01
9.899999999999999911e-01
9.899999999999999911e-01
8.202611290208268180e-01
9.899999999999999911e-01
9.899999999999999911e-01
9.899999999999999911e-01
9.531561022490077084e-01
9.899999999999999911e-01
9.899999999999999911e-01
9.899999999999999911e-01
8.349543632171867458e-01
9.899999999999999911e-01
9.899999999999999911e-01
9.624144764394158003e-01
9.899999999999999911e-01
9.899999999999999911e-01
9.899999999999999911e-01
8.057256084479945679e-01
9.899999999999999911e-01
9.899999999999999911e-01
9.488722209559888876e-01
9.899999999999999911e-01
9.899999999999999911e-01
9.899999999999999911e-01
8.729877283879922123e-01
9.899999999999999911e-01
9.899999999999999911e-01
9.899999999999999911e-01
9.468094806414840692e-01
9.899999999999999911e-01
9.899999999999999911e-01
9.899999999999999911e-01
8.882994396304995099e-01
9.899999999999999911e-01
9.899999999999999911e-01
9.899999999999999911e-01
8.470201815792215427e-01
9.899999999999999911e-01
9.899999999999999911e-01
9.899999999999999911e-01
9.496936855140499789e-01
9.899999999999999911e-01
9.899999999999999911e-01
9.899999999999999911e-01
8.672827966502767438e-01
9.899999999999999911e-01
9.899999999999999911e-01
9.684368782731895831e-01
9.899999999999999911e-01
9.899999999999999911e-01
9.899999999999999911e-01
9.119323969986969924e-01
9.899999999999999911e-01
9.261274337948279811e-01
9.899999999999999911e-01
9.899999999999999911e-01
9.899999999999999911e-01
8.069477908449073089e-01
9.899999999999999911e-01
9.899999999999999911e-01
9.899999999999999911e-01
9.547871785079390383e-01
9.899999999999999911e-01
9.899999999999999911e-01
9.899999999999999911e-01
9.150938670199743052e-01
9.899999999999999911e-01
9.899999999999999911e-01
8.033860131320086362e-01
9.899999999999999911e-01
9.899999999999999911e-01
9.899999999999999911e-01
9.470884197970785845e-01
9.899999999999999911e-01
9.899999999999999911e-01
9.899999999999999911e-01
9.522437808739845355e-01
9.899999999999999911e-01
9.899999999999999911e-01
9.899999999999999911e-01
8.925724506536246716e-01
9.899999999999999911e-01
9.899999999999999911e-01
9.899999999999999911e-01
8.000212852333415947e-01
9.899999999999999911e-01
9.899999999999999911e-01
9.899999999999999911e-01
8.120982791786924837e-01
9.899999999999999911e-01
9.899999999999999911e-01
9.899999999999999911e-01
8.203526992969687459e-01
9.899999999999999911e-01
9.899999999999999911e-01
7.909239194848495247e-01
9.899999999999999911e-01
9.899999999999999911e-01
9.899999999999999911e-01
9.318538882009926860e-01
9.899999999999999911e-01
9.899999999999999911e-01
7.753018047297187687e-01
9.899999999999999911e-01
9.899999999999999911e-01
9.899999999999999911e-01
9.514995223164407490e-01
9.899999999999999911e-01
7.871082607048590640e-01
9.899999999999999911e-01
9.899999999999999911e-01
7.811263325066550856e-01
9.899999999999999911e-01
9.899999999999999911e-01
9.391609167458876417e-01
9.899999999999999911e-01
9.899999999999999911e-01
9.510683771064044612e-01
9.899999999999999911e-01
9.899999999999999911e-01
9.899999999999999911e-01
9.691533309202777779e-01
9.899999999999999911e-01
9.899999999999999911e-01
8.242204359330034258e-01
9.899999999999999911e-01
9.899999999999999911e-01
9.899999999999999911e-01
8.463734107348058755e-01
9.899999999999999911e-01
9.899999999999999911e-01
9.899999999999999911e-01
8.836720958906335577e-01
9.899999999999999911e-01
9.899999999999999911e-01
9.899999999999999911e-01
9.650410609534820772e-01
9.899999999999999911e-01
9.899999999999999911e-01
9.094154736249762117e-01
9.899999999999999911e-01
9.899999999999999911e-01
9.899999999999999911e-01
9.131517001669061662e-01
9.899999999999999911e-01
9.899999999999999911e-01
9.339276606708898365e-01
9.899999999999999911e-01
9.899999999999999911e-01
9.899999999999999911e-01
9.688771168909018350e-01
9.899999999999999911e-01
9.899999999999999911e-01
9.899999999999999911e-01
9.899999999999999911e-01
9.899999999999999911e-01
9.282931227723008050e-01
9.899999999999999911e-01
9.899999999999999911e-01
8.132995343431149715e-01
9.899999999999999911e-01
9.899999999999999911e-01
9.899999999999999911e-01
8.597483117923053753e-01
9.899999999999999911e-01
9.899999999999999911e-01
9.899999999999999911e-01
8.538057455518442973e-01
9.899999999999999911e-01
7.642041051353891667e-01
9.899999999999999911e-01
9.899999999999999911e-01
9.156830230569409368e-01
9.899999999999999911e-01
9.899999999999999911e-01
9.899999999999999911e-01
8.956345944272776638e-01
9.899999999999999911e-01
9.899999999999999911e-01
9.899999999999999911e-01
8.500851867106615778e-01
9.899999999999999911e-01
9.899999999999999911e-01
8.463614739261875464e-01
9.899999999999999911e-01
9.899999999999999911e-01
9.899999999999999911e-01
8.997187915824413906e-01
9.899999999999999911e-01
9.899999999999999911e-01
9.899999999999999911e-01
9.608471015902655399e-01
9.899999999999999911e-01
9.899999999999999911e-01
9.899999999999999911e-01
8.740469225366551687e-01
9.899999999999999911e-01
9.899999999999999911e-01
9.899999999999999911e-01
8.789765519862725585e-01
9.899999999999999911e-01
9.899999999999999911e-01
9.899999999999999911e-01
9.011312419575080446e-01
9.899999999999999911e-01
9.899999999999999911e-01
9.899999999999999911e-01
8.260441615885445454e-01
9.899999999999999911e-01
9.899999999999999911e-01
9.899999999999999911e-01
8.397797821377469552e-01
9.899999999999999911e-01
9.899999999999999911e-01
9.899999999999999911e-01
9.146628148641214873e-01
9.899999999999999911e-01
9.899999999999999911e-01
9.899999999999999911e-01
8.479462488781553953e-01
9.899999999999999911e-01
9.899999999999999911e-01
9.899999999999999911e-01
8.554026887430927761e-01
9.899999999999999911e-01
9.899999999999999911e-01
9.082148423075051547e-01
9.899999999999999911e-01
9.899999999999999911e-01
9.899999999999999911e-01
