9.441339358123209680e-01
9.899999999999999911e-01
9.899999999999999911e-01
9.899999999999998801e-01
7.891828481518089466e-01
9.899999999999999911e-01
9.899999999999999911e-01
9.899999999999999911e-01
9.039750337538013936e-01
9.899999999999999911e-01
9.899999999999999911e-01
9.899999999999999911e-01
8.691242935695030480e-01
9.899999999999999911e-01
9.899999999999999911e-01
9.899999999999999911e-01
9.459360015286711887e-01
9.899999999999999911e-01
9.899999999999999911e-01
9.899999999999999911e-01
8.762457608143433552e-01
9.899999999999999911e-01
9.899999999999999911e-01
9.899999999999999911e-01
9.597610864302824618e-01
9.899999999999999911e-01
9.899999999999999911e-01
9.899999999999999911e-01
9.319809703643893162e-01
9.899999999999999911e-01
9.899999999999999911e-01
9.899999999999999911e-01
9.426140035000142303e-01
9.899999999999999911e-01
9.899999999999999911e-01
9.899999999999999911e-01
9.586265443649717444e-01
9.899999999999999911e-01
9.899999999999999911e-01
9.899999999999999911e-01
9.443613463215306814e-01
9.899999999999999911e-01
9.899999999999999911e-01
9.899999999999999911e-01
9.517762209651725591e-01
9.899999999999999911e-01
9.899999999999999911e-01
9.899999999999999911e-01
9.570032190439803355e-01
9.899999999999999911e-01
9.899999999999999911e-01
9.899999999999999911e-01
9.462810433670993948e-01
9.899999999999999911e-01
9.899999999999999911e-01
9.899999999999999911e-01
7.794951154239833091e-01
9.899999999999999911e-01
9.899999999999999911e-01
9.899999999999999911e-01
8.555362938099335679e-01
9.899999999999999911e-01
9.899999999999999911e-01
9.899999999999999911e-01
8.068514975484091245e-01
9.899999999999999911e-01
9.899999999999999911e-01
9.899999999999999911e-01
8.369162640368905670e-01
9.899999999999999911e-01
9.899999999999999911e-01
9.899999999999999911e-01
9.415970692905551997e-01
9.899999999999999911e-01
9.899999999999999911e-01
9.899999999999999911e-01
9.491173975005462449e-01
9.899999999999999911e-01
9.899999999999998801e-01
9.899999999999999911e-01
9.109575300689456423e-01
9.899999999999999911e-01
9.899999999999999911e-01
9.899999999999999911e-01
8.958904747188495277e-01
9.899999999999999911e-01
9.899999999999999911e-01
9.899999999999999911e-01
9.445063473881779581e-01
9.899999999999999911e-01
9.899999999999999911e-01
9.899999999999999911e-01
8.962813110562246610e-01
9.899999999999999911e-01
9.899999999999999911e-01
9.899999999999999911e-01
8.506451998839378303e-01
9.899999999999999911e-01
9.899999999999999911e-01
9.899999999999999911e-01
8.761258046249499332e-01
9.899999999999999911e-01
9.899999999999999911e-01
9.899999999999999911e-01
8.893788462374356829e-01
9.899999999999999911e-01
9.899999999999999911e-01
9.899999999999999911e-01
8.663537559708605063e-01
9.899999999999999911e-01
8.497607358762498952e-01
9.899999999999999911e-01
9.899999999999999911e-01
9.899999999999999911e-01
9.499962742712687591e-01
9.899999999999999911e-01
7.771670202884520817e-01
9.899999999999999911e-01
9.899999999999999911e-01
9.899999999999999911e-01
8.269770854835352125e-01
9.899999999999999911e-01
9.899999999999999911e-01
9.899999999999999911e-01
7.921602176729466427e-01
9.899999999999999911e-01
9.899999999999999911e-01
9.899999999999999911e-01
8.025540161715551957e-01
9.899999999999999911e-01
9.899999999999999911e-01
9.899999999999999911e-01
8.936369099972409913e-01
9.899999999999999911e-01
9.899999999999999911e-01
9.899999999999999911e-01
9.111108377954220128e-01
9.899999999999999911e-01
9.899999999999999911e-01
9.899999999999999911e-01
9.047592872123101371e-01
9.899999999999999911e-01
9.899999999999999911e-01
8.837010969256361426e-01
9.899999999999999911e-01
9.899999999999999911e-01
9.899999999999999911e-01
8.670142820390581706e-01
9.899999999999999911e-01
9.899999999999999911e-01
9.599506688425537559e-01
9.899999999999999911e-01
9.899999999999999911e-01
9.899999999999999911e-01
8.953590760452193598e-01
9.899999999999999911e-01
9.899999999999999911e-01
9.899999999999999911e-01
9.899999999999999911e-01
9.899999999999999911e-01
9.172605454802718050e-01
9.899999999999999911e-01
9.899999999999999911e-01
9.899999999999999911e-01
9.298094667922007783e-01
9.899999999999999911e-01
9.899999999999999911e-01
9.899999999999999911e-01
9.899999999999999911e-01
9.663184112062812581e-01
9.899999999999999911e-01
9.899999999999999911e-01
9.899999999999999911e-01
9.899999999999999911e-01
8.912502080198204668e-01
9.899999999999999911e-01
9.899999999999999911e-01
9.899999999999999911e-01
9.142517792158060264e-01
9.899999999999999911e-01
9.899999999999999911e-01
9.899999999999999911e-01
9.695560017709388134e-01
9.899999999999999911e-01
9.899999999999999911e-01
9.899999999999999911e-01
9.899999999999999911e-01
9.899999999999999911e-01
9.529888035777883681e-01
9.899999999999999911e-01
9.899999999999999911e-01
9.899999999999999911e-01
8.606309483676453098e-01
9.899999999999999911e-01
9.899999999999999911e-01
9.899999999999999911e-01
8.911729573042335151e-01
9.899999999999999911e-01
9.899999999999999911e-01
9.899999999999999911e-01
7.733013076935473240e-01
9.899999999999999911e-01
9.899999999999999911e-01
9.899999999999999911e-01
9.899999999999999911e-01
9.899999999999999911e-01
9.899999999999999911e-01
9.690786570516746190e-01
9.899999999999999911e-01
9.899999999999999911e-01
9.899999999999999911e-01
9.221810850317124775e-01
9.899999999999999911e-01
9.899999999999999911e-01
9.899999999999999911e-01
8.045354921966820783e-01
9.899999999999999911e-01
9.899999999999999911e-01
9.463510192885584704e-01
9.899999999999999911e-01
9.899999999999999911e-01
8.188908095229303630e-01
9.899999999999999911e-01
9.899999999999999911e-01
9.371185951308149686e-01
9.899999999999999911e-01
9.899999999999999911e-01
9.899999999999999911e-01
7.688628054632112852e-01
9.899999999999999911e-01
9.899999999999999911e-01
9.899999999999999911e-01
9.605789553466640429e-01
9.899999999999999911e-01
9.899999999999999911e-01
9.899999999999999911e-01
7.767780321428812140e-01
9.899999999999999911e-01
9.899999999999999911e-01
9.899999999999999911e-01
7.994389236180254876e-01
9.899999999999999911e-01
9.899999999999999911e-01
9.899999999999999911e-01
8.802825568187834238e-01
9.899999999999999911e-01
9.899999999999999911e-01
9.899999999999999911e-01
8.624351669686484145e-01
8.633855560989200928e-01
9.899999999999999911e-01
9.899999999999999911e-01
9.899999999999999911e-01
8.696041798275097046e-01
9.899999999999999911e-01
9.899999999999999911e-01
9.899999999999999911e-01
8.390342962664283366e-01
9.899999999999999911e-01
9.899999999999999911e-01
9.899999999999999911e-01
8.960591474597208173e-01
9.899999999999999911e-01
9.899999999999999911e-01
9.899999999999999911e-01
9.383240634486664788e-01
9.899999999999999911e-01
9.899999999999999911e-01
9.899999999999999911e-01
8.567914894083834554e-01
9.899999999999999911e-01
9.899999999999999911e-01
9.899999999999999911e-01
9.679917719048758418e-01
9.899999999999999911e-01
9.899999999999999911e-01
9.899999999999999911e-01
9.057494624218519474e-01
9.899999999999999911e-01
9.899999999999999911e-01
9.899999999999999911e-01
9.694507652523428609e-01
9.899999999999999911e-01
9.899999999999999911e-01
9.899999999999999911e-01
7.752033536125269020e-01
9.899999999999999911e-01
9.899999999999999911e-01
9.899999999999999911e-01
9.401642266324383712e-01
9.899999999999999911e-01
9.899999999999999911e-01
9.899999999999999911e-01
9.635098079402419913e-01
9.899999999999999911e-01
9.899999999999999911e-01
9.899999999999999911e-01
7.658316888268454914e-01
9.899999999999999911e-01
9.899999999999999911e-01
9.899999999999999911e-01
8.641463942556710798e-01
9.899999999999999911e-01
9.899999999999999911e-01
9.899999999999999911e-01
8.385860860960926422e-01
9.899999999999999911e-01
9.899999999999999911e-01
9.899999999999999911e-01
9.525759174838808185e-01
9.899999999999999911e-01
9.899999999999999911e-01
9.899999999999999911e-01
8.783501531670148132e-01
9.899999999999999911e-01
9.899999999999999911e-01
9.899999999999999911e-01
8.167830645802495182e-01
9.899999999999999911e-01
9.899999999999999911e-01
9.899999999999999911e-01
8.964296411275340937e-01
9.899999999999999911e-01
9.899999999999999911e-01
9.899999999999999911e-01
8.930067244075188260e-01
9.899999999999999911e-01
9.899999999999999911e-01
9.899999999999999911e-01
8.929223382267519327e-01
9.899999999999999911e-01
9.899999999999999911e-01
9.899999999999999911e-01
9.097071226786007658e-01
9.899999999999999911e-01
9.899999999999999911e-01
9.899999999999999911e-01
9.899999999999999911e-01
9.899999999999999911e-01
9.899999999999999911e-01
9.899999999999999911e-01
8.976791938935675397e-01
9.899999999999999911e-01
9.899999999999999911e-01
9.899999999999999911e-01
9.085409839506577434e-01
9.899999999999999911e-01
9.899999999999999911e-01
9.899999999999999911e-01
9.735991247878683641e-01
9.899999999999999911e-01
9.899999999999999911e-01
9.899999999999999911e-01
8.274194325749023582e-01
9.899999999999999911e-01
9.899999999999999911e-01
9.899999999999999911e-01
9.899999999999999911e-01
7.607606929747868785e-01
9.899999999999999911e-01
9.899999999999999911e-01
9.899999999999999911e-01
8.084893015756748902e-01
9.899999999999999911e-01
9.899999999999999911e-01
9.899999999999999911e-01
9.688360119218174527e-01
9.899999999999999911e-01
9.899999999999999911e-01
9.899999999999999911e-01
9.545465538894107871e-01
9.899999999999999911e-01
9.899999999999999911e-01
8.156738802276303213e-01
9.899999999999999911e-01
9.899999999999999911e-01
9.899999999999999911e-01
9.458133942379662873e-01
9.899999999999999911e-01
9.899999999999999911e-01
9.899999999999999911e-01
7.801038717219819230e-01
9.899999999999999911e-01
9.899999999999999911e-01
9.899999999999999911e-01
9.549439046162542244e-01
9.899999999999999911e-01
9.899999999999999911e-01
8.631438496640707614e-01
9.899999999999999911e-01
9.899999999999999911e-01
9.899999999999999911e-01
8.717832202889757021e-01
9.899999999999999911e-01
9.899999999999999911e-01
9.899999999999999911e-01
8.017412658207747622e-01
9.899999999999999911e-01
9.556751909098233355e-01
9.899999999999999911e-01
9.899999999999999911e-01
9.899999999999999911e-01
8.110375017515840668e-01
9.899999999999999911e-01
9.899999999999999911e-01
9.899999999999999911e-01
9.052693259539996706e-01
9.665886456550748518e-01
9.899999999999999911e-01
9.899999999999999911e-01
9.681861407733975966e-01
9.899999999999999911e-01
9.899999999999999911e-01
9.899999999999999911e-01
8.593654368636671759e-01
9.899999999999999911e-01
9.899999999999999911e-01
9.899999999999999911e-01
9.196891871791290640e-01
9.899999999999999911e-01
9.899999999999999911e-01
9.899999999999999911e-01
8.002024834568792766e-01
9.899999999999999911e-01
9.899999999999999911e-01
9.899999999999999911e-01
9.433252715343539707e-01
9.899999999999999911e-01
9.899999999999999911e-01
9.899999999999999911e-01
9.209804264002212637e-01
9.899999999999999911e-01
9.899999999999999911e-01
9.899999999999999911e-01
8.046584570175635553e-01
9.899999999999999911e-01
9.899999999999999911e-01
9.899999999999999911e-01
8.351247329156015198e-01
9.899999999999999911e-01
9.899999999999999911e-01
9.899999999999999911e-01
9.899999999999999911e-01
9.899999999999999911e-01
9.384539944731442596e-01
9.899999999999999911e-01
9.899999999999999911e-01
9.899999999999999911e-01
9.039826876159174907e-01
9.899999999999999911e-01
9.899999999999999911e-01
9.452516086033845299e-01
9.899999999999999911e-01
9.899999999999999911e-01
9.899999999999999911e-01
8.941432766396151255e-01
9.899999999999999911e-01
8.189800960950235353e-01
9.899999999999999911e-01
9.899999999999999911e-01
9.899999999999999911e-01
9.781458299412938429e-01
9.899999999999999911e-01
9.899999999999999911e-01
9.899999999999999911e-01
9.159409900621315881e-01
9.899999999999999911e-01
9.899999999999999911e-01
9.899999999999999911e-01
8.271258912950644193e-01
9.899999999999999911e-01
9.899999999999999911e-01
9.899999999999999911e-01
7.915700392874900349e-01
9.899999999999999911e-01
9.899999999999999911e-01
9.899999999999999911e-01
9.273887362251950206e-01
9.899999999999999911e-01
9.899999999999999911e-01
9.899999999999999911e-01
8.349558668359010616e-01
9.899999999999999911e-01
9.899999999999999911e-01
9.899999999999999911e-01
9.437008472853641861e-01
9.899999999999999911e-01
9.899999999999999911e-01
9.899999999999999911e-01
8.573358314791772461e-01
9.899999999999999911e-01
9.899999999999999911e-01
9.899999999999999911e-01
8.032193736977142340e-01
9.899999999999999911e-01
9.899999999999999911e-01
9.899999999999999911e-01
9.655452010704831389e-01
9.899999999999999911e-01
9.899999999999999911e-01
9.899999999999999911e-01
7.958787148746406803e-01
9.899999999999999911e-01
9.899999999999999911e-01
9.899999999999999911e-01
9.790724426677213099e-01
9.899999999999999911e-01
9.899999999999999911e-01
9.899999999999999911e-01
8.489386624187662544e-01
9.899999999999999911e-01
9.899999999999999911e-01
9.899999999999999911e-01
9.153651151822195242e-01
9.899999999999999911e-01
9.899999999999999911e-01
9.899999999999999911e-01
7.744896028739368665e-01
9.899999999999999911e-01
9.899999999999999911e-01
9.899999999999999911e-01
9.644650895811410773e-01
9.899999999999999911e-01
9.899999999999999911e-01
9.899999999999999911e-01
8.261791188156718535e-01
9.899999999999999911e-01
9.899999999999999911e-01
9.899999999999999911e-01
8.677744139738197138e-01
9.899999999999999911e-01
9.899999999999999911e-01
9.899999999999999911e-01
8.550048907523124520e-01
9.899999999999999911e-01
9.899999999999999911e-01
9.899999999999999911e-01
7.895062189376130801e-01
9.899999999999999911e-01
9.899999999999999911e-01
9.899999999999999911e-01
8.504560307360956584e-01
9.899999999999999911e-01
9.899999999999999911e-01
9.899999999999999911e-01
7.839930869271175551e-01
9.899999999999999911e-01
9.899999999999999911e-01
9.899999999999999911e-01
8.499724305911738886e-01
9.899999999999999911e-01
9.899999999999999911e-01
9.899999999999999911e-01
9.329914114706728823e-01
9.899999999999999911e-01
9.899999999999999911e-01
7.773840940734638716e-01
9.899999999999999911e-01
9.899999999999999911e-01
9.899999999999999911e-01
7.699309700390524203e-01
8.530276819036104463e-01
9.899999999999999911e-01
9.899999999999999911e-01
9.899999999999999911e-01
9.148822128864431136e-01
9.899999999999999911e-01
9.899999999999999911e-01
9.899999999999999911e-01
8.216234087832421373e-01
9.899999999999999911e-01
9.899999999999999911e-01
9.899999999999999911e-01
7.969406777855807533e-01
9.899999999999999911e-01
9.899999999999999911e-01
9.899999999999999911e-01
7.915106917175643853e-01
9.899999999999999911e-01
9.899999999999999911e-01
9.899999999999999911e-01
8.901393453091313024e-01
9.899999999999999911e-01
9.899999999999999911e-01
9.899999999999999911e-01
7.599062079156566618e-01
9.899999999999999911e-01
9.899999999999999911e-01
9.899999999999999911e-01
8.404296342597096237e-01
9.899999999999999911e-01
9.899999999999999911e-01
9.899999999999999911e-01
8.363446419600443216e-01
9.899999999999999911e-01
9.899999999999999911e-01
9.899999999999999911e-01
9.488578330808343786e-01
9.899999999999999911e-01
9.899999999999999911e-01
9.899999999999999911e-01
8.618213158963540232e-01
9.899999999999999911e-01
9.899999999999999911e-01
9.899999999999999911e-01
9.459555805067455525e-01
9.899999999999999911e-01
9.899999999999999911e-01
8.924216045535090513e-01
9.899999999999999911e-01
9.899999999999999911e-01
9.899999999999999911e-01
8.547675583517923004e-01
9.899999999999999911e-01
9.899999999999999911e-01
8.973670400750239917e-01
9.899999999999999911e-01
9.899999999999999911e-01
9.899999999999999911e-01
8.667570686082410880e-01
9.899999999999999911e-01
9.899999999999999911e-01
9.899999999999999911e-01
7.740127121681634748e-01
9.899999999999999911e-01
9.899999999999999911e-01
9.899999999999999911e-01
8.503026093691189446e-01
9.899999999999999911e-01
9.192380079464765874e-01
9.899999999999999911e-01
9.899999999999999911e-01
9.899999999999999911e-01
8.001268992252007495e-01
9.899999999999999911e-01
9.899999999999999911e-01
9.899999999999999911e-01
7.704638464705606538e-01
9.899999999999999911e-01
9.899999999999999911e-01
9.899999999999999911e-01
8.295519503114374693e-01
9.899999999999999911e-01
9.899999999999999911e-01
9.899999999999999911e-01
8.269817646946856504e-01
9.899999999999999911e-01
9.899999999999999911e-01
8.850887617502004590e-01
9.899999999999999911e-01
9.899999999999999911e-01
9.412663840748003441e-01
9.899999999999999911e-01
9.899999999999999911e-01
9.899999999999999911e-01
8.603323450358857372e-01
9.899999999999999911e-01
9.899999999999999911e-01
9.899999999999999911e-01
8.070474613748069848e-01
9.899999999999999911e-01
9.899999999999999911e-01
9.899999999999999911e-01
9.054384499813500353e-01
9.899999999999999911e-01
9.899999999999999911e-01
9.899999999999999911e-01
9.538527599754669239e-01
9.899999999999999911e-01
9.899999999999999911e-01
8.055701195597279041e-01
9.899999999999999911e-01
9.899999999999999911e-01
9.899999999999999911e-01
8.541856679624256765e-01
9.899999999999999911e-01
9.899999999999999911e-01
9.899999999999999911e-01
8.622462139129937198e-01
9.899999999999999911e-01
9.899999999999999911e-01
9.899999999999999911e-01
8.021655369242812750e-01
9.899999999999999911e-01
9.899999999999997691e-01
9.899999999999999911e-01
8.984784126000900928e-01
9.899999999999999911e-01
9.899999999999999911e-01
9.899999999999999911e-01
7.970370766171145371e-01
9.899999999999999911e-01
9.899999999999999911e-01
9.899999999999999911e-01
9.368589343720472584e-01
9.899999999999999911e-01
9.899999999999999911e-01
9.899999999999999911e-01
8.200698238598393974e-01
9.899999999999999911e-01
9.899999999999999911e-01
9.899999999999999911e-01
8.737997734623481616e-01
9.899999999999999911e-01
9.899999999999999911e-01
9.899999999999999911e-01
9.040885589232434683e-01
9.899999999999999911e-01
9.899999999999999911e-01
9.899999999999999911e-01
7.996628999107301405e-01
9.899999999999999911e-01
9.899999999999999911e-01
9.899999999999999911e-01
8.995528256895926056e-01
9.899999999999999911e-01
8.393514691333496813e-01
9.899999999999999911e-01
9.899999999999999911e-01
9.899999999999999911e-01
9.235046075279489397e-01
9.899999999999999911e-01
9.899999999999999911e-01
9.899999999999999911e-01
8.264167411789453688e-01
9.899999999999999911e-01
9.899999999999999911e-01
7.736233649825927650e-01
9.899999999999999911e-01
9.899999999999999911e-01
9.899999999999999911e-01
7.704230163220519012e-01
9.899999999999999911e-01
9.899999999999999911e-01
9.899999999999999911e-01
8.619168707840559884e-01
9.899999999999999911e-01
9.899999999999999911e-01
9.322822654486713212e-01
9.899999999999999911e-01
9.899999999999999911e-01
9.899999999999999911e-01
9.303964371071614670e-01
9.899999999999999911e-01
9.899999999999999911e-01
8.036241314304560790e-01
9.899999999999999911e-01
9.899999999999999911e-01
9.899999999999999911e-01
9.771528025309356158e-01
9.899999999999999911e-01
9.899999999999999911e-01
9.899999999999999911e-01
8.010495877395460429e-01
9.899999999999999911e-01
9.899999999999999911e-01
9.899999999999999911e-01
8.467423720222910788e-01
9.899999999999999911e-01
9.899999999999999911e-01
9.899999999999999911e-01
9.499659311291611674e-01
9.899999999999999911e-01
9.899999999999999911e-01
9.899999999999999911e-01
8.887486370043480299e-01
9.899999999999999911e-01
9.899999999999999911e-01
8.927075952506426937e-01
9.899999999999999911e-01
9.899999999999999911e-01
9.899999999999999911e-01
8.784672772909352112e-01
9.899999999999999911e-01
9.899999999999999911e-01
9.899999999999999911e-01
7.945246496527531566e-01
9.899999999999999911e-01
9.899999999999999911e-01
9.899999999999999911e-01
8.659658189429220165e-01
9.899999999999999911e-01
7.801266210800190670e-01
9.899999999999999911e-01
9.899999999999999911e-01
8.644843791879739392e-01
9.899999999999999911e-01
9.899999999999999911e-01
9.899999999999999911e-01
9.494283385740722725e-01
9.899999999999999911e-01
9.899999999999999911e-01
9.899999999999999911e-01
9.144057089071444544e-01
9.899999999999999911e-01
9.899999999999999911e-01
8.166712371058849618e-01
9.899999999999999911e-01
9.899999999999999911e-01
9.899999999999999911e-01
9.495263950182684098e-01
9.899999999999999911e-01
9.899999999999999911e-01
9.899999999999999911e-01
8.309092619571063487e-01
9.899999999999999911e-01
9.899999999999999911e-01
9.584053133246918099e-01
9.899999999999999911e-01
9.899999999999999911e-01
9.899999999999999911e-01
8.023365176695811396e-01
9.899999999999999911e-01
9.899999999999999911e-01
9.449473707915327925e-01
9.899999999999999911e-01
9.899999999999999911e-01
9.899999999999999911e-01
8.692895784648883017e-01
9.899999999999999911e-01
9.899999999999999911e-01
9.899999999999999911e-01
9.446293729014781926e-01
9.899999999999999911e-01
9.899999999999999911e-01
9.899999999999999911e-01
8.842521533825655755e-01
9.899999999999999911e-01
9.899999999999999911e-01
9.899999999999999911e-01
8.434174901164482874e-01
9.899999999999999911e-01
9.899999999999999911e-01
9.899999999999999911e-01
9.459011714334997212e-01
9.899999999999999911e-01
9.899999999999999911e-01
9.899999999999999911e-01
8.632421565032663002e-01
9.899999999999999911e-01
9.899999999999999911e-01
9.643921431202596706e-01
9.899999999999999911e-01
9.899999999999999911e-01
9.899999999999999911e-01
9.086456852818928231e-01
9.899999999999999911e-01
9.221102312318435468e-01
9.899999999999999911e-01
9.899999999999999911e-01
9.899999999999999911e-01
8.028984738142276312e-01
9.899999999999999911e-01
9.899999999999999911e-01
9.899999999999999911e-01
9.508633479858902282e-01
9.899999999999999911e-01
9.899999999999999911e-01
9.899999999999999911e-01
9.114500432889113268e-01
9.899999999999999911e-01
9.899999999999999911e-01
7.994078396738546477e-01
9.899999999999999911e-01
9.899999999999999911e-01
9.899999999999999911e-01
9.433916682798654252e-01
9.899999999999999911e-01
9.899999999999999911e-01
9.899999999999999911e-01
9.482472649831031886e-01
9.899999999999999911e-01
9.899999999999999911e-01
9.899999999999999911e-01
8.906149622887752360e-01
9.899999999999999911e-01
9.899999999999999911e-01
9.899999999999999911e-01
7.959702049175272354e-01
9.899999999999999911e-01
9.899999999999999911e-01
9.899999999999999911e-01
8.083530492366457487e-01
9.899999999999999911e-01
9.899999999999999911e-01
9.899999999999999911e-01
8.166503389653153588e-01
9.899999999999999911e-01
9.899999999999999911e-01
7.873353745109934465e-01
9.899999999999999911e-01
9.899999999999999911e-01
9.899999999999999911e-01
9.282293849432804445e-01
9.899999999999999911e-01
9.899999999999999911e-01
7.713149662792067041e-01
9.899999999999999911e-01
9.899999999999999911e-01
9.899999999999999911e-01
9.474580270585259978e-01
9.899999999999999911e-01
7.835292582652255700e-01
9.899999999999999911e-01
9.899999999999999911e-01
7.770760632988689132e-01
9.899999999999999911e-01
9.899999999999999911e-01
9.355111755562884879e-01
9.899999999999999911e-01
9.899999999999999911e-01
9.472936710791721726e-01
9.899999999999999911e-01
9.899999999999999911e-01
9.899999999999999911e-01
9.651228134235014799e-01
9.899999999999999911e-01
9.899999999999999911e-01
8.201732804324807224e-01
9.899999999999999911e-01
9.899999999999999911e-01
9.899999999999999911e-01
8.428532320981458881e-01
9.899999999999999911e-01
9.899999999999999911e-01
9.899999999999999911e-01
8.798896324990108653e-01
9.899999999999999911e-01
9.899999999999999911e-01
9.899999999999999911e-01
9.614373129352262737e-01
9.899999999999999911e-01
9.899999999999999911e-01
9.077487664530943245e-01
9.899999999999999911e-01
9.899999999999999911e-01
9.899999999999999911e-01
9.103928137652108621e-01
9.899999999999999911e-01
9.899999999999999911e-01
9.301043806171745976e-01
9.899999999999999911e-01
9.899999999999999911e-01
9.899999999999999911e-01
9.667840292018632375e-01
9.899999999999999911e-01
9.899999999999999911e-01
9.899999999999999911e-01
9.899999999999999911e-01
9.899999999999999911e-01
9.264071397457412926e-01
9.899999999999999911e-01
9.899999999999999911e-01
8.093881420527959669e-01
9.899999999999999911e-01
9.899999999999999911e-01
9.899999999999999911e-01
8.560911253318662650e-01
9.899999999999999911e-01
9.899999999999999911e-01
9.899999999999999911e-01
8.505830591149363684e-01
9.899999999999999911e-01
7.601518296002074404e-01
9.899999999999999911e-01
9.899999999999999911e-01
9.120745920215516112e-01
9.899999999999999911e-01
9.899999999999999911e-01
9.899999999999999911e-01
8.918028811379510312e-01
9.899999999999999911e-01
9.899999999999999911e-01
9.899999999999999911e-01
8.463369310554743619e-01
9.899999999999999911e-01
9.899999999999999911e-01
8.426964360473631066e-01
9.899999999999999911e-01
9.899999999999999911e-01
9.899999999999999911e-01
8.958913034530745501e-01
9.899999999999999911e-01
9.899999999999999911e-01
9.899999999999999911e-01
9.571867852001518795e-01
9.899999999999999911e-01
9.899999999999999911e-01
9.899999999999999911e-01
8.701532512723899604e-01
9.899999999999999911e-01
9.899999999999999911e-01
9.899999999999999911e-01
8.751164962082550458e-01
9.899999999999999911e-01
9.899999999999999911e-01
9.899999999999999911e-01
8.974830101577215835e-01
9.899999999999999911e-01
9.899999999999999911e-01
9.899999999999999911e-01
8.222849482292775569e-01
9.899999999999999911e-01
9.899999999999999911e-01
9.899999999999999911e-01
8.359004965061502812e-01
9.899999999999999911e-01
9.899999999999999911e-01
9.899999999999999911e-01
9.110121532434084513e-01
9.899999999999999911e-01
9.899999999999999911e-01
9.899999999999999911e-01
8.442190444632537982e-01
9.899999999999999911e-01
9.899999999999999911e-01
9.899999999999999911e-01
8.527346145165856095e-01
9.899999999999999911e-01
9.899999999999999911e-01
9.059145786572413428e-01
9.899999999999999911e-01
9.899999999999999911e-01
9.899999999999999911e-01
