9.248454271311882247e-01
9.899999999999999911e-01
9.899999999999999911e-01
9.899999999999997691e-01
7.447768000148560219e-01
9.899999999999999911e-01
9.899999999999999911e-01
9.899999999999999911e-01
8.815672107488266018e-01
9.875329993913850579e-01
9.899999999999999911e-01
9.899999999999999911e-01
8.255038961492774385e-01
9.899999999999999911e-01
9.899999999999999911e-01
9.899999999999999911e-01
8.961229155511989397e-01
9.899999999999999911e-01
9.899999999999999911e-01
9.899999999999999911e-01
8.312617238796875530e-01
9.899999999999999911e-01
9.899999999999999911e-01
9.899999999999999911e-01
9.083549304526198354e-01
9.899999999999999911e-01
9.899999999999999911e-01
9.899999999999999911e-01
8.804955616220874193e-01
9.899999999999999911e-01
9.899999999999999911e-01
9.899999999999999911e-01
8.912340464462562561e-01
9.899999999999999911e-01
9.899999999999999911e-01
9.899999999999999911e-01
9.145785970246086416e-01
9.899999999999999911e-01
9.899999999999999911e-01
9.899999999999999911e-01
8.929770036444977244e-01
9.899999999999999911e-01
9.899999999999999911e-01
9.899999999999999911e-01
9.130785093590548795e-01
9.899999999999999911e-01
9.899999999999999911e-01
9.899999999999999911e-01
9.116308520691854822e-01
9.899999999999999911e-01
9.804699403331987861e-01
9.899999999999999911e-01
8.974167228111464834e-01
9.899999999999999911e-01
9.899999999999999911e-01
9.899999999999999911e-01
7.333439748700798511e-01
9.899999999999999911e-01
9.899999999999999911e-01
9.899999999999999911e-01
8.076563192948683634e-01
9.899999999999999911e-01
9.899999999999999911e-01
9.899999999999999911e-01
7.585327912729374900e-01
9.899999999999999911e-01
9.899999999999999911e-01
9.899999999999999911e-01
7.922380948559825109e-01
9.899999999999999911e-01
9.899999999999999911e-01
9.899999999999999911e-01
8.959015939967613917e-01
9.899999999999999911e-01
9.899999999999999911e-01
9.899999999999999911e-01
9.215259152974157875e-01
9.899999999999999911e-01
9.899999999999992140e-01
9.899999999999999911e-01
8.787464071099312379e-01
9.899999999999999911e-01
9.899999999999999911e-01
9.899999999999999911e-01
8.494852372159662490e-01
9.899999999999999911e-01
9.899999999999999911e-01
9.899999999999999911e-01
8.981809020105062658e-01
9.899999999999999911e-01
9.899999999999999911e-01
9.899999999999999911e-01
8.486135493236069971e-01
9.899999999999999911e-01
9.899999999999999911e-01
9.899999999999999911e-01
7.989058564684011765e-01
9.899999999999999911e-01
9.850874998984916475e-01
9.899999999999999911e-01
8.249347140748862772e-01
9.899999999999999911e-01
9.899999999999999911e-01
9.899999999999999911e-01
8.430542337472293202e-01
9.899999999999999911e-01
9.899999999999999911e-01
9.899999999999999911e-01
8.237492982010801157e-01
9.899999999999999911e-01
8.008236130832534494e-01
9.899999999999999911e-01
9.899999999999999911e-01
9.899999999999999911e-01
9.114892815709970675e-01
9.899999999999999911e-01
7.293610925158046099e-01
9.899999999999999911e-01
9.899999999999999911e-01
9.899999999999999911e-01
7.775086955477863437e-01
9.899999999999999911e-01
9.899999999999999911e-01
9.899999999999999911e-01
7.406575848117668004e-01
9.899999999999999911e-01
9.899999999999999911e-01
9.899999999999999911e-01
7.551302581189031082e-01
9.899999999999999911e-01
9.899999999999999911e-01
9.899999999999999911e-01
8.420321086270520228e-01
9.899999999999999911e-01
9.899999999999999911e-01
9.899999999999999911e-01
8.646342032514272580e-01
9.899999999999999911e-01
9.899999999999999911e-01
9.899999999999999911e-01
8.843670500307335702e-01
9.899999999999999911e-01
9.899999999999999911e-01
8.568205272954254603e-01
9.899999999999999911e-01
9.899999999999999911e-01
9.899999999999999911e-01
8.408050101774275920e-01
9.899999999999999911e-01
9.899999999999999911e-01
9.481623592284862401e-01
9.899999999999999911e-01
9.899999999999999911e-01
9.899999999999999911e-01
8.620219950118523933e-01
9.899999999999999911e-01
9.899999999999999911e-01
9.899999999999999911e-01
9.899999999999999911e-01
9.899999999999999911e-01
8.871994875857269758e-01
9.899999999999999911e-01
9.899999999999999911e-01
9.899999999999999911e-01
8.945167030803846675e-01
9.899999999999999911e-01
9.899999999999999911e-01
9.899999999999999911e-01
9.899999999999999911e-01
9.244954237052913637e-01
9.899999999999999911e-01
9.899999999999999911e-01
9.899999999999999911e-01
9.899999999999999911e-01
8.577673933195589795e-01
9.899999999999999911e-01
9.767673781621794005e-01
9.899999999999999911e-01
8.856904984484266219e-01
9.899999999999999911e-01
9.899999999999999911e-01
9.852405947561335697e-01
9.316325944345316135e-01
9.899999999999999911e-01
9.899999999999999911e-01
9.899999999999999911e-01
9.899999999999999911e-01
9.899999999999999911e-01
9.143835743527147786e-01
9.899999999999999911e-01
9.899999999999999911e-01
9.899999999999999911e-01
8.260809184634094748e-01
9.899999999999999911e-01
9.899999999999999911e-01
9.899999999999999911e-01
8.398359332914377973e-01
9.899999999999999911e-01
9.899999999999999911e-01
9.899999999999999911e-01
7.215012963117771738e-01
9.899999999999999911e-01
9.899999999999999911e-01
9.899999999999999911e-01
9.899999999999999911e-01
9.899999999999999911e-01
9.899999999999999911e-01
9.595165408923590489e-01
9.899999999999999911e-01
9.899999999999999911e-01
9.899999999999999911e-01
8.750706869221706041e-01
9.899999999999999911e-01
9.899999999999999911e-01
9.899999999999999911e-01
7.665846317916553687e-01
9.899999999999999911e-01
9.899999999999999911e-01
9.112834384056600623e-01
9.899999999999999911e-01
9.899999999999999911e-01
7.788542889373970546e-01
9.899999999999999911e-01
9.899999999999999911e-01
9.007620088828171001e-01
9.834604007286321670e-01
9.899999999999999911e-01
9.899999999999999911e-01
7.234651512372343163e-01
9.803681387013782889e-01
9.899999999999999911e-01
9.899999999999999911e-01
9.300346991199294200e-01
9.899999999999999911e-01
9.899999999999999911e-01
9.899999999999999911e-01
7.265279302476624901e-01
9.783202087631861499e-01
9.899999999999999911e-01
9.899999999999999911e-01
7.489766813021927483e-01
9.899999999999999911e-01
9.899999999999999911e-01
9.899999999999999911e-01
8.292924464949404939e-01
9.899999999999999911e-01
9.899999999999999911e-01
9.899999999999999911e-01
8.289275834555714928e-01
8.117646293379757738e-01
9.899999999999999911e-01
9.899999999999999911e-01
9.899999999999999911e-01
8.203749201141362635e-01
9.899999999999999911e-01
9.899999999999999911e-01
9.899999999999999911e-01
7.942582745043501591e-01
9.899999999999999911e-01
9.755610085732048242e-01
9.899999999999999911e-01
8.500194315012222779e-01
9.899999999999999911e-01
9.825465961640964530e-01
9.899999999999999911e-01
8.926590090216415252e-01
9.899999999999999911e-01
9.899999999999999911e-01
9.899999999999999911e-01
8.128680600211629637e-01
9.899999999999999911e-01
9.899999999999999911e-01
9.899999999999999911e-01
9.221602535734929607e-01
9.899999999999999911e-01
9.899999999999999911e-01
9.899999999999999911e-01
8.801562204647042087e-01
9.899999999999999911e-01
9.899999999999999911e-01
9.899999999999999911e-01
9.203427032339522862e-01
9.899999999999999911e-01
9.723866547365143109e-01
9.899999999999999911e-01
7.253157992646213081e-01
9.899999999999999911e-01
9.872967832696943891e-01
9.899999999999999911e-01
8.932137148362536694e-01
9.899999999999999911e-01
9.899999999999999911e-01
9.899999999999999911e-01
9.127775652919810634e-01
9.899999999999999911e-01
9.899999999999999911e-01
9.899999999999999911e-01
7.148908748263486101e-01
9.899999999999999911e-01
9.899999999999999911e-01
9.899999999999999911e-01
8.148338512264652334e-01
9.899999999999999911e-01
9.899999999999999911e-01
9.899999999999999911e-01
7.938899917060421307e-01
9.899999999999999911e-01
9.899999999999999911e-01
9.899999999999999911e-01
9.069286730160475152e-01
9.899999999999999911e-01
9.899999999999999911e-01
9.899999999999999911e-01
8.294057457574289804e-01
9.899999999999999911e-01
9.899999999999999911e-01
9.899999999999999911e-01
7.653157270345067875e-01
9.899999999999999911e-01
9.899999999999999911e-01
9.899999999999999911e-01
8.505584603599102289e-01
9.899999999999999911e-01
9.899999999999999911e-01
9.852473242036239309e-01
8.474878355577827316e-01
9.899999999999999911e-01
9.899999999999999911e-01
9.899999999999999911e-01
8.423981797053712306e-01
9.899999999999999911e-01
9.899999999999999911e-01
9.899999999999999911e-01
8.582228738854089656e-01
9.899999999999999911e-01
9.899999999999999911e-01
9.899999999999999911e-01
9.899999999999999911e-01
9.850485657233162273e-01
9.899999999999999911e-01
9.899999999999999911e-01
8.673496677852956527e-01
9.899999999999999911e-01
9.899999999999999911e-01
9.899999999999999911e-01
8.569991671005969813e-01
9.899999999999999911e-01
9.899999999999999911e-01
9.899999999999999911e-01
9.677757208495985086e-01
9.899999999999999911e-01
9.899999999999999911e-01
9.899999999999999911e-01
7.932819926359488960e-01
9.899999999999999911e-01
9.899999999999999911e-01
9.899999999999999911e-01
9.777924217402605978e-01
7.088016504759894199e-01
9.899999999999999911e-01
9.899999999999999911e-01
9.899999999999999911e-01
7.679277618100033287e-01
9.899999999999999911e-01
9.899999999999999911e-01
9.835067012598923686e-01
9.243086892224099405e-01
9.899999999999999911e-01
9.899999999999999911e-01
9.899999999999999911e-01
9.052628274615572845e-01
9.899999999999999911e-01
9.899999999999999911e-01
7.638492374287907394e-01
9.816461510582406014e-01
9.787428948293347419e-01
9.899999999999999911e-01
8.960388872300623087e-01
9.899999999999999911e-01
9.899999999999999911e-01
9.899999999999999911e-01
7.333309242650213333e-01
9.714105998279535248e-01
9.899999999999999911e-01
9.899999999999999911e-01
9.140290442412075667e-01
9.899999999999999911e-01
9.899999999999999911e-01
8.122712317198160781e-01
9.899999999999999911e-01
9.899999999999999911e-01
9.899999999999999911e-01
8.249336400858380269e-01
9.899999999999999911e-01
9.899999999999999911e-01
9.899999999999999911e-01
7.611787199816060223e-01
9.838684403341110274e-01
9.350478378464267548e-01
9.899999999999999911e-01
9.899999999999999911e-01
9.899999999999999911e-01
7.648720097374854809e-01
9.899999999999999911e-01
9.899999999999999911e-01
9.800023715730744600e-01
8.604405047119613181e-01
9.175487888208382348e-01
9.899999999999999911e-01
9.899999999999999911e-01
9.215348816933571774e-01
9.899999999999999911e-01
9.899999999999999911e-01
9.899999999999999911e-01
8.141384205178000544e-01
9.899999999999999911e-01
9.899999999999999911e-01
9.899999999999999911e-01
8.739054488775951368e-01
9.899999999999999911e-01
9.899999999999999911e-01
9.899999999999999911e-01
7.494559035550462101e-01
9.899999999999999911e-01
9.899999999999999911e-01
9.899999999999999911e-01
8.950315264174260044e-01
9.899999999999999911e-01
9.899999999999999911e-01
9.899999999999999911e-01
8.757960843595099520e-01
9.899999999999999911e-01
9.899999999999999911e-01
9.849313409589486312e-01
7.556107598359576016e-01
9.899999999999999911e-01
9.899999999999999911e-01
9.899999999999999911e-01
7.858596121590859518e-01
9.899999999999999911e-01
9.899999999999999911e-01
9.899999999999999911e-01
9.887713061546747895e-01
9.899999999999999911e-01
9.036634810684454067e-01
9.899999999999999911e-01
9.899999999999999911e-01
9.899999999999999911e-01
8.661701026406654069e-01
9.899999999999999911e-01
9.899999999999999911e-01
8.962802426201906814e-01
9.899999999999999911e-01
9.899999999999999911e-01
9.899999999999999911e-01
8.585237439223836198e-01
9.899999999999999911e-01
7.694220345855555809e-01
9.838043464902058721e-01
9.899999999999999911e-01
9.899999999999999911e-01
9.732205060767684657e-01
9.899999999999999911e-01
9.899999999999999911e-01
9.899999999999999911e-01
8.673572001175853252e-01
9.899999999999999911e-01
9.899999999999999911e-01
9.899999999999999911e-01
7.774163469460304565e-01
9.899999999999999911e-01
9.899999999999999911e-01
9.899999999999999911e-01
7.399711798369390525e-01
9.899999999999999911e-01
9.899999999999999911e-01
9.899999999999999911e-01
8.900198391407297960e-01
9.899999999999999911e-01
9.899999999999999911e-01
9.899999999999999911e-01
7.840401535408827449e-01
9.899999999999999911e-01
9.899999999999999911e-01
9.899999999999999911e-01
8.946776867222692164e-01
9.899999999999999911e-01
9.899999999999999911e-01
9.899999999999999911e-01
8.081634283042259392e-01
9.899999999999999911e-01
9.899999999999999911e-01
9.899999999999999911e-01
7.620518279991855826e-01
9.899999999999999911e-01
9.899999999999999911e-01
9.887127904338204321e-01
9.209773369741882654e-01
9.899999999999999911e-01
9.899999999999999911e-01
9.899999999999999911e-01
7.438784891847110003e-01
9.899999999999999911e-01
9.899999999999999911e-01
9.899999999999999911e-01
9.751673614513298727e-01
9.899999999999999911e-01
9.899999999999999911e-01
9.899999999999999911e-01
8.109301859969852977e-01
9.899999999999999911e-01
9.899999999999999911e-01
9.899999999999999911e-01
8.836069837935818239e-01
9.899999999999999911e-01
9.899999999999999911e-01
9.899999999999999911e-01
7.240825026655145491e-01
9.899999999999999911e-01
9.899999999999999911e-01
9.899999999999999911e-01
9.144217256322907383e-01
9.899999999999999911e-01
9.899999999999999911e-01
9.899999999999999911e-01
7.886515023443818606e-01
9.899999999999999911e-01
9.899999999999999911e-01
9.899999999999999911e-01
8.186055910864987739e-01
9.899999999999999911e-01
9.899999999999999911e-01
9.899999999999999911e-01
8.032540655928530615e-01
9.899999999999999911e-01
9.899999999999999911e-01
9.899999999999999911e-01
7.406922734889633819e-01
9.899999999999999911e-01
9.899999999999999911e-01
9.899999999999999911e-01
8.003284391415977916e-01
9.899999999999999911e-01
9.899999999999999911e-01
9.899999999999999911e-01
7.321611518432706855e-01
9.899999999999999911e-01
9.899999999999999911e-01
9.899999999999999911e-01
7.998594606755122793e-01
9.899999999999999911e-01
9.829849421316098068e-01
9.899999999999999911e-01
8.940848681695938716e-01
9.899999999999999911e-01
9.899999999999999911e-01
7.276578237246807968e-01
9.899999999999999911e-01
9.899999999999999911e-01
9.899999999999999911e-01
7.248751520783055513e-01
8.032280462178235103e-01
9.899999999999999911e-01
9.899999999999999911e-01
9.899999999999999911e-01
8.969653851403605049e-01
9.899999999999999911e-01
9.899999999999999911e-01
9.899999999999999911e-01
7.736300775512143790e-01
9.899999999999999911e-01
9.899999999999999911e-01
9.872464385258270525e-01
7.514823125318761399e-01
9.899999999999999911e-01
9.899999999999999911e-01
9.899999999999999911e-01
7.440725205246183638e-01
9.899999999999999911e-01
9.899999999999999911e-01
9.899999999999999911e-01
8.386936970820166870e-01
9.899999999999999911e-01
9.899999999999999911e-01
9.899999999999999911e-01
7.116010609456575597e-01
9.899999999999999911e-01
9.899999999999999911e-01
9.899999999999999911e-01
7.886330499663420923e-01
9.899999999999999911e-01
9.899999999999999911e-01
9.899999999999999911e-01
7.845269332582873734e-01
9.899999999999999911e-01
9.899999999999999911e-01
9.899999999999999911e-01
9.071195771868290070e-01
9.846346023037365613e-01
9.899999999999999911e-01
9.899999999999999911e-01
8.252242455150528011e-01
9.899999999999999911e-01
9.899999999999999911e-01
9.899999999999999911e-01
9.219060611882652356e-01
9.899999999999999911e-01
9.898287803670590135e-01
8.492128467624160404e-01
9.878517017522486787e-01
9.899999999999999911e-01
9.899999999999999911e-01
8.252257915382066322e-01
9.899999999999999911e-01
9.899999999999999911e-01
8.607985855608737413e-01
9.899999999999999911e-01
9.899999999999999911e-01
9.899999999999999911e-01
8.215482486686677133e-01
9.899999999999999911e-01
9.899999999999999911e-01
9.899999999999999911e-01
7.269898927523337218e-01
9.899999999999999911e-01
9.899999999999999911e-01
9.899999999999999911e-01
8.186595273663249683e-01
9.899999999999999911e-01
8.756089392423506146e-01
9.899999999999999911e-01
9.899999999999999911e-01
9.899999999999999911e-01
7.500113832525330260e-01
9.899999999999999911e-01
9.899999999999999911e-01
9.899999999999999911e-01
7.187271593076899334e-01
9.899999999999999911e-01
9.899999999999999911e-01
9.899999999999999911e-01
7.847126852743375736e-01
9.899999999999999911e-01
9.899999999999999911e-01
9.899999999999999911e-01
7.801621781962784219e-01
9.899999999999999911e-01
9.899999999999999911e-01
8.418108513341624466e-01
9.899999999999999911e-01
9.899999999999999911e-01
8.959838487687943331e-01
9.899999999999999911e-01
9.899999999999999911e-01
9.899999999999999911e-01
8.104998741095663650e-01
9.899999999999999911e-01
9.899999999999999911e-01
9.899999999999999911e-01
7.599958760976908145e-01
9.899999999999999911e-01
9.899999999999999911e-01
9.899999999999999911e-01
8.580713092876551817e-01
9.899999999999999911e-01
9.899999999999999911e-01
9.899999999999999911e-01
9.025003591030810179e-01
9.899999999999999911e-01
9.899999999999999911e-01
7.574848616189712169e-01
9.899999999999999911e-01
9.899999999999999911e-01
9.899999999999999911e-01
8.052614586006437980e-01
9.899999999999999911e-01
9.899999999999999911e-01
9.899999999999999911e-01
8.110915479026274966e-01
9.899999999999999911e-01
9.899999999999999911e-01
9.899999999999999911e-01
7.504332791385465162e-01
9.791547478153084239e-01
9.899999999999994360e-01
9.899999999999999911e-01
8.473475812444487554e-01
9.899999999999999911e-01
9.899999999999999911e-01
9.899999999999999911e-01
7.525603236413910269e-01
9.899999999999999911e-01
9.899999999999999911e-01
9.899999999999999911e-01
8.861263349890737828e-01
9.899999999999999911e-01
9.896339617261489252e-01
9.899999999999999911e-01
7.748096213518909092e-01
9.899999999999999911e-01
9.899999999999999911e-01
9.899999999999999911e-01
8.226145861441503948e-01
9.899999999999999911e-01
9.899999999999999911e-01
9.899999999999999911e-01
8.560552871085277404e-01
9.899999999999999911e-01
9.899999999999999911e-01
9.892295721371184847e-01
7.548561900332328989e-01
9.899999999999999911e-01
9.899999999999999911e-01
9.899999999999999911e-01
8.655948516991138764e-01
9.899999999999999911e-01
7.891557441607978118e-01
9.899999999999999911e-01
9.899999999999999911e-01
9.890820418386125912e-01
8.735311631460318527e-01
9.899999999999999911e-01
9.899999999999999911e-01
9.899999999999999911e-01
7.748062592678814919e-01
9.899999999999999911e-01
9.899999999999999911e-01
7.237742891462509709e-01
9.899999999999999911e-01
9.899999999999999911e-01
9.899999999999999911e-01
7.203784659480396702e-01
9.899999999999999911e-01
9.899999999999999911e-01
9.899999999999999911e-01
8.116201991227754986e-01
9.899999999999999911e-01
9.899999999999999911e-01
8.869943336266074008e-01
9.899999999999999911e-01
9.899999999999999911e-01
9.899999999999999911e-01
8.806395945528714408e-01
9.899999999999999911e-01
9.899999999999999911e-01
7.605414678387244498e-01
9.899999999999999911e-01
9.899999999999999911e-01
9.899999999999999911e-01
9.744832304414438040e-01
9.899999999999999911e-01
9.899999999999999911e-01
9.899999999999999911e-01
7.566115982485939195e-01
9.754147696170520909e-01
9.899999999999999911e-01
9.899999999999999911e-01
8.015524195324635892e-01
9.899999999999999911e-01
9.899999999999999911e-01
9.899999999999999911e-01
9.010798254605302260e-01
9.899999999999999911e-01
9.510965043804536778e-01
9.880463967379541357e-01
8.599732877822487964e-01
9.899999999999999911e-01
9.899999999999999911e-01
8.473239989214564893e-01
9.899999999999999911e-01
9.899999999999999911e-01
9.771892217043939288e-01
8.318986381879115433e-01
9.762648166815737216e-01
9.899999999999999911e-01
9.899999999999999911e-01
7.458473691237307301e-01
9.899999999999999911e-01
9.899999999999999911e-01
9.899999999999999911e-01
8.390869713816975217e-01
9.899999999999999911e-01
7.362925610180776070e-01
9.899999999999999911e-01
9.899999999999999911e-01
8.153742696950286861e-01
9.899999999999999911e-01
9.899999999999999911e-01
9.899999999999999911e-01
9.031026811806166510e-01
9.899999999999999911e-01
9.899999999999999911e-01
9.899999999999999911e-01
8.644331934832421016e-01
9.899999999999999911e-01
9.899999999999999911e-01
7.719786331825659875e-01
9.899999999999999911e-01
9.899999999999999911e-01
9.899999999999999911e-01
9.032262173357844537e-01
9.899999999999999911e-01
9.860738114780612795e-01
9.804423499178938073e-01
7.791609001543533530e-01
9.899999999999999911e-01
9.899999999999999911e-01
9.072174744468138874e-01
9.899999999999999911e-01
9.899999999999999911e-01
9.899999999999999911e-01
7.631695065081047780e-01
9.854258822466864798e-01
9.860250077567384031e-01
8.958353467920285862e-01
9.829243513871088744e-01
9.899999999999999911e-01
9.804253918018419611e-01
8.238761600551756104e-01
9.899999999999999911e-01
9.899999999999999911e-01
9.899999999999999911e-01
9.189259157690484736e-01
9.899999999999999911e-01
9.899999999999999911e-01
9.899999999999999911e-01
8.327152279690885894e-01
9.899999999999999911e-01
9.899999999999999911e-01
9.899999999999999911e-01
7.972010554205551935e-01
9.899999999999999911e-01
9.899999999999999911e-01
9.899999999999999911e-01
8.987186156427564576e-01
9.899999999999999911e-01
9.899999999999999911e-01
9.899999999999999911e-01
8.122108348781797993e-01
9.899999999999999911e-01
9.899999999999999911e-01
9.130894027330135332e-01
9.899999999999999911e-01
9.899999999999999911e-01
9.899999999999999911e-01
8.691137932913872710e-01
9.899999999999999911e-01
8.706871190360333523e-01
9.899999999999999911e-01
9.833735472771577557e-01
9.899999999999999911e-01
7.511781911036050641e-01
9.899999999999999911e-01
9.899999999999999911e-01
9.899999999999999911e-01
9.016890821532000944e-01
9.899999999999999911e-01
9.899999999999999911e-01
9.899999999999999911e-01
8.668200508134455973e-01
9.899999999999999911e-01
9.899999999999999911e-01
7.475694392096589036e-01
9.899999999999999911e-01
9.899999999999999911e-01
9.899999999999999911e-01
8.959638744377548258e-01
9.899999999999999911e-01
9.899999999999999911e-01
9.899999999999999911e-01
8.979272523535407613e-01
9.899999999999999911e-01
9.899999999999999911e-01
9.899999999999999911e-01
8.693042724340337424e-01
9.899999999999999911e-01
9.899999999999999911e-01
9.899999999999999911e-01
7.445200930753615998e-01
9.899999999999999911e-01
9.899999999999999911e-01
9.899999999999999911e-01
7.591270196171987505e-01
9.899999999999999911e-01
9.899999999999999911e-01
9.899999999999999911e-01
7.716495648482254444e-01
9.899999999999999911e-01
9.899999999999999911e-01
7.413068316616859832e-01
9.899999999999999911e-01
9.899999999999999911e-01
9.899999999999999911e-01
8.819196213307919363e-01
9.899999999999999911e-01
9.899999999999999911e-01
7.212811130757319500e-01
9.899999999999999911e-01
9.899999999999999911e-01
9.899999999999999911e-01
8.960181073789897921e-01
9.899999999999999911e-01
7.379595869846261591e-01
9.899999999999999911e-01
9.879076486788241906e-01
7.253111020289526589e-01
9.838059235515509426e-01
9.899999999999999911e-01
8.887811908838397779e-01
9.899999999999999911e-01
9.744303794840025734e-01
8.987891718294234167e-01
9.899999999999999911e-01
9.797568137416571288e-01
9.899999999999999911e-01
9.137863872570630708e-01
9.893968434529781808e-01
9.899999999999999911e-01
7.741450401011444882e-01
9.899999999999999911e-01
9.899999999999999911e-01
9.708427165657206315e-01
7.955770234967437515e-01
9.899999999999999911e-01
9.899999999999999911e-01
9.899999999999999911e-01
8.334302632489157814e-01
9.899999999999999911e-01
9.899999999999999911e-01
9.899999999999999911e-01
9.160887411931769586e-01
9.899999999999999911e-01
9.899999999999999911e-01
8.897078196925987115e-01
9.899999999999999911e-01
9.899999999999999911e-01
9.899999999999999911e-01
8.779886726623236104e-01
9.899999999999999911e-01
9.899999999999999911e-01
8.826506608353026362e-01
9.899999999999999911e-01
9.899999999999999911e-01
9.846983616850762955e-01
9.415820821190162837e-01
9.899999999999999911e-01
9.899999999999999911e-01
9.899999999999999911e-01
9.899999999999999911e-01
9.899999999999999911e-01
9.049910858532018709e-01
9.899999999999999911e-01
9.899999999999999911e-01
7.574067825750441241e-01
9.899999999999999911e-01
9.899999999999999911e-01
9.899999999999999911e-01
8.111171533245126186e-01
9.899999999999999911e-01
9.899999999999999911e-01
9.899999999999999911e-01
8.130213482480341813e-01
9.743683753018850258e-01
7.084682027158892836e-01
9.899999999999999911e-01
9.899999999999999911e-01
8.669538439847910283e-01
9.899999999999999911e-01
9.778199205165445385e-01
9.798611421196666837e-01
8.445627331175792341e-01
9.899999999999999911e-01
9.899999999999999911e-01
9.899999999999999911e-01
7.973767248582476208e-01
9.899999999999999911e-01
9.899999999999999911e-01
7.977747521604109382e-01
9.802568566986323839e-01
9.899999999999999911e-01
9.899999999999999911e-01
8.462688362971784173e-01
9.899999999999999911e-01
9.899999999999999911e-01
9.899999999999999911e-01
9.104156527611545480e-01
9.899999999999999911e-01
9.899999999999999911e-01
9.899999999999999911e-01
8.195435916666441445e-01
9.858575196034231602e-01
9.899999999999999911e-01
9.899999999999999911e-01
8.249269016962530454e-01
9.899999999999999911e-01
9.899999999999999911e-01
9.899999999999999911e-01
8.531126898702843242e-01
9.859741138439293007e-01
9.899999999999999911e-01
9.899999999999999911e-01
7.713392412427302336e-01
9.899999999999999911e-01
9.704532105447982726e-01
9.899999999999999911e-01
7.883594136106275574e-01
9.899999999999999911e-01
9.899999999999999911e-01
9.899999999999999911e-01
8.656741946732364745e-01
9.899999999999999911e-01
9.899999999999999911e-01
9.899999999999999911e-01
7.987330391316642686e-01
9.899999999999999911e-01
9.899999999999999911e-01
9.899999999999999911e-01
8.229118938539757844e-01
9.899999999999999911e-01
9.844215690981850120e-01
8.796893535427375843e-01
9.899999999999999911e-01
9.899999999999999911e-01
9.899999999999999911e-01
