9.207261027468086612e-01
9.899999999999999911e-01
9.899999999999999911e-01
9.899999999999996581e-01
7.306419338093732563e-01
9.899999999999999911e-01
9.899999999999999911e-01
9.899999999999999911e-01
8.774900440038593263e-01
9.799374594668582850e-01
9.899999999999999911e-01
9.899999999999999911e-01
8.149905156129497730e-01
9.899999999999999911e-01
9.899999999999999911e-01
9.899999999999999911e-01
8.798547587264968772e-01
9.899999999999999911e-01
9.899999999999999911e-01
9.899999999999999911e-01
8.160404406880545913e-01
9.899999999999999911e-01
9.899999999999999911e-01
9.899999999999999911e-01
8.925906590343841707e-01
9.899999999999999911e-01
9.899999999999999911e-01
9.899999999999999911e-01
8.648102900878992250e-01
9.899999999999999911e-01
9.899999999999999911e-01
9.899999999999999911e-01
8.753175487733897420e-01
9.899999999999999911e-01
9.899999999999999911e-01
9.899999999999999911e-01
9.024577228123821238e-01
9.899999999999999911e-01
9.899999999999999911e-01
9.899999999999999911e-01
8.770711731626826824e-01
9.899999999999999911e-01
9.899999999999999911e-01
9.899999999999999911e-01
9.029102245812558047e-01
9.899999999999999911e-01
9.899999999999999911e-01
9.886983560390874004e-01
8.969496514483832339e-01
9.899999999999999911e-01
9.653750564912334520e-01
9.899999999999999911e-01
8.811926482821328399e-01
9.899999999999999911e-01
9.899999999999999911e-01
9.899999999999999911e-01
7.161678127877706412e-01
9.899999999999999911e-01
9.899999999999999911e-01
9.899999999999999911e-01
7.953840186256965206e-01
9.899999999999999911e-01
9.899999999999999911e-01
9.899999999999999911e-01
7.410441645408181177e-01
9.766825500397385840e-01
9.899999999999999911e-01
9.899999999999999911e-01
7.774522854389701587e-01
9.899999999999999911e-01
9.899999999999999911e-01
9.899999999999999911e-01
8.815687285885466240e-01
9.899999999999999911e-01
9.899999999999999911e-01
9.899999999999999911e-01
9.148656632117748710e-01
9.899999999999999911e-01
9.899999999999999911e-01
9.899999999999999911e-01
8.714970439751539288e-01
9.899999999999999911e-01
9.899999999999999911e-01
9.899999999999999911e-01
8.332807546677334365e-01
9.899999999999999911e-01
9.794195584718778935e-01
9.899999999999999911e-01
8.824666633481264011e-01
9.899999999999999911e-01
9.899999999999999911e-01
9.899999999999999911e-01
8.320842390889707785e-01
9.899999999999999911e-01
9.899999999999999911e-01
9.899999999999999911e-01
7.830358027446280289e-01
9.899999999999999911e-01
9.711632459830846775e-01
9.899999999999999911e-01
8.085798942039512660e-01
9.899999999999999911e-01
9.899999999999999911e-01
9.899999999999999911e-01
8.295485751565228050e-01
9.899999999999999911e-01
9.899999999999999911e-01
9.899999999999999911e-01
8.136911392218705297e-01
9.899999999999999911e-01
7.880296498369924185e-01
9.899999999999999911e-01
9.899999999999999911e-01
9.899999999999999911e-01
9.014178523726890102e-01
9.899999999999999911e-01
7.116297342955406613e-01
9.899999999999999911e-01
9.899999999999999911e-01
9.899999999999999911e-01
7.602479540742477226e-01
9.899999999999999911e-01
9.899999999999999911e-01
9.899999999999999911e-01
7.262669324661137349e-01
9.899999999999999911e-01
9.899999999999999911e-01
9.850952553036294024e-01
7.437480180260022111e-01
9.899999999999999911e-01
9.899999999999999911e-01
9.899999999999999911e-01
8.263060433598614640e-01
9.899999999999999911e-01
9.899999999999999911e-01
9.899999999999999911e-01
8.485479362484061872e-01
9.899999999999999911e-01
9.899999999999999911e-01
9.899999999999999911e-01
8.808702012433198281e-01
9.899999999999999911e-01
9.899999999999999911e-01
8.518393788660183485e-01
9.899999999999999911e-01
9.899999999999999911e-01
9.899999999999999911e-01
8.364029804649325550e-01
9.899999999999999911e-01
9.899999999999999911e-01
9.457606845952046815e-01
9.899999999999999911e-01
9.899999999999999911e-01
9.899999999999999911e-01
8.547321425221927615e-01
9.818313632098820687e-01
9.899999999999999911e-01
9.899999999999999911e-01
9.899999999999999911e-01
9.899999999999999911e-01
8.804928111455012640e-01
9.899999999999999911e-01
9.899999999999999911e-01
9.899999999999999911e-01
8.858902237953142356e-01
9.899999999999999911e-01
9.899999999999999911e-01
9.899999999999999911e-01
9.899999999999999911e-01
9.130159690741926903e-01
9.899999999999999911e-01
9.899999999999999911e-01
9.899999999999999911e-01
9.899999999999999911e-01
8.505135793798087596e-01
9.899999999999999911e-01
9.656819346643971125e-01
9.899999999999999911e-01
8.795140643235402900e-01
9.899999999999999911e-01
9.899999999999999911e-01
9.764978805827578823e-01
9.213681454595076259e-01
9.899999999999999911e-01
9.889795774823043617e-01
9.899999999999999911e-01
9.899999999999999911e-01
9.899999999999999911e-01
9.042222859640173249e-01
9.899999999999999911e-01
9.899999999999999911e-01
9.899999999999999911e-01
8.190812519693370097e-01
9.899999999999999911e-01
9.899999999999999911e-01
9.897095030410300032e-01
8.248450077483181486e-01
9.899999999999999911e-01
9.899999999999999911e-01
9.899999999999999911e-01
7.048327541582944944e-01
9.899999999999999911e-01
9.899999999999999911e-01
9.899999999999999911e-01
9.899999999999999911e-01
9.899999999999999911e-01
9.899999999999999911e-01
9.574931194829919834e-01
9.899999999999999911e-01
9.899999999999999911e-01
9.899999999999999911e-01
8.589042322338935609e-01
9.899999999999999911e-01
9.899999999999999911e-01
9.899999999999999911e-01
7.594005812221550356e-01
9.899999999999999911e-01
9.899999999999999911e-01
9.023923439339359698e-01
9.899999999999999911e-01
9.899999999999999911e-01
7.706062011553979074e-01
9.899999999999999911e-01
9.899464193225996356e-01
8.916445324635395853e-01
9.736181319072214624e-01
9.899999999999999911e-01
9.899999999999999911e-01
7.135884652166086806e-01
9.644632602766288754e-01
9.899999999999999911e-01
9.899999999999999911e-01
9.222350688125087181e-01
9.899999999999999911e-01
9.899999999999999911e-01
9.899999999999999911e-01
7.089208729834509670e-01
9.625983554004964304e-01
9.899999999999999911e-01
9.899999999999999911e-01
7.356106235913125735e-01
9.899999999999999911e-01
9.899999999999999911e-01
9.899999999999999911e-01
8.147592273004898855e-01
9.899999999999999911e-01
9.899999999999999911e-01
9.899999999999999911e-01
8.222475497282004664e-01
7.957476943300636485e-01
9.899999999999999911e-01
9.899999999999999911e-01
9.899999999999999911e-01
8.034970359196225154e-01
9.899999999999999911e-01
9.863864382962794775e-01
9.784151403105267875e-01
7.789784334260088094e-01
9.899999999999999911e-01
9.607865454702829711e-01
9.899999999999999911e-01
8.339741225311266826e-01
9.899999999999999911e-01
9.680463093920700368e-01
9.899999999999999911e-01
8.802541084178788777e-01
9.899999999999999911e-01
9.899999999999999911e-01
9.899999999999999911e-01
8.024194971833593648e-01
9.899999999999999911e-01
9.899999999999999911e-01
9.899999999999999911e-01
9.068834643285278441e-01
9.899999999999999911e-01
9.899999999999999911e-01
9.899999999999999911e-01
8.750783651536175878e-01
9.899999999999999911e-01
9.899999999999999911e-01
9.892656760964725349e-01
9.042603419905389517e-01
9.899999999999999911e-01
9.563121614744722887e-01
9.899999999999999911e-01
7.076021155474971902e-01
9.899999999999999911e-01
9.719847679092699089e-01
9.899999999999999911e-01
8.772601247646623079e-01
9.899999999999999911e-01
9.899999999999999911e-01
9.899999999999999911e-01
8.966385804044747498e-01
9.899999999999999911e-01
9.899999999999999911e-01
9.899999999999999911e-01
7.013689157301101762e-01
9.899999999999999911e-01
9.862685708788856420e-01
9.899999999999999911e-01
8.016584141083343829e-01
9.899999999999999911e-01
9.899999999999999911e-01
9.899999999999999911e-01
7.792445217876952102e-01
9.899999999999999911e-01
9.899999999999999911e-01
9.899999999999999911e-01
8.925032101336678458e-01
9.899999999999999911e-01
9.899999999999999911e-01
9.899999999999999911e-01
8.126012276448054683e-01
9.840371352131258575e-01
9.899999999999999911e-01
9.899999999999999911e-01
7.487184328356086827e-01
9.899999999999999911e-01
9.899999999999999911e-01
9.899999999999999911e-01
8.367434609384214461e-01
9.899999999999999911e-01
9.899999999999999911e-01
9.700930724571463770e-01
8.317366883072102590e-01
9.899999999999999911e-01
9.899999999999999911e-01
9.899999999999999911e-01
8.281367155195392682e-01
9.899999999999999911e-01
9.899999999999999911e-01
9.899999999999999911e-01
8.428461294212180599e-01
9.899999999999999911e-01
9.754677533920018684e-01
9.899999999999999911e-01
9.899999999999999911e-01
9.811262192379714975e-01
9.899999999999999911e-01
9.899999999999999911e-01
8.609798114442224204e-01
9.888331373983338946e-01
9.899999999999999911e-01
9.899999999999999911e-01
8.412089419061817841e-01
9.899999999999999911e-01
9.899999999999999911e-01
9.899999999999999911e-01
9.666525433042189031e-01
9.899999999999999911e-01
9.899999999999999911e-01
9.899999999999999911e-01
7.870753424455714242e-01
9.899999999999999911e-01
9.899999999999999911e-01
9.899999999999999911e-01
9.661898536446659191e-01
6.922267005323570199e-01
9.899999999999999911e-01
9.792211064868033832e-01
9.899999999999999911e-01
7.596434148780061291e-01
9.899999999999999911e-01
9.899999999999999911e-01
9.719949131877158033e-01
9.118472154249169792e-01
9.899999999999999911e-01
9.899999999999999911e-01
9.899999999999999911e-01
8.910888599838081570e-01
9.899999999999999911e-01
9.899999999999999911e-01
7.486631522326026023e-01
9.658608011627005663e-01
9.633571213467388983e-01
9.899999999999999911e-01
8.797698483692220073e-01
9.899999999999999911e-01
9.899999999999999911e-01
9.899999999999999911e-01
7.158912277884817987e-01
9.554993185912205034e-01
9.899999999999999911e-01
9.899999999999999911e-01
9.030628554915209882e-01
9.899999999999999911e-01
9.899999999999999911e-01
7.979909936123282810e-01
9.899999999999999911e-01
9.899999999999999911e-01
9.899999999999999911e-01
8.083495064150368892e-01
9.899999999999999911e-01
9.899999999999999911e-01
9.899999999999999911e-01
7.530057190693498770e-01
9.732313230431064444e-01
9.302658654857676179e-01
9.899999999999999911e-01
9.899999999999999911e-01
9.899999999999999911e-01
7.479792568203732506e-01
9.899999999999999911e-01
9.894886430786529186e-01
9.641021604774494547e-01
8.488741552277249136e-01
9.033442332682992681e-01
9.899999999999999911e-01
9.899999999999999911e-01
9.059342000076602286e-01
9.899999999999999911e-01
9.899999999999999911e-01
9.899999999999999911e-01
8.002646668877592129e-01
9.899999999999999911e-01
9.899999999999999911e-01
9.899999999999999911e-01
8.582141403254732737e-01
9.899999999999999911e-01
9.899999999999999911e-01
9.899999999999999911e-01
7.358312496639012323e-01
9.899999999999999911e-01
9.899999999999999911e-01
9.899999999999999911e-01
8.788462390236880806e-01
9.899999999999999911e-01
9.899999999999999911e-01
9.899999999999999911e-01
8.607535560559516075e-01
9.899999999999999911e-01
9.899999999999999911e-01
9.691021082480124615e-01
7.432338456599172360e-01
9.899999999999999911e-01
9.899999999999999911e-01
9.899999999999999911e-01
7.686590150052380332e-01
9.899999999999999911e-01
9.899999999999999911e-01
9.899999999999999911e-01
9.821649382762220881e-01
9.899999999999999911e-01
8.950221222084295825e-01
9.899999999999999911e-01
9.899999999999999911e-01
9.899999999999999911e-01
8.572116140550852803e-01
9.899999999999999911e-01
9.899999999999999911e-01
8.800394337513397502e-01
9.899999999999999911e-01
9.899999999999999911e-01
9.899999999999999911e-01
8.505009556171793106e-01
9.899999999999999911e-01
7.565572541546304874e-01
9.685494519877326791e-01
9.899999999999999911e-01
9.899999999999999911e-01
9.722197436133624970e-01
9.899999999999999911e-01
9.899999999999998801e-01
9.899999999999999911e-01
8.539885366337042205e-01
9.899999999999999911e-01
9.899999999999999911e-01
9.899999999999999911e-01
7.643657885277331809e-01
9.899999999999999911e-01
9.899999999999999911e-01
9.899999999999999911e-01
7.254474708569584873e-01
9.828412381281873555e-01
9.899999999999999911e-01
9.899999999999999911e-01
8.807617056057912563e-01
9.899999999999999911e-01
9.899999999999999911e-01
9.899999999999999911e-01
7.699604331255930356e-01
9.899999999999999911e-01
9.899999999999999911e-01
9.899999999999999911e-01
8.807586039545265422e-01
9.899999999999999911e-01
9.899999999999999911e-01
9.899999999999999911e-01
7.951460625724051656e-01
9.899999999999999911e-01
9.899999999999999911e-01
9.839570219066309242e-01
7.536046384907419959e-01
9.899999999999999911e-01
9.899999999999999911e-01
9.782837085728832704e-01
9.085552954152931182e-01
9.899999999999999911e-01
9.899999999999999911e-01
9.899999999999999911e-01
7.281573246254090526e-01
9.899999999999999911e-01
9.899999999999999911e-01
9.899999999999999911e-01
9.744169097979872296e-01
9.894089060083582909e-01
9.899999999999999911e-01
9.899999999999999911e-01
8.029259427879861244e-01
9.899999999999999911e-01
9.899999999999999911e-01
9.899999999999999911e-01
8.764086022856494296e-01
9.899999999999999911e-01
9.899999999999999911e-01
9.899999999999999911e-01
7.065009871466083613e-01
9.899999999999999911e-01
9.899999999999999911e-01
9.899999999999999911e-01
8.997533316476922227e-01
9.899999999999999911e-01
9.899999999999999911e-01
9.899999999999999911e-01
7.812393643270333365e-01
9.817142435020747016e-01
9.899999999999999911e-01
9.895425826257003843e-01
8.054767506225054552e-01
9.862011380363143731e-01
9.899999999999999911e-01
9.899999999999999911e-01
7.876789225649722948e-01
9.899999999999999911e-01
9.899999999999999911e-01
9.899999999999999911e-01
7.230129122177142431e-01
9.899999999999999911e-01
9.899999999999999911e-01
9.899999999999999911e-01
7.867551165683129843e-01
9.899999999999999911e-01
9.899999999999999911e-01
9.899999999999999911e-01
7.173021966219611523e-01
9.804771902197804145e-01
9.899999999999999911e-01
9.899999999999999911e-01
7.829169050562619914e-01
9.899999999999999911e-01
9.671623539220572940e-01
9.899999999999999911e-01
8.842049163280217838e-01
9.899999999999999911e-01
9.899999999999999911e-01
7.150813904603937621e-01
9.899999999999999911e-01
9.899999999999999911e-01
9.799967829903545313e-01
7.151575630289086494e-01
7.898576259845778713e-01
9.899999999999999911e-01
9.899999999999999911e-01
9.899999999999999911e-01
8.939506572819694297e-01
9.899999999999999911e-01
9.899999999999999911e-01
9.899999999999999911e-01
7.617019343847126756e-01
9.899999999999999911e-01
9.899999999999999911e-01
9.734853789187194462e-01
7.349066182435061156e-01
9.899999999999999911e-01
9.899999999999999911e-01
9.899999999999999911e-01
7.265536011224897894e-01
9.899999999999999911e-01
9.899999999999999911e-01
9.899999999999999911e-01
8.235605908111026663e-01
9.899999999999999911e-01
9.877218857602751978e-01
9.899999999999999911e-01
7.001831209080860985e-01
9.899999999999999911e-01
9.899999999999999911e-01
9.899999999999999911e-01
7.731598254466219844e-01
9.899999999999999911e-01
9.899999999999999911e-01
9.899999999999999911e-01
7.687385051242188183e-01
9.899999999999999911e-01
9.786368751907534858e-01
9.899999999999999911e-01
8.959812434092864208e-01
9.779459283324207775e-01
9.899999999999999911e-01
9.899999999999999911e-01
8.174886184694009073e-01
9.899999999999999911e-01
9.899999999999999911e-01
9.899999999999999911e-01
9.163642907629370171e-01
9.899999999999999911e-01
9.824468349973901615e-01
8.384931285697602155e-01
9.747003863599885687e-01
9.899999999999999911e-01
9.899999999999999911e-01
8.200213011454224876e-01
9.899999999999999911e-01
9.899999999999999911e-01
8.523919136962175847e-01
9.899999999999999911e-01
9.899999999999999911e-01
9.899999999999999911e-01
8.103979532153481324e-01
9.899999999999999911e-01
9.899999999999999911e-01
9.899999999999999911e-01
7.161772181098861045e-01
9.899999999999999911e-01
9.899999999999999911e-01
9.899999999999999911e-01
8.128530817306487410e-01
9.899999999999999911e-01
8.642911384471081426e-01
9.899999999999999911e-01
9.899999999999999911e-01
9.899999999999999911e-01
7.369216139220735595e-01
9.899999999999999911e-01
9.899999999999999911e-01
9.755633625902153661e-01
7.012933837597327136e-01
9.899999999999999911e-01
9.899999999999999911e-01
9.853722826571235105e-01
7.691532239212272026e-01
9.899999999999999911e-01
9.899999999999999911e-01
9.899999999999999911e-01
7.687971999146115953e-01
9.899999999999999911e-01
9.899999999999999911e-01
8.311822749110332476e-01
9.899999999999999911e-01
9.899999999999999911e-01
8.812467476741507877e-01
9.899999999999999911e-01
9.899999999999999911e-01
9.899999999999999911e-01
7.977971603259396138e-01
9.899999999999999911e-01
9.899999999999999911e-01
9.899999999999999911e-01
7.427262579604901882e-01
9.899999999999999911e-01
9.899999999999999911e-01
9.899999999999999911e-01
8.416860781739140540e-01
9.899999999999999911e-01
9.761761712078407260e-01
9.899999999999999911e-01
8.869651576062854703e-01
9.899999999999999911e-01
9.899999999999999911e-01
7.400031685341051935e-01
9.899999999999999911e-01
9.899999999999999911e-01
9.885487418355171085e-01
7.882296067658568495e-01
9.899999999999999911e-01
9.899999999999999911e-01
9.899999999999999911e-01
7.965459252798026135e-01
9.899999999999999911e-01
9.895169166055216570e-01
9.899999999999999911e-01
7.355943012544763349e-01
9.699923649217533361e-01
9.899999999999999911e-01
9.899999999999999911e-01
8.332086636791695700e-01
9.899999999999999911e-01
9.899999999999999911e-01
9.789501330969456738e-01
7.384424364441602995e-01
9.899999999999999911e-01
9.899999999999999911e-01
9.774982506455869302e-01
8.698977305832834572e-01
9.899999999999999911e-01
9.735818143263826885e-01
9.899999999999999911e-01
7.615709047582386315e-01
9.899999999999999911e-01
9.899999999999999911e-01
9.899999999999999911e-01
8.089095963232264541e-01
9.899999999999999911e-01
9.899999999999999911e-01
9.899999999999999911e-01
8.427568077791068868e-01
9.899999999999999911e-01
9.899999999999999911e-01
9.739343639906512529e-01
7.390013545880503854e-01
9.899999999999999911e-01
9.899999999999999911e-01
9.899999999999999911e-01
8.580160355046506648e-01
9.899999999999999911e-01
7.721383968856470048e-01
9.899999999999999911e-01
9.899999999999999911e-01
9.730182849837081260e-01
8.598225830448570361e-01
9.899999999999999911e-01
9.899999999999999911e-01
9.899999999999999911e-01
7.599623205330341413e-01
9.899999999999999911e-01
9.899999999999999911e-01
7.124062475564920671e-01
9.899999999999999911e-01
9.899999999999999911e-01
9.899999999999999911e-01
7.026506088831643293e-01
9.899999999999999911e-01
9.853162263048161895e-01
9.899999999999999911e-01
7.948203808727795083e-01
9.899999999999999911e-01
9.899999999999999911e-01
8.718633507134238014e-01
9.899999999999999911e-01
9.899999999999999911e-01
9.899999999999999911e-01
8.664928784695650199e-01
9.899999999999999911e-01
9.899999999999999911e-01
7.435165434846464638e-01
9.899999999999999911e-01
9.899999999999999911e-01
9.899999999999999911e-01
9.741163764413118820e-01
9.899999999999999911e-01
9.899999999999999911e-01
9.899999999999999911e-01
7.418890258201364940e-01
9.598817737831697450e-01
9.899999999999999911e-01
9.899999999999999911e-01
7.878214211733406414e-01
9.899999999999999911e-01
9.782025357432925228e-01
9.899999999999999911e-01
8.871255818269443427e-01
9.899999999999999911e-01
9.234506909444942790e-01
9.722698863368467448e-01
8.542872520499850131e-01
9.899999999999999911e-01
9.899999999999999911e-01
8.289797642273323275e-01
9.899999999999999911e-01
9.899999999999999911e-01
9.615274634088012418e-01
8.186360568435396834e-01
9.617850493495909703e-01
9.899999999999999911e-01
9.899999999999999911e-01
7.282193818689044473e-01
9.899999999999999911e-01
9.899999999999999911e-01
9.899999999999999911e-01
8.344968728453848739e-01
9.838553639348218693e-01
7.270248841816177032e-01
9.899999999999999911e-01
9.899999999999999911e-01
7.984444090193262289e-01
9.899999999999999911e-01
9.899999999999999911e-01
9.899999999999999911e-01
8.889537274240051357e-01
9.899999999999999911e-01
9.899999999999999911e-01
9.899999999999999911e-01
8.479717307415082228e-01
9.886142637364410124e-01
9.899999999999999911e-01
7.565468414356532056e-01
9.899999999999999911e-01
9.899999999999999911e-01
9.899999999999999911e-01
8.875689833186073407e-01
9.853940475098874607e-01
9.699493838011656877e-01
9.646208682778921739e-01
7.639975740456751430e-01
9.899999999999999911e-01
9.899999999999999911e-01
8.911873260486222748e-01
9.851270074150496603e-01
9.899999999999999911e-01
9.899999999999999911e-01
7.555488886251282565e-01
9.729752232360738828e-01
9.738742788561861596e-01
8.819372308531099325e-01
9.668673101317547536e-01
9.771843186370590129e-01
9.653721091957482292e-01
8.100577640286190650e-01
9.899999999999999911e-01
9.899999999999999911e-01
9.899999999999999911e-01
9.129282873252688724e-01
9.880477209527792626e-01
9.899999999999999911e-01
9.899999999999999911e-01
8.174762069998091629e-01
9.899999999999999911e-01
9.899999999999999911e-01
9.899999999999999911e-01
7.805837425957463660e-01
9.779738586483112117e-01
9.828759365024279937e-01
9.899999999999999911e-01
8.847665835115653410e-01
9.800967886127253115e-01
9.899999999999999911e-01
9.790261750949990072e-01
7.977817564484660506e-01
9.899999999999999911e-01
9.899999999999999911e-01
8.975386115993561065e-01
9.899999999999999911e-01
9.806556068674256998e-01
9.832839298166636821e-01
8.594713810090108819e-01
9.899999999999999911e-01
8.547500380383704632e-01
9.899999999999999911e-01
9.673961402366978435e-01
9.899999999999999911e-01
7.363545673810126813e-01
9.899999999999999911e-01
9.899999999999999911e-01
9.899999999999999911e-01
8.876115533918707001e-01
9.899999999999999911e-01
9.899999999999999911e-01
9.899999999999999911e-01
8.552378766358340600e-01
9.899999999999999911e-01
9.899999999999999911e-01
7.312734946843806316e-01
9.899999999999999911e-01
9.899999999999999911e-01
9.899999999999999911e-01
8.799271258232116422e-01
9.899999999999999911e-01
9.899999999999999911e-01
9.899999999999999911e-01
8.832713665905509437e-01
9.899999999999999911e-01
9.899999999999999911e-01
9.899999999999999911e-01
8.658671063266182300e-01
9.899999999999999911e-01
9.899999999999999911e-01
9.899999999999999911e-01
7.301684894621829347e-01
9.899999999999999911e-01
9.899999999999999911e-01
9.899999999999999911e-01
7.416583360053151663e-01
9.899999999999999911e-01
9.899999999999999911e-01
9.899999999999999911e-01
7.581741139843840571e-01
9.899999999999999911e-01
9.899999999999999911e-01
7.242679940370095881e-01
9.899999999999999911e-01
9.899999999999999911e-01
9.899999999999999911e-01
8.660575003565006424e-01
9.899999999999999911e-01
9.899999999999999911e-01
7.098960966111599324e-01
9.899999999999999911e-01
9.899999999999999911e-01
9.899999999999999911e-01
8.803001995487624853e-01
9.899999999999999911e-01
7.211777693838695713e-01
9.899999999999999911e-01
9.729922407823349273e-01
7.106445121840617718e-01
9.730309684727138642e-01
9.899999999999999911e-01
8.728455088357546243e-01
9.899999999999999911e-01
9.591565606693318591e-01
8.826106386722002428e-01
9.899999999999999911e-01
9.639984037950469764e-01
9.899999999999999911e-01
8.978680781361690899e-01
9.767325183626643925e-01
9.899999999999999911e-01
7.661815191362025823e-01
9.899999999999999911e-01
9.899999999999999911e-01
9.549981641117016862e-01
7.761402105887194036e-01
9.899999999999999911e-01
9.899999999999999911e-01
9.899999999999999911e-01
8.201055703869919444e-01
9.832248121190463319e-01
9.899999999999999911e-01
9.899999999999999911e-01
9.013114789727709741e-01
9.899999999999999911e-01
9.899999999999999911e-01
8.868294945578917288e-01
9.899999999999999911e-01
9.899999999999999911e-01
9.899999999999999911e-01
8.706895225392407012e-01
9.899999999999999911e-01
9.899999999999999911e-01
8.689253961590541753e-01
9.899999999999999911e-01
9.899999999999999911e-01
9.702494713980575058e-01
9.352184286234269672e-01
9.899999999999999911e-01
9.899999999999999911e-01
9.899999999999999911e-01
9.899999999999999911e-01
9.899999999999999911e-01
9.006802697278241121e-01
9.899999999999999911e-01
9.899999999999999911e-01
7.427769079174508793e-01
9.899999999999999911e-01
9.899999999999999911e-01
9.899999999999999911e-01
7.969337842835036989e-01
9.899999999999999911e-01
9.899999999999999911e-01
9.899999999999999911e-01
8.051501286267620516e-01
9.599828676694284191e-01
6.940844447415984719e-01
9.899999999999999911e-01
9.899999999999999911e-01
8.521148646427887385e-01
9.899999999999999911e-01
9.621438712669061477e-01
9.653498800272607427e-01
8.313151365302596796e-01
9.899999999999999911e-01
9.899999999999999911e-01
9.899999999999999911e-01
7.802698715816885899e-01
9.899999999999999911e-01
9.899999999999999911e-01
7.837293033402643605e-01
9.643964605384873767e-01
9.899999999999999911e-01
9.899999999999999911e-01
8.296407282988421672e-01
9.899999999999999911e-01
9.899999999999999911e-01
9.899999999999999911e-01
8.946743583958660651e-01
9.899999999999999911e-01
9.899999999999999911e-01
9.899999999999999911e-01
8.028943755427385698e-01
9.703563264942038913e-01
9.899999999999999911e-01
9.899999999999999911e-01
8.082089876703287823e-01
9.899999999999999911e-01
9.795117302589161357e-01
9.899999999999999911e-01
8.383704727449772243e-01
9.713876716367058073e-01
9.899999999999999911e-01
9.899999999999999911e-01
7.543428117315410519e-01
9.899999999999999911e-01
9.522755046231763387e-01
9.899999999999999911e-01
7.760209553762215107e-01
9.899999999999999911e-01
9.899999999999999911e-01
9.899999999999999911e-01
8.512988081031697130e-01
9.899999999999999911e-01
9.899999999999999911e-01
9.899999999999999911e-01
7.853290302957991464e-01
9.899999999999999911e-01
9.875768385444345654e-01
9.899999999999999911e-01
8.176582971150764267e-01
9.899999999999999911e-01
9.746704237855224884e-01
8.744151896324470208e-01
9.899999999999999911e-01
9.899999999999999911e-01
9.899999999999999911e-01
