9.245436202821969429e-01
9.899999999999999911e-01
9.899999999999999911e-01
9.899999999999996581e-01
7.419866407896807958e-01
9.899999999999999911e-01
9.899999999999999911e-01
9.899999999999999911e-01
8.817004651852462516e-01
9.856349518736988724e-01
9.899999999999999911e-01
9.899999999999999911e-01
8.237760972446112051e-01
9.899999999999999911e-01
9.899999999999999911e-01
9.899999999999999911e-01
8.917390372701889945e-01
9.899999999999999911e-01
9.899999999999999911e-01
9.899999999999999911e-01
8.275460884063096101e-01
9.899999999999999911e-01
9.899999999999999911e-01
9.899999999999999911e-01
9.043537161785136780e-01
9.899999999999999911e-01
9.899999999999999911e-01
9.899999999999999911e-01
8.764851867441317834e-01
9.899999999999999911e-01
9.899999999999999911e-01
9.899999999999999911e-01
8.871140491598936695e-01
9.899999999999999911e-01
9.899999999999999911e-01
9.899999999999999911e-01
9.119617334872073267e-01
9.899999999999999911e-01
9.899999999999999911e-01
9.899999999999999911e-01
8.888668518380583583e-01
9.899999999999999911e-01
9.899999999999999911e-01
9.899999999999999911e-01
9.110932711809210938e-01
9.899999999999999911e-01
9.899999999999999911e-01
9.899999999999999911e-01
9.080710627364498855e-01
9.899999999999999911e-01
9.767314110358142898e-01
9.899999999999999911e-01
8.930180110350839362e-01
9.899999999999999911e-01
9.899999999999999911e-01
9.899999999999999911e-01
7.284869275340816186e-01
9.899999999999999911e-01
9.899999999999999911e-01
9.899999999999999911e-01
8.052167372102451148e-01
9.899999999999999911e-01
9.899999999999999911e-01
9.899999999999999911e-01
7.533119772868612785e-01
9.887548063281018651e-01
9.899999999999999911e-01
9.899999999999999911e-01
7.889142999326259620e-01
9.899999999999999911e-01
9.899999999999999911e-01
9.899999999999999911e-01
8.926234366060641356e-01
9.899999999999999911e-01
9.899999999999999911e-01
9.899999999999999911e-01
9.205286787142920035e-01
9.899999999999999911e-01
9.899999999999997691e-01
9.899999999999999911e-01
8.779128267759480631e-01
9.899999999999999911e-01
9.899999999999999911e-01
9.899999999999999911e-01
8.450558715636607987e-01
9.899999999999999911e-01
9.899999999999999911e-01
9.899999999999999911e-01
8.940041098397638608e-01
9.899999999999999911e-01
9.899999999999999911e-01
9.899999999999999911e-01
8.439746338928375557e-01
9.899999999999999911e-01
9.899999999999999911e-01
9.899999999999999911e-01
7.946271166642386863e-01
9.899999999999999911e-01
9.815986493182784489e-01
9.899999999999999911e-01
8.204150286444261697e-01
9.899999999999999911e-01
9.899999999999999911e-01
9.899999999999999911e-01
8.404177131817039959e-01
9.899999999999999911e-01
9.899999999999999911e-01
9.899999999999999911e-01
8.222055281570306295e-01
9.899999999999999911e-01
7.981465938616981726e-01
9.899999999999999911e-01
9.899999999999999911e-01
9.899999999999999911e-01
9.095440565046117865e-01
9.899999999999999911e-01
7.240387129443921488e-01
9.899999999999999911e-01
9.899999999999999911e-01
9.899999999999999911e-01
7.723865121167488024e-01
9.899999999999999911e-01
9.899999999999999911e-01
9.899999999999999911e-01
7.370959609166163329e-01
9.899999999999999911e-01
9.899999999999999911e-01
9.899999999999999911e-01
7.531163444622973602e-01
9.899999999999999911e-01
9.899999999999999911e-01
9.899999999999999911e-01
8.379231820872399261e-01
9.899999999999999911e-01
9.899999999999999911e-01
9.899999999999999911e-01
8.602610957728584751e-01
9.899999999999999911e-01
9.899999999999999911e-01
9.899999999999999911e-01
8.846502360167841639e-01
9.899999999999999911e-01
9.899999999999999911e-01
8.568800741412601063e-01
9.899999999999999911e-01
9.899999999999999911e-01
9.899999999999999911e-01
8.411773830420272713e-01
9.899999999999999911e-01
9.899999999999999911e-01
9.480745297345998246e-01
9.899999999999999911e-01
9.899999999999999911e-01
9.899999999999999911e-01
8.612889375308190321e-01
9.899999999999999911e-01
9.899999999999999911e-01
9.899999999999999911e-01
9.899999999999999911e-01
9.899999999999999911e-01
8.864746765133850737e-01
9.899999999999999911e-01
9.899999999999999911e-01
9.899999999999999911e-01
8.931355124808300072e-01
9.899999999999999911e-01
9.899999999999999911e-01
9.899999999999999911e-01
9.899999999999999911e-01
9.220356818743844496e-01
9.899999999999999911e-01
9.899999999999999911e-01
9.899999999999999911e-01
9.899999999999999911e-01
8.570737715367940934e-01
9.899999999999999911e-01
9.740714547682934876e-01
9.899999999999999911e-01
8.851426300422696736e-01
9.899999999999999911e-01
9.899999999999999911e-01
9.830739341008026821e-01
9.294984272507768042e-01
9.899999999999999911e-01
9.899999999999999911e-01
9.899999999999999911e-01
9.899999999999999911e-01
9.899999999999999911e-01
9.123924873176735284e-01
9.899999999999999911e-01
9.899999999999999911e-01
9.899999999999999911e-01
8.256635382456006811e-01
9.899999999999999911e-01
9.899999999999999911e-01
9.899999999999999911e-01
8.361218674255908034e-01
9.899999999999999911e-01
9.899999999999999911e-01
9.899999999999999911e-01
7.166116482619806494e-01
9.899999999999999911e-01
9.899999999999999911e-01
9.899999999999999911e-01
9.899999999999999911e-01
9.899999999999999911e-01
9.899999999999999911e-01
9.593923656899123742e-01
9.899999999999999911e-01
9.899999999999999911e-01
9.899999999999999911e-01
8.706441449884734229e-01
9.899999999999999911e-01
9.899999999999999911e-01
9.899999999999999911e-01
7.663672408050389295e-01
9.899999999999999911e-01
9.899999999999999911e-01
9.097045804196445262e-01
9.899999999999999911e-01
9.899999999999999911e-01
7.781681087763142601e-01
9.899999999999999911e-01
9.899999999999999911e-01
8.991843791672328168e-01
9.810293099940812223e-01
9.899999999999999911e-01
9.899999999999999911e-01
7.221702717648393888e-01
9.763780184926155181e-01
9.899999999999999911e-01
9.899999999999999911e-01
9.286333140574810630e-01
9.899999999999999911e-01
9.899999999999999911e-01
9.899999999999999911e-01
7.211408056537014222e-01
9.743536345137484567e-01
9.899999999999999911e-01
9.899999999999999911e-01
7.459756680328081258e-01
9.899999999999999911e-01
9.899999999999999911e-01
9.899999999999999911e-01
8.257965894380612237e-01
9.899999999999999911e-01
9.899999999999999911e-01
9.899999999999999911e-01
8.286069587186681851e-01
8.074252326544595348e-01
9.899999999999999911e-01
9.899999999999999911e-01
9.899999999999999911e-01
8.155146325690498799e-01
9.899999999999999911e-01
9.899999999999999911e-01
9.899999999999999911e-01
7.905995399403504820e-01
9.899999999999999911e-01
9.718524005053277293e-01
9.899999999999999911e-01
8.456958506846279366e-01
9.899999999999999911e-01
9.789357169068411135e-01
9.899999999999999911e-01
8.900248514160726820e-01
9.899999999999999911e-01
9.899999999999999911e-01
9.899999999999999911e-01
8.111977041308444658e-01
9.899999999999999911e-01
9.899999999999999911e-01
9.899999999999999911e-01
9.182109372392226465e-01
9.899999999999999911e-01
9.899999999999999911e-01
9.899999999999999911e-01
8.799946154364459705e-01
9.899999999999999911e-01
9.899999999999999911e-01
9.899999999999999911e-01
9.160731164527293746e-01
9.899999999999999911e-01
9.683389485556473941e-01
9.899999999999999911e-01
7.198806511139184128e-01
9.899999999999999911e-01
9.834705157307751522e-01
9.899999999999999911e-01
8.889082730304507241e-01
9.899999999999999911e-01
9.899999999999999911e-01
9.899999999999999911e-01
9.085485280604339575e-01
9.899999999999999911e-01
9.899999999999999911e-01
9.899999999999999911e-01
7.117573456451808944e-01
9.899999999999999911e-01
9.899999999999999911e-01
9.899999999999999911e-01
8.119814506316347380e-01
9.899999999999999911e-01
9.899999999999999911e-01
9.899999999999999911e-01
7.906539266065757410e-01
9.899999999999999911e-01
9.899999999999999911e-01
9.899999999999999911e-01
9.035595220485037604e-01
9.899999999999999911e-01
9.899999999999999911e-01
9.899999999999999911e-01
8.245958096197510967e-01
9.899999999999999911e-01
9.899999999999999911e-01
9.899999999999999911e-01
7.605460605081107994e-01
9.899999999999999911e-01
9.899999999999999911e-01
9.899999999999999911e-01
8.477192612555550788e-01
9.899999999999999911e-01
9.899999999999999911e-01
9.814556500043960519e-01
8.433693409842758504e-01
9.899999999999999911e-01
9.899999999999999911e-01
9.899999999999999911e-01
8.390489702369099412e-01
9.899999999999999911e-01
9.899999999999999911e-01
9.899999999999999911e-01
8.543375055947279861e-01
9.899999999999999911e-01
9.874462841934751323e-01
9.899999999999999911e-01
9.899999999999999911e-01
9.841151984710977407e-01
9.899999999999999911e-01
9.899999999999999911e-01
8.668811740011235223e-01
9.899999999999999911e-01
9.899999999999999911e-01
9.899999999999999911e-01
8.528834504370483849e-01
9.899999999999999911e-01
9.899999999999999911e-01
9.899999999999999911e-01
9.677842740472898386e-01
9.899999999999999911e-01
9.899999999999999911e-01
9.899999999999999911e-01
7.933263764833462517e-01
9.899999999999999911e-01
9.899999999999999911e-01
9.899999999999999911e-01
9.749530813484903469e-01
7.039417412080634096e-01
9.899999999999999911e-01
9.899999999999999911e-01
9.899999999999999911e-01
7.672593329656924865e-01
9.899999999999999911e-01
9.899999999999999911e-01
9.806466890396133840e-01
9.215394246332798689e-01
9.899999999999999911e-01
9.899999999999999911e-01
9.899999999999999911e-01
9.019485365701291890e-01
9.899999999999999911e-01
9.899999999999999911e-01
7.598905817400587459e-01
9.776749884993253259e-01
9.748652314696334420e-01
9.899999999999999911e-01
8.916525361256020243e-01
9.899999999999999911e-01
9.899999999999999911e-01
9.899999999999999911e-01
7.282602108287991038e-01
9.674211307745308464e-01
9.899999999999999911e-01
9.899999999999999911e-01
9.117872653185132847e-01
9.899999999999999911e-01
9.899999999999999911e-01
8.088814351448646578e-01
9.899999999999999911e-01
9.899999999999999911e-01
9.899999999999999911e-01
8.202844599969159045e-01
9.899999999999999911e-01
9.899999999999999911e-01
9.899999999999999911e-01
7.605750323579315575e-01
9.812298634067773140e-01
9.344536833970643608e-01
9.899999999999999911e-01
9.899999999999999911e-01
9.899999999999999911e-01
7.601413322311452170e-01
9.899999999999999911e-01
9.899999999999999911e-01
9.759971459228428126e-01
8.582094175209604714e-01
9.142065948328607083e-01
9.899999999999999911e-01
9.899999999999999911e-01
9.174244584526978219e-01
9.899999999999999911e-01
9.899999999999999911e-01
9.899999999999999911e-01
8.113443079003838099e-01
9.899999999999999911e-01
9.899999999999999911e-01
9.899999999999999911e-01
8.697709426842438196e-01
9.899999999999999911e-01
9.899999999999999911e-01
9.899999999999999911e-01
7.463202387491401080e-01
9.899999999999999911e-01
9.899999999999999911e-01
9.899999999999999911e-01
8.906300707571828124e-01
9.899999999999999911e-01
9.899999999999999911e-01
9.899999999999999911e-01
8.720859375159176752e-01
9.899999999999999911e-01
9.899999999999999911e-01
9.809594706788642426e-01
7.531171592148041549e-01
9.899999999999999911e-01
9.899999999999999911e-01
9.899999999999999911e-01
7.807825936134243916e-01
9.899999999999999911e-01
9.899999999999999911e-01
9.899999999999999911e-01
9.871108339195140413e-01
9.899999999999999911e-01
9.022151830070450629e-01
9.899999999999999911e-01
9.899999999999999911e-01
9.899999999999999911e-01
8.648504059697932345e-01
9.899999999999999911e-01
9.899999999999999911e-01
8.918747559957741489e-01
9.899999999999999911e-01
9.899999999999999911e-01
9.899999999999999911e-01
8.575659950170345658e-01
9.899999999999999911e-01
7.666966536133723586e-01
9.799797019044828028e-01
9.899999999999999911e-01
9.899999999999999911e-01
9.731901315953773723e-01
9.899999999999999911e-01
9.899999999999999911e-01
9.899999999999999911e-01
8.644032275383864983e-01
9.899999999999999911e-01
9.899999999999999911e-01
9.899999999999999911e-01
7.746051187958525874e-01
9.899999999999999911e-01
9.899999999999999911e-01
9.899999999999999911e-01
7.363351860549579575e-01
9.899999999999999911e-01
9.899999999999999911e-01
9.899999999999999911e-01
8.884644535977745949e-01
9.899999999999999911e-01
9.899999999999999911e-01
9.899999999999999911e-01
7.807155492186932388e-01
9.899999999999999911e-01
9.899999999999999911e-01
9.899999999999999911e-01
8.914742500827564919e-01
9.899999999999999911e-01
9.899999999999999911e-01
9.899999999999999911e-01
8.053833126642707674e-01
9.899999999999999911e-01
9.899999999999999911e-01
9.899999999999999911e-01
7.613314391535159764e-01
9.899999999999999911e-01
9.899999999999999911e-01
9.860846358798887046e-01
9.182349801133160572e-01
9.899999999999999911e-01
9.899999999999999911e-01
9.899999999999999911e-01
7.395760126532494594e-01
9.899999999999999911e-01
9.899999999999999911e-01
9.899999999999999911e-01
9.751762248636196562e-01
9.899999999999999911e-01
9.899999999999999911e-01
9.899999999999999911e-01
8.102199560302617565e-01
9.899999999999999911e-01
9.899999999999999911e-01
9.899999999999999911e-01
8.827546466823995575e-01
9.899999999999999911e-01
9.899999999999999911e-01
9.899999999999999911e-01
7.187022693514729665e-01
9.899999999999999911e-01
9.899999999999999911e-01
9.899999999999999911e-01
9.109079160906656814e-01
9.899999999999999911e-01
9.899999999999999911e-01
9.899999999999999911e-01
7.882601402233337939e-01
9.899999999999999911e-01
9.899999999999999911e-01
9.899999999999999911e-01
8.157753170782482410e-01
9.899999999999999911e-01
9.899999999999999911e-01
9.899999999999999911e-01
7.991537347493355981e-01
9.899999999999999911e-01
9.899999999999999911e-01
9.899999999999999911e-01
7.353344072172494084e-01
9.899999999999999911e-01
9.899999999999999911e-01
9.899999999999999911e-01
7.972781050580546314e-01
9.899999999999999911e-01
9.899999999999999911e-01
9.899999999999999911e-01
7.283241180707162865e-01
9.879574444453180782e-01
9.899999999999999911e-01
9.899999999999999911e-01
7.949394824308744223e-01
9.899999999999999911e-01
9.790086215595232844e-01
9.899999999999999911e-01
8.923033518236710426e-01
9.899999999999999911e-01
9.899999999999999911e-01
7.250402094603685121e-01
9.899999999999999911e-01
9.899999999999999911e-01
9.888397961095479749e-01
7.236535114476956299e-01
8.002784677893319820e-01
9.899999999999999911e-01
9.899999999999999911e-01
9.899999999999999911e-01
8.972685197648866406e-01
9.899999999999999911e-01
9.899999999999999911e-01
9.899999999999999911e-01
7.713574457844132315e-01
9.899999999999999911e-01
9.899999999999999911e-01
9.837869137333300484e-01
7.470274892647550402e-01
9.899999999999999911e-01
9.899999999999999911e-01
9.899999999999999911e-01
7.388929999107093360e-01
9.899999999999999911e-01
9.899999999999999911e-01
9.899999999999999911e-01
8.349035015724561859e-01
9.899999999999999911e-01
9.899999999999999911e-01
9.899999999999999911e-01
7.095587787384296519e-01
9.899999999999999911e-01
9.899999999999999911e-01
9.899999999999999911e-01
7.845614596357370907e-01
9.899999999999999911e-01
9.899999999999999911e-01
9.899999999999999911e-01
7.802668055819761417e-01
9.899999999999999911e-01
9.899999999999999911e-01
9.899999999999999911e-01
9.048585175294894256e-01
9.829991657585919196e-01
9.899999999999999911e-01
9.899999999999999911e-01
8.245471206675329956e-01
9.899999999999999911e-01
9.899999999999999911e-01
9.899999999999999911e-01
9.212283316463198979e-01
9.899999999999999911e-01
9.879602021317749339e-01
8.473355797186089555e-01
9.845424225841573618e-01
9.899999999999999911e-01
9.899999999999999911e-01
8.254404044984809952e-01
9.899999999999999911e-01
9.899999999999999911e-01
8.596969838849177759e-01
9.899999999999999911e-01
9.899999999999999911e-01
9.899999999999999911e-01
8.195727596785609137e-01
9.899999999999999911e-01
9.899999999999999911e-01
9.899999999999999911e-01
7.252497316316078857e-01
9.899999999999999911e-01
9.899999999999999911e-01
9.899999999999999911e-01
8.187070962242021244e-01
9.899999999999999911e-01
8.734213841093569908e-01
9.899999999999999911e-01
9.899999999999999911e-01
9.899999999999999911e-01
7.471543711934470755e-01
9.899999999999999911e-01
9.899999999999999911e-01
9.870870700080712767e-01
7.122466915771311635e-01
9.899999999999999911e-01
9.899999999999999911e-01
9.899999999999999911e-01
7.808882618348644833e-01
9.899999999999999911e-01
9.899999999999999911e-01
9.899999999999999911e-01
7.781466211393991417e-01
9.899999999999999911e-01
9.899999999999999911e-01
8.399915492110222592e-01
9.899999999999999911e-01
9.899999999999999911e-01
8.924269277560596958e-01
9.899999999999999911e-01
9.899999999999999911e-01
9.899999999999999911e-01
8.081300657161346601e-01
9.899999999999999911e-01
9.899999999999999911e-01
9.899999999999999911e-01
7.549789699122090303e-01
9.899999999999999911e-01
9.899999999999999911e-01
9.899999999999999911e-01
8.535181362348410739e-01
9.899999999999999911e-01
9.882657641097722934e-01
9.899999999999999911e-01
8.986056809824232161e-01
9.899999999999999911e-01
9.899999999999999911e-01
7.522804355765478901e-01
9.899999999999999911e-01
9.899999999999999911e-01
9.899999999999999911e-01
8.003011815370064674e-01
9.899999999999999911e-01
9.899999999999999911e-01
9.899999999999999911e-01
8.075643172232884748e-01
9.899999999999999911e-01
9.899999999999999911e-01
9.899999999999999911e-01
7.466424781334529692e-01
9.769390543003013683e-01
9.899999999999999911e-01
9.899999999999999911e-01
8.439107595578950738e-01
9.899999999999999911e-01
9.899999999999999911e-01
9.899999999999999911e-01
7.497618261033044407e-01
9.899999999999999911e-01
9.899999999999999911e-01
9.887304889106983685e-01
8.817884200320135202e-01
9.899999999999999911e-01
9.856001969121953588e-01
9.899999999999999911e-01
7.724845512688347515e-01
9.899999999999999911e-01
9.899999999999999911e-01
9.899999999999999911e-01
8.193951431435022581e-01
9.899999999999999911e-01
9.899999999999999911e-01
9.899999999999999911e-01
8.534891115160975206e-01
9.899999999999999911e-01
9.899999999999999911e-01
9.854149576785143916e-01
7.509069258542553360e-01
9.899999999999999911e-01
9.899999999999999911e-01
9.899999999999999911e-01
8.647427946084687012e-01
9.899999999999999911e-01
7.841784067155704863e-01
9.899999999999999911e-01
9.899999999999999911e-01
9.850570190364088541e-01
8.706232806953519976e-01
9.899999999999999911e-01
9.899999999999999911e-01
9.899999999999999911e-01
7.710584266379633123e-01
9.899999999999999911e-01
9.899999999999999911e-01
7.220735903249663190e-01
9.899999999999999911e-01
9.899999999999999911e-01
9.899999999999999911e-01
7.149249672456816640e-01
9.899999999999999911e-01
9.899999999999999911e-01
9.899999999999999911e-01
8.068008775004106292e-01
9.899999999999999911e-01
9.899999999999999911e-01
8.831972713491508253e-01
9.899999999999999911e-01
9.899999999999999911e-01
9.899999999999999911e-01
8.773532242394405101e-01
9.899999999999999911e-01
9.899999999999999911e-01
7.559420361481243855e-01
9.899999999999999911e-01
9.899999999999999911e-01
9.899999999999999911e-01
9.746005145391860580e-01
9.899999999999999911e-01
9.899999999999999911e-01
9.899999999999999911e-01
7.534186332249083184e-01
9.714857607546687479e-01
9.899999999999999911e-01
9.899999999999999911e-01
7.988748745681768515e-01
9.899999999999999911e-01
9.891153188949109998e-01
9.899999999999999911e-01
8.980786430449223534e-01
9.899999999999999911e-01
9.379334656859337205e-01
9.840730940892432610e-01
8.597807194349487148e-01
9.899999999999999911e-01
9.899999999999999911e-01
8.410047401123432742e-01
9.899999999999999911e-01
9.899999999999999911e-01
9.732498694384673632e-01
8.294233499505491158e-01
9.726726785115437091e-01
9.899999999999999911e-01
9.899999999999999911e-01
7.405269966956457006e-01
9.899999999999999911e-01
9.899999999999999911e-01
9.899999999999999911e-01
8.394102749387376550e-01
9.899999999999999911e-01
7.352649975775146229e-01
9.899999999999999911e-01
9.899999999999999911e-01
8.104793916123756992e-01
9.899999999999999911e-01
9.899999999999999911e-01
9.899999999999999911e-01
8.999427453259082332e-01
9.899999999999999911e-01
9.899999999999999911e-01
9.899999999999999911e-01
8.598876362766082471e-01
9.899999999999999911e-01
9.899999999999999911e-01
7.682750238552208399e-01
9.899999999999999911e-01
9.899999999999999911e-01
9.899999999999999911e-01
8.990793142751750677e-01
9.899999999999999911e-01
9.820250271664416886e-01
9.764580516922072295e-01
7.752447675257077009e-01
9.899999999999999911e-01
9.899999999999999911e-01
9.030601362644153918e-01
9.899999999999999911e-01
9.899999999999999911e-01
9.899999999999999911e-01
7.627873523695092306e-01
9.823110569580264517e-01
9.829822536283682188e-01
8.928662859784697314e-01
9.788915204340660203e-01
9.881283784105481249e-01
9.766990185740946906e-01
8.210937754054299376e-01
9.899999999999999911e-01
9.899999999999999911e-01
9.899999999999999911e-01
9.181446487443846172e-01
9.899999999999999911e-01
9.899999999999999911e-01
9.899999999999999911e-01
8.288581351219554971e-01
9.899999999999999911e-01
9.899999999999999911e-01
9.899999999999999911e-01
7.925904494445710213e-01
9.888231542068144364e-01
9.899999999999999911e-01
9.899999999999999911e-01
8.957104599170170323e-01
9.899999999999999911e-01
9.899999999999999911e-01
9.898486822835694809e-01
8.087452056053440197e-01
9.899999999999999911e-01
9.899999999999999911e-01
9.092016666707281036e-01
9.899999999999999911e-01
9.899999999999999911e-01
9.899999999999999911e-01
8.675438586186927648e-01
9.899999999999999911e-01
8.665130217229205511e-01
9.899999999999999911e-01
9.793586882149308837e-01
9.899999999999999911e-01
7.473973298360208073e-01
9.899999999999999911e-01
9.899999999999999911e-01
9.899999999999999911e-01
8.984160348898210247e-01
9.899999999999999911e-01
9.899999999999999911e-01
9.899999999999999911e-01
8.645646177009261857e-01
9.899999999999999911e-01
9.899999999999999911e-01
7.429425189013947328e-01
9.899999999999999911e-01
9.899999999999999911e-01
9.899999999999999911e-01
8.916215809674201687e-01
9.899999999999999911e-01
9.899999999999999911e-01
9.899999999999999911e-01
8.944237500023556331e-01
9.899999999999999911e-01
9.899999999999999911e-01
9.899999999999999911e-01
8.697456157381679986e-01
9.899999999999999911e-01
9.899999999999999911e-01
9.899999999999999911e-01
7.409867270470315015e-01
9.899999999999999911e-01
9.899999999999999911e-01
9.899999999999999911e-01
7.538792266883159732e-01
9.899999999999999911e-01
9.899999999999999911e-01
9.899999999999999911e-01
7.691949667617746789e-01
9.899999999999999911e-01
9.899999999999999911e-01
7.365327355943428467e-01
9.899999999999999911e-01
9.899999999999999911e-01
9.899999999999999911e-01
8.776672965218869082e-01
9.899999999999999911e-01
9.899999999999999911e-01
7.195323386661458542e-01
9.899999999999999911e-01
9.899999999999999911e-01
9.899999999999999911e-01
8.920190981564790622e-01
9.899999999999999911e-01
7.333905387368786499e-01
9.899999999999999911e-01
9.841889373105161543e-01
7.215683461324668979e-01
9.811325383158975288e-01
9.899999999999999911e-01
8.844836853704445279e-01
9.899999999999999911e-01
9.705677233601167631e-01
8.944037847144016284e-01
9.899999999999999911e-01
9.758077574249756081e-01
9.899999999999999911e-01
9.097111627803613487e-01
9.861996085579776139e-01
9.899999999999999911e-01
7.760755462976028918e-01
9.899999999999999911e-01
9.899999999999999911e-01
9.675221691346267416e-01
7.882984072565687450e-01
9.899999999999999911e-01
9.899999999999999911e-01
9.899999999999999911e-01
8.309176230398139795e-01
9.899999999999999911e-01
9.899999999999999911e-01
9.899999999999999911e-01
9.124528360468744381e-01
9.899999999999999911e-01
9.899999999999999911e-01
8.901241878418769682e-01
9.899999999999999911e-01
9.899999999999999911e-01
9.899999999999999911e-01
8.771444790385858337e-01
9.899999999999999911e-01
9.899999999999999911e-01
8.798093562800322065e-01
9.899999999999999911e-01
9.899999999999999911e-01
9.811052168413043617e-01
9.404813680749061211e-01
9.899999999999999911e-01
9.899999999999999911e-01
9.899999999999999911e-01
9.899999999999999911e-01
9.899999999999999911e-01
9.048340094518837473e-01
9.899999999999999911e-01
9.899999999999999911e-01
7.530900106995348509e-01
9.899999999999999911e-01
9.899999999999999911e-01
9.899999999999999911e-01
8.081362340487576734e-01
9.899999999999999911e-01
9.899999999999999911e-01
9.899999999999999911e-01
8.123517969762207303e-01
9.708096501915957077e-01
7.048510016739122364e-01
9.899999999999999911e-01
9.899999999999999911e-01
8.634035490314359018e-01
9.899999999999999911e-01
9.738631109385562645e-01
9.762720362175719702e-01
8.420618484169114515e-01
9.899999999999999911e-01
9.899999999999999911e-01
9.899999999999999911e-01
7.923673023842822127e-01
9.899999999999999911e-01
9.899999999999999911e-01
7.949125178432865368e-01
9.762791470472603761e-01
9.899999999999999911e-01
9.899999999999999911e-01
8.415886609286420406e-01
9.899999999999999911e-01
9.899999999999999911e-01
9.899999999999999911e-01
9.062284631627899323e-01
9.899999999999999911e-01
9.899999999999999911e-01
9.899999999999999911e-01
8.148291972353178814e-01
9.819640634602443408e-01
9.899999999999999911e-01
9.899999999999999911e-01
8.201739017567625245e-01
9.899999999999999911e-01
9.899999999999999911e-01
9.899999999999999911e-01
8.498566359948465099e-01
9.823391561121561644e-01
9.899999999999999911e-01
9.899999999999999911e-01
7.653934341688796161e-01
9.899999999999999911e-01
9.667040115719077731e-01
9.899999999999999911e-01
7.864252268371255683e-01
9.899999999999999911e-01
9.899999999999999911e-01
9.899999999999999911e-01
8.624380535627316213e-01
9.899999999999999911e-01
9.899999999999999911e-01
9.899999999999999911e-01
7.962560786655494827e-01
9.899999999999999911e-01
9.899999999999999911e-01
9.899999999999999911e-01
8.231249827856127466e-01
9.899999999999999911e-01
9.820049803441395220e-01
8.794708646095621418e-01
9.899999999999999911e-01
9.899999999999999911e-01
9.899999999999999911e-01
