9.268024967255279467e-01
9.899999999999999911e-01
9.899999999999999911e-01
9.899999999999998801e-01
7.514949526875025487e-01
9.899999999999999911e-01
9.899999999999999911e-01
9.899999999999999911e-01
8.832138749476078354e-01
9.899999999999999911e-01
9.899999999999999911e-01
9.899999999999999911e-01
8.318037336190331477e-01
9.899999999999999911e-01
9.899999999999999911e-01
9.899999999999999911e-01
9.058923243636686218e-01
9.899999999999999911e-01
9.899999999999999911e-01
9.899999999999999911e-01
8.391200664500992890e-01
9.899999999999999911e-01
9.899999999999999911e-01
9.899999999999999911e-01
9.179939399426366720e-01
9.899999999999999911e-01
9.899999999999999911e-01
9.899999999999999911e-01
8.902319689730606722e-01
9.899999999999999911e-01
9.899999999999999911e-01
9.899999999999999911e-01
9.010327146486012406e-01
9.899999999999999911e-01
9.899999999999999911e-01
9.899999999999999911e-01
9.218562214174367275e-01
9.899999999999999911e-01
9.899999999999999911e-01
9.899999999999999911e-01
9.027619501619666975e-01
9.899999999999999911e-01
9.899999999999999911e-01
9.899999999999999911e-01
9.190448988388306706e-01
9.899999999999999911e-01
9.899999999999999911e-01
9.899999999999999911e-01
9.196868982419350580e-01
9.899999999999999911e-01
9.894838424355324458e-01
9.899999999999999911e-01
9.070164075890381206e-01
9.899999999999999911e-01
9.899999999999999911e-01
9.899999999999999911e-01
7.423676815983994981e-01
9.899999999999999911e-01
9.899999999999999911e-01
9.899999999999999911e-01
8.153715326468060631e-01
9.899999999999999911e-01
9.899999999999999911e-01
9.899999999999999911e-01
7.687139075998374871e-01
9.899999999999999911e-01
9.899999999999999911e-01
9.899999999999999911e-01
7.995623526152569882e-01
9.899999999999999911e-01
9.899999999999999911e-01
9.899999999999999911e-01
9.037375790753903182e-01
9.899999999999999911e-01
9.899999999999999911e-01
9.899999999999999911e-01
9.251631561678964610e-01
9.899999999999999911e-01
9.899999999999999911e-01
9.899999999999999911e-01
8.826248328285563050e-01
9.899999999999999911e-01
9.899999999999999911e-01
9.899999999999999911e-01
8.584797300330652137e-01
9.899999999999999911e-01
9.899999999999999911e-01
9.899999999999999911e-01
9.070201413555275538e-01
9.899999999999999911e-01
9.899999999999999911e-01
9.899999999999999911e-01
8.581555712002413294e-01
9.899999999999999911e-01
9.899999999999999911e-01
9.899999999999999911e-01
8.091666405451799493e-01
9.899999999999999911e-01
9.899999999999999911e-01
9.899999999999999911e-01
8.352486259586626716e-01
9.899999999999999911e-01
9.899999999999999911e-01
9.899999999999999911e-01
8.504928266487888910e-01
9.899999999999999911e-01
9.899999999999999911e-01
9.899999999999999911e-01
8.297074339202249460e-01
9.899999999999999911e-01
8.089707058007082896e-01
9.899999999999999911e-01
9.899999999999999911e-01
9.899999999999999911e-01
9.173880962905028857e-01
9.899999999999999911e-01
7.394094596950661069e-01
9.899999999999999911e-01
9.899999999999999911e-01
9.899999999999999911e-01
7.879842227290673184e-01
9.899999999999999911e-01
9.899999999999999911e-01
9.899999999999999911e-01
7.503152728645809955e-01
9.899999999999999911e-01
9.899999999999999911e-01
9.899999999999999911e-01
7.624140413228561730e-01
9.899999999999999911e-01
9.899999999999999911e-01
9.899999999999999911e-01
8.519900138213472029e-01
9.899999999999999911e-01
9.899999999999999911e-01
9.899999999999999911e-01
8.736283983797425989e-01
9.899999999999999911e-01
9.899999999999999911e-01
9.899999999999999911e-01
8.856212864316886924e-01
9.899999999999999911e-01
9.899999999999999911e-01
8.590064466897942008e-01
9.899999999999999911e-01
9.899999999999999911e-01
9.899999999999999911e-01
8.425155124686508623e-01
9.899999999999999911e-01
9.899999999999999911e-01
9.491922715716337722e-01
9.899999999999999911e-01
9.899999999999999911e-01
9.899999999999999911e-01
8.658962211444110046e-01
9.899999999999999911e-01
9.899999999999999911e-01
9.899999999999999911e-01
9.899999999999999911e-01
9.899999999999999911e-01
8.907198049477503821e-01
9.899999999999999911e-01
9.899999999999999911e-01
9.899999999999999911e-01
8.993965668805777858e-01
9.899999999999999911e-01
9.899999999999999911e-01
9.899999999999999911e-01
9.899999999999999911e-01
9.313467067908063335e-01
9.899999999999999911e-01
9.899999999999999911e-01
9.899999999999999911e-01
9.899999999999999911e-01
8.616092414989423576e-01
9.899999999999999911e-01
9.834925929392743793e-01
9.899999999999999911e-01
8.888332977646469235e-01
9.899999999999999911e-01
9.899999999999999911e-01
9.899999999999999911e-01
9.376969656898381800e-01
9.899999999999999911e-01
9.899999999999999911e-01
9.899999999999999911e-01
9.899999999999999911e-01
9.899999999999999911e-01
9.203470893353866700e-01
9.899999999999999911e-01
9.899999999999999911e-01
9.899999999999999911e-01
8.297112574498033410e-01
9.899999999999999911e-01
9.899999999999999911e-01
9.899999999999999911e-01
8.493584377489593606e-01
9.899999999999999911e-01
9.899999999999999911e-01
9.899999999999999911e-01
7.325155696565408547e-01
9.899999999999999911e-01
9.899999999999999911e-01
9.899999999999999911e-01
9.899999999999999911e-01
9.899999999999999911e-01
9.899999999999999911e-01
9.604218573894159894e-01
9.899999999999999911e-01
9.899999999999999911e-01
9.899999999999999911e-01
8.842988824540075621e-01
9.899999999999999911e-01
9.899999999999999911e-01
9.899999999999999911e-01
7.704329710494565164e-01
9.899999999999999911e-01
9.899999999999999911e-01
9.163829145555774103e-01
9.899999999999999911e-01
9.899999999999999911e-01
7.835231963515658649e-01
9.899999999999999911e-01
9.899999999999999911e-01
9.059929900102250411e-01
9.894730838704522968e-01
9.899999999999999911e-01
9.899999999999999911e-01
7.296910207907358892e-01
9.897778467852442752e-01
9.899999999999999911e-01
9.899999999999999911e-01
9.344727610098457760e-01
9.899999999999999911e-01
9.899999999999999911e-01
9.899999999999999911e-01
7.374999890391754631e-01
9.874064018380177554e-01
9.899999999999999911e-01
9.899999999999999911e-01
7.578432955222710321e-01
9.899999999999999911e-01
9.899999999999999911e-01
9.899999999999999911e-01
8.385616528764107125e-01
9.899999999999999911e-01
9.899999999999999911e-01
9.899999999999999911e-01
8.323173802133918553e-01
8.220275335229483282e-01
9.899999999999999911e-01
9.899999999999999911e-01
9.899999999999999911e-01
8.305346420971420063e-01
9.899999999999999911e-01
9.899999999999999911e-01
9.899999999999999911e-01
8.018990843247932876e-01
9.899999999999999911e-01
9.840247772052781450e-01
9.899999999999999911e-01
8.588097518752711990e-01
9.899999999999999911e-01
9.899999999999999911e-01
9.899999999999999911e-01
9.001620643187189241e-01
9.899999999999999911e-01
9.899999999999999911e-01
9.899999999999999911e-01
8.191586665244529053e-01
9.899999999999999911e-01
9.899999999999999911e-01
9.899999999999999911e-01
9.307262045884192592e-01
9.899999999999999911e-01
9.899999999999999911e-01
9.899999999999999911e-01
8.825022231961299202e-01
9.899999999999999911e-01
9.899999999999999911e-01
9.899999999999999911e-01
9.298395515776411990e-01
9.899999999999999911e-01
9.818611286110063840e-01
9.899999999999999911e-01
7.362080546742533205e-01
9.899999999999999911e-01
9.899999999999999911e-01
9.899999999999999911e-01
9.023131192719197058e-01
9.899999999999999911e-01
9.899999999999999911e-01
9.899999999999999911e-01
9.225216449297138910e-01
9.899999999999999911e-01
9.899999999999999911e-01
9.899999999999999911e-01
7.240701171942840464e-01
9.899999999999999911e-01
9.899999999999999911e-01
9.899999999999999911e-01
8.231965505082536882e-01
9.899999999999999911e-01
9.899999999999999911e-01
9.899999999999999911e-01
8.011536482734084030e-01
9.899999999999999911e-01
9.899999999999999911e-01
9.899999999999999911e-01
9.148600213040340989e-01
9.899999999999999911e-01
9.899999999999999911e-01
9.899999999999999911e-01
8.394409170749120852e-01
9.899999999999999911e-01
9.899999999999999911e-01
9.899999999999999911e-01
7.760494648334207435e-01
9.899999999999999911e-01
9.899999999999999911e-01
9.899999999999999911e-01
8.580054701828443431e-01
9.899999999999999911e-01
9.899999999999999911e-01
9.899999999999999911e-01
8.559249505368230482e-01
9.899999999999999911e-01
9.899999999999999911e-01
9.899999999999999911e-01
8.514088442073188823e-01
9.899999999999999911e-01
9.899999999999999911e-01
9.899999999999999911e-01
8.678941615976474289e-01
9.899999999999999911e-01
9.899999999999999911e-01
9.899999999999999911e-01
9.899999999999999911e-01
9.874430118953826385e-01
9.899999999999999911e-01
9.899999999999999911e-01
8.705709699891904796e-01
9.899999999999999911e-01
9.899999999999999911e-01
9.899999999999999911e-01
8.669128270799844049e-01
9.899999999999999911e-01
9.899999999999999911e-01
9.899999999999999911e-01
9.681976385920443295e-01
9.899999999999999911e-01
9.899999999999999911e-01
9.899999999999999911e-01
7.963114347922392033e-01
9.899999999999999911e-01
9.899999999999999911e-01
9.899999999999999911e-01
9.848305573133511182e-01
7.198575946949281601e-01
9.899999999999999911e-01
9.899999999999999911e-01
9.899999999999999911e-01
7.726588588949979686e-01
9.899999999999999911e-01
9.899999999999999911e-01
9.899999999999999911e-01
9.318045915033337234e-01
9.899999999999999911e-01
9.899999999999999911e-01
9.899999999999999911e-01
9.139295060077623489e-01
9.899999999999999911e-01
9.899999999999999911e-01
7.739057162003997181e-01
9.899999999999999911e-01
9.875900674028007531e-01
9.899999999999999911e-01
9.058036148840159507e-01
9.899999999999999911e-01
9.899999999999999911e-01
9.899999999999999911e-01
7.427774079243232297e-01
9.808484225614690910e-01
9.899999999999999911e-01
9.899999999999999911e-01
9.205333084721091241e-01
9.899999999999999911e-01
9.899999999999999911e-01
8.214546133995417332e-01
9.899999999999999911e-01
9.899999999999999911e-01
9.899999999999999911e-01
8.342144691662740641e-01
9.899999999999999911e-01
9.899999999999999911e-01
9.899999999999999911e-01
7.658420531446026303e-01
9.899999999999999911e-01
9.375237355942643847e-01
9.899999999999999911e-01
9.899999999999999911e-01
9.899999999999999911e-01
7.738653986038986909e-01
9.899999999999999911e-01
9.899999999999999911e-01
9.892213785509068602e-01
8.674255681592929479e-01
9.261935301250899810e-01
9.899999999999999911e-01
9.899999999999999911e-01
9.304231973022256685e-01
9.899999999999999911e-01
9.899999999999999911e-01
9.899999999999999911e-01
8.212826144768151648e-01
9.899999999999999911e-01
9.899999999999999911e-01
9.899999999999999911e-01
8.825075118612977221e-01
9.899999999999999911e-01
9.899999999999999911e-01
9.899999999999999911e-01
7.585129008006394891e-01
9.899999999999999911e-01
9.899999999999999911e-01
9.899999999999999911e-01
9.045188913370637573e-01
9.899999999999999911e-01
9.899999999999999911e-01
9.899999999999999911e-01
8.838376941356568262e-01
9.899999999999999911e-01
9.899999999999999911e-01
9.899999999999999911e-01
7.636792291835116098e-01
9.899999999999999911e-01
9.899999999999999911e-01
9.899999999999999911e-01
7.962323626917512387e-01
9.899999999999999911e-01
9.899999999999999911e-01
9.899999999999999911e-01
9.899999999999999911e-01
9.899999999999999911e-01
9.085736105852164624e-01
9.899999999999999911e-01
9.899999999999999911e-01
9.899999999999999911e-01
8.712555582610893579e-01
9.899999999999999911e-01
9.899999999999999911e-01
9.059085497810767107e-01
9.899999999999999911e-01
9.899999999999999911e-01
9.899999999999999911e-01
8.629268008170758453e-01
9.899999999999999911e-01
7.777918071225398133e-01
9.899999999999999911e-01
9.899999999999999911e-01
9.899999999999999911e-01
9.736313675941449253e-01
9.899999999999999911e-01
9.899999999999998801e-01
9.899999999999999911e-01
8.756172107905008106e-01
9.899999999999999911e-01
9.899999999999999911e-01
9.899999999999999911e-01
7.858839305570786138e-01
9.899999999999999911e-01
9.899999999999999911e-01
9.899999999999999911e-01
7.497243277463933042e-01
9.899999999999999911e-01
9.899999999999999911e-01
9.899999999999999911e-01
8.953329844810278271e-01
9.899999999999999911e-01
9.899999999999999911e-01
9.899999999999999911e-01
7.932351797446204333e-01
9.899999999999999911e-01
9.899999999999999911e-01
9.899999999999999911e-01
9.032128920913172765e-01
9.899999999999999911e-01
9.899999999999999911e-01
9.899999999999999911e-01
8.164417534857336678e-01
9.899999999999999911e-01
9.899999999999999911e-01
9.899999999999999911e-01
7.669342762264077518e-01
9.899999999999999911e-01
9.899999999999999911e-01
9.899999999999999911e-01
9.284497448663737718e-01
9.899999999999999911e-01
9.899999999999999911e-01
9.899999999999999911e-01
7.543545345839747229e-01
9.899999999999999911e-01
9.899999999999999911e-01
9.899999999999999911e-01
9.754432452074597304e-01
9.899999999999999911e-01
9.899999999999999911e-01
9.899999999999999911e-01
8.153385735943137202e-01
9.899999999999999911e-01
9.899999999999999911e-01
9.899999999999999911e-01
8.874619416074932543e-01
9.899999999999999911e-01
9.899999999999999911e-01
9.899999999999999911e-01
7.351014655802970976e-01
9.899999999999999911e-01
9.899999999999999911e-01
9.899999999999999911e-01
9.233752227701856885e-01
9.899999999999999911e-01
9.899999999999999911e-01
9.899999999999999911e-01
7.926342104297219304e-01
9.899999999999999911e-01
9.899999999999999911e-01
9.899999999999999911e-01
8.269144380933957095e-01
9.899999999999999911e-01
9.899999999999999911e-01
9.899999999999999911e-01
8.133326697779466041e-01
9.899999999999999911e-01
9.899999999999999911e-01
9.899999999999999911e-01
7.511504260007785261e-01
9.899999999999999911e-01
9.899999999999999911e-01
9.899999999999999911e-01
8.090636056002568077e-01
9.899999999999999911e-01
9.899999999999999911e-01
9.899999999999999911e-01
7.421814147039133003e-01
9.899999999999999911e-01
9.899999999999999911e-01
9.899999999999999911e-01
8.103245175290838542e-01
9.899999999999999911e-01
9.899999999999999911e-01
9.899999999999999911e-01
8.998348125758557359e-01
9.899999999999999911e-01
9.899999999999999911e-01
7.360416871206044709e-01
9.899999999999999911e-01
9.899999999999999911e-01
9.899999999999999911e-01
7.309622286279373604e-01
8.117968464484827118e-01
9.899999999999999911e-01
9.899999999999999911e-01
9.899999999999999911e-01
8.979655632865173320e-01
9.899999999999999911e-01
9.899999999999999911e-01
9.899999999999999911e-01
7.812490348738360124e-01
9.899999999999999911e-01
9.899999999999999911e-01
9.899999999999999911e-01
7.599410130021879706e-01
9.899999999999999911e-01
9.899999999999999911e-01
9.899999999999999911e-01
7.538836038271874429e-01
9.899999999999999911e-01
9.899999999999999911e-01
9.899999999999999911e-01
8.483146267654280148e-01
9.899999999999999911e-01
9.899999999999999911e-01
9.899999999999999911e-01
7.191562168014070666e-01
9.899999999999999911e-01
9.899999999999999911e-01
9.899999999999999911e-01
7.987304629709350845e-01
9.899999999999999911e-01
9.899999999999999911e-01
9.899999999999999911e-01
7.948220969579978812e-01
9.899999999999999911e-01
9.899999999999999911e-01
9.899999999999999911e-01
9.137382997351600755e-01
9.887375965850820903e-01
9.899999999999999911e-01
9.899999999999999911e-01
8.294124986152378032e-01
9.899999999999999911e-01
9.899999999999999911e-01
9.899999999999999911e-01
9.247957536574796800e-01
9.899999999999999911e-01
9.899999999999999911e-01
8.556044631640056242e-01
9.899999999999999911e-01
9.899999999999999911e-01
9.899999999999999911e-01
8.274994298156332917e-01
9.899999999999999911e-01
9.899999999999999911e-01
8.654824121730777531e-01
9.899999999999999911e-01
9.899999999999999911e-01
9.899999999999999911e-01
8.283464797475738051e-01
9.899999999999999911e-01
9.899999999999999911e-01
9.899999999999999911e-01
7.339656039618648320e-01
9.899999999999999911e-01
9.899999999999999911e-01
9.899999999999999911e-01
8.213812422995470097e-01
9.899999999999999911e-01
8.823813936265727520e-01
9.899999999999999911e-01
9.899999999999999911e-01
9.899999999999999911e-01
7.586627526362893503e-01
9.899999999999999911e-01
9.899999999999999911e-01
9.899999999999999911e-01
7.316195567814420819e-01
9.899999999999999911e-01
9.899999999999999911e-01
9.899999999999999911e-01
7.924914676072555286e-01
9.899999999999999911e-01
9.899999999999999911e-01
9.899999999999999911e-01
7.873049747257002684e-01
9.899999999999999911e-01
9.899999999999999911e-01
8.481525110620360408e-01
9.899999999999999911e-01
9.899999999999999911e-01
9.039681023679027039e-01
9.899999999999999911e-01
9.899999999999999911e-01
9.899999999999999911e-01
8.192662452126712180e-01
9.899999999999999911e-01
9.899999999999999911e-01
9.899999999999999911e-01
7.695521201760217034e-01
9.899999999999999911e-01
9.899999999999999911e-01
9.899999999999999911e-01
8.674631329511161004e-01
9.899999999999999911e-01
9.899999999999999911e-01
9.899999999999999911e-01
9.120419775085768510e-01
9.899999999999999911e-01
9.899999999999999911e-01
7.675694689488602451e-01
9.899999999999999911e-01
9.899999999999999911e-01
9.899999999999999911e-01
8.154287472622239186e-01
9.899999999999999911e-01
9.899999999999999911e-01
9.899999999999999911e-01
8.204672950875088189e-01
9.899999999999999911e-01
9.899999999999999911e-01
9.899999999999999911e-01
7.603402022264199589e-01
9.847296547528533450e-01
9.899999999999998801e-01
9.899999999999999911e-01
8.573694073771485069e-01
9.899999999999999911e-01
9.899999999999999911e-01
9.899999999999999911e-01
7.593261020958166352e-01
9.899999999999999911e-01
9.899999999999999911e-01
9.899999999999999911e-01
8.960397120766135926e-01
9.899999999999999911e-01
9.899999999999999911e-01
9.899999999999999911e-01
7.815811745039225045e-01
9.899999999999999911e-01
9.899999999999999911e-01
9.899999999999999911e-01
8.326260292037626076e-01
9.899999999999999911e-01
9.899999999999999911e-01
9.899999999999999911e-01
8.640429629031265435e-01
9.899999999999999911e-01
9.899999999999999911e-01
9.899999999999999911e-01
7.626511920235706787e-01
9.899999999999999911e-01
9.899999999999999911e-01
9.899999999999999911e-01
8.696834456288379256e-01
9.899999999999999911e-01
7.997055975167134401e-01
9.899999999999999911e-01
9.899999999999999911e-01
9.899999999999999911e-01
8.824532873426625956e-01
9.899999999999999911e-01
9.899999999999999911e-01
9.899999999999999911e-01
7.845828671805402665e-01
9.899999999999999911e-01
9.899999999999999911e-01
7.324955340098853185e-01
9.899999999999999911e-01
9.899999999999999911e-01
9.899999999999999911e-01
7.313408031840488155e-01
9.899999999999999911e-01
9.899999999999999911e-01
9.899999999999999911e-01
8.220277571005166761e-01
9.899999999999999911e-01
9.899999999999999911e-01
8.951801956023942575e-01
9.899999999999999911e-01
9.899999999999999911e-01
9.899999999999999911e-01
8.893868326455027784e-01
9.899999999999999911e-01
9.899999999999999911e-01
7.668706056984678776e-01
9.899999999999999911e-01
9.899999999999999911e-01
9.899999999999999911e-01
9.745055341971833318e-01
9.899999999999999911e-01
9.899999999999999911e-01
9.899999999999999911e-01
7.636654026275240259e-01
9.843690804296225672e-01
9.899999999999999911e-01
9.899999999999999911e-01
8.085777540111888095e-01
9.899999999999999911e-01
9.899999999999999911e-01
9.899999999999999911e-01
9.095841953007387515e-01
9.899999999999999911e-01
9.875982150790459935e-01
9.899999999999999911e-01
8.626805361479759071e-01
9.899999999999999911e-01
9.899999999999999911e-01
8.568479251753868819e-01
9.899999999999999911e-01
9.899999999999999911e-01
9.865313260856511945e-01
8.393043403885545040e-01
9.849639933089784360e-01
9.899999999999999911e-01
9.899999999999999911e-01
7.562288460622531572e-01
9.899999999999999911e-01
9.899999999999999911e-01
9.899999999999999911e-01
8.409316933613021350e-01
9.899999999999999911e-01
7.419521138928025783e-01
9.899999999999999911e-01
9.899999999999999911e-01
8.255343937383963215e-01
9.899999999999999911e-01
9.899999999999999911e-01
9.899999999999999911e-01
9.110130641207515589e-01
9.899999999999999911e-01
9.899999999999999911e-01
9.899999999999999911e-01
8.744380389698309664e-01
9.899999999999999911e-01
9.899999999999999911e-01
7.795706678602809525e-01
9.899999999999999911e-01
9.899999999999999911e-01
9.899999999999999911e-01
9.120414829794163403e-01
9.899999999999999911e-01
9.899999999999999911e-01
9.895973864589291402e-01
7.891203932999022452e-01
9.899999999999999911e-01
9.899999999999999911e-01
9.169788811105031856e-01
9.899999999999999911e-01
9.899999999999999911e-01
9.899999999999999911e-01
7.673794108953810866e-01
9.899999999999999911e-01
9.899999999999999911e-01
9.044020221143475036e-01
9.899999999999999911e-01
9.899999999999999911e-01
9.894081028176017201e-01
8.310909124181190544e-01
9.899999999999999911e-01
9.899999999999999911e-01
9.899999999999999911e-01
9.221038832511664340e-01
9.899999999999999911e-01
9.899999999999999911e-01
9.899999999999999911e-01
8.424351757366901339e-01
9.899999999999999911e-01
9.899999999999999911e-01
9.899999999999999911e-01
8.061821789561475216e-01
9.899999999999999911e-01
9.899999999999999911e-01
9.899999999999999911e-01
9.067307442716767696e-01
9.899999999999999911e-01
9.899999999999999911e-01
9.899999999999999911e-01
8.214993701517450120e-01
9.899999999999999911e-01
9.899999999999999911e-01
9.225891242300202633e-01
9.899999999999999911e-01
9.899999999999999911e-01
9.899999999999999911e-01
8.746922866510343786e-01
9.899999999999999911e-01
8.806013009095363664e-01
9.899999999999999911e-01
9.899999999999999911e-01
9.899999999999999911e-01
7.610709095710680439e-01
9.899999999999999911e-01
9.899999999999999911e-01
9.899999999999999911e-01
9.103047947559029796e-01
9.899999999999999911e-01
9.899999999999999911e-01
9.899999999999999911e-01
8.738004480695118481e-01
9.899999999999999911e-01
9.899999999999999911e-01
7.583015147944324186e-01
9.899999999999999911e-01
9.899999999999999911e-01
9.899999999999999911e-01
9.052092207648010369e-01
9.899999999999999911e-01
9.899999999999999911e-01
9.899999999999999911e-01
9.069405494137958712e-01
9.899999999999999911e-01
9.899999999999999911e-01
9.899999999999999911e-01
8.704314804242343495e-01
9.899999999999999911e-01
9.899999999999999911e-01
9.899999999999999911e-01
7.541290040981917242e-01
9.899999999999999911e-01
9.899999999999999911e-01
9.899999999999999911e-01
7.696369101064539642e-01
9.899999999999999911e-01
9.899999999999999911e-01
9.899999999999999911e-01
7.784044374464387239e-01
9.899999999999999911e-01
9.899999999999999911e-01
7.502309593409599575e-01
9.899999999999999911e-01
9.899999999999999911e-01
9.899999999999999911e-01
8.907923036238404313e-01
9.899999999999999911e-01
9.899999999999999911e-01
7.301479311693240826e-01
9.899999999999999911e-01
9.899999999999999911e-01
9.899999999999999911e-01
9.056937743481531244e-01
9.899999999999999911e-01
7.465241952774616108e-01
9.899999999999999911e-01
9.899999999999999911e-01
7.352421357786187439e-01
9.899999999999999911e-01
9.899999999999999911e-01
8.978142766660504037e-01
9.899999999999999911e-01
9.832039843381236155e-01
9.083033197489114308e-01
9.899999999999999911e-01
9.891079938930480431e-01
9.899999999999999911e-01
9.234724876311244390e-01
9.899999999999999911e-01
9.899999999999999911e-01
7.784345382521803414e-01
9.899999999999999911e-01
9.899999999999999911e-01
9.820541411761668504e-01
8.064515581261080257e-01
9.899999999999999911e-01
9.899999999999999911e-01
9.899999999999999911e-01
8.408230630415326479e-01
9.899999999999999911e-01
9.899999999999999911e-01
9.899999999999999911e-01
9.242261934514740540e-01
9.899999999999999911e-01
9.899999999999999911e-01
8.905630879764215857e-01
9.899999999999999911e-01
9.899999999999999911e-01
9.899999999999999911e-01
8.819006149818408025e-01
9.899999999999999911e-01
9.899999999999999911e-01
8.906150699991617348e-01
9.899999999999999911e-01
9.899999999999999911e-01
9.899999999999999911e-01
9.451435101088025981e-01
9.899999999999999911e-01
9.899999999999999911e-01
9.899999999999999911e-01
9.899999999999999911e-01
9.899999999999999911e-01
9.069382370489653677e-01
9.899999999999999911e-01
9.899999999999999911e-01
7.689747720726453073e-01
9.899999999999999911e-01
9.899999999999999911e-01
9.899999999999999911e-01
8.183116065481896850e-01
9.899999999999999911e-01
9.899999999999999911e-01
9.899999999999999911e-01
8.173244302829119068e-01
9.830158568915015049e-01
7.183013050409196021e-01
9.899999999999999911e-01
9.899999999999999911e-01
8.748045419732656258e-01
9.899999999999999911e-01
9.868734320900326429e-01
9.883472093300332828e-01
8.522275185434284861e-01
9.899999999999999911e-01
9.899999999999999911e-01
9.899999999999999911e-01
8.075980572053226281e-01
9.899999999999999911e-01
9.899999999999999911e-01
8.048348979556945171e-01
9.896495828506713943e-01
9.899999999999999911e-01
9.899999999999999911e-01
8.563442820975054603e-01
9.899999999999999911e-01
9.899999999999999911e-01
9.899999999999999911e-01
9.193862682660258745e-01
9.899999999999999911e-01
9.899999999999999911e-01
9.899999999999999911e-01
8.299191920492474672e-01
9.899999999999999911e-01
9.899999999999999911e-01
9.899999999999999911e-01
8.352298410457202893e-01
9.899999999999999911e-01
9.899999999999999911e-01
9.899999999999999911e-01
8.598024910778876428e-01
9.899999999999999911e-01
9.899999999999999911e-01
9.899999999999999911e-01
7.834268903887081636e-01
9.899999999999999911e-01
9.846980374012844761e-01
9.899999999999999911e-01
7.958372467109179338e-01
9.899999999999999911e-01
9.899999999999999911e-01
9.899999999999999911e-01
8.733070511412731607e-01
9.899999999999999911e-01
9.899999999999999911e-01
9.899999999999999911e-01
8.057202115017476629e-01
9.899999999999999911e-01
9.899999999999999911e-01
9.899999999999999911e-01
8.252190849144057649e-01
9.899999999999999911e-01
9.899999999999999911e-01
8.821720967749789866e-01
9.899999999999999911e-01
9.899999999999999911e-01
9.899999999999999911e-01
