9.329408345830502158e-01
9.899999999999999911e-01
9.899999999999999911e-01
9.899999999999979927e-01
7.648577208668472238e-01
9.899999999999999911e-01
9.899999999999999911e-01
9.899999999999999911e-01
8.905592498501636589e-01
9.899999999999999911e-01
9.899999999999999911e-01
9.899999999999999911e-01
8.450301045899203389e-01
9.899999999999999911e-01
9.899999999999999911e-01
9.899999999999999911e-01
9.201030031682599919e-01
9.899999999999999911e-01
9.899999999999999911e-01
9.899999999999999911e-01
8.522908035251014480e-01
9.899999999999999911e-01
9.899999999999999911e-01
9.899999999999999911e-01
9.328152539354859218e-01
9.899999999999999911e-01
9.899999999999999911e-01
9.899999999999999911e-01
9.050466638540664022e-01
9.899999999999999911e-01
9.899999999999999911e-01
9.899999999999999911e-01
9.157883731779246084e-01
9.899999999999999911e-01
9.899999999999999911e-01
9.899999999999999911e-01
9.349013151238869668e-01
9.899999999999999911e-01
9.899999999999999911e-01
9.899999999999999911e-01
9.175239890054696090e-01
9.899999999999999911e-01
9.899999999999999911e-01
9.899999999999999911e-01
9.306541021307629391e-01
9.899999999999999911e-01
9.899999999999999911e-01
9.899999999999999911e-01
9.329222710054422274e-01
9.899999999999999911e-01
9.899999999999999911e-01
9.899999999999999911e-01
9.209504042278333635e-01
9.899999999999999911e-01
9.899999999999999911e-01
9.899999999999999911e-01
7.555528455618065742e-01
9.899999999999999911e-01
9.899999999999999911e-01
9.899999999999999911e-01
8.296110947187964602e-01
9.899999999999999911e-01
9.899999999999999911e-01
9.899999999999999911e-01
7.822601148073901056e-01
9.899999999999999911e-01
9.899999999999999911e-01
9.899999999999999911e-01
8.128111048265114214e-01
9.899999999999999911e-01
9.899999999999999911e-01
9.899999999999999911e-01
9.171640081155650881e-01
9.899999999999999911e-01
9.899999999999999911e-01
9.899999999999999911e-01
9.336546220413888264e-01
9.899999999999999911e-01
9.899999999999999911e-01
9.899999999999999911e-01
8.926623264950533931e-01
9.899999999999999911e-01
9.899999999999999911e-01
9.899999999999999911e-01
8.717576829976655395e-01
9.899999999999999911e-01
9.899999999999999911e-01
9.899999999999999911e-01
9.203208764880344006e-01
9.899999999999999911e-01
9.899999999999999911e-01
9.899999999999999911e-01
8.716891315660253436e-01
9.899999999999999911e-01
9.899999999999999911e-01
9.899999999999999911e-01
8.238874580845594320e-01
9.899999999999999911e-01
9.899999999999999911e-01
9.899999999999999911e-01
8.497579937332035982e-01
9.899999999999999911e-01
9.899999999999999911e-01
9.899999999999999911e-01
8.642787740799869889e-01
9.899999999999999911e-01
9.899999999999999911e-01
9.899999999999999911e-01
8.426931209523429445e-01
9.899999999999999911e-01
8.234336518529309368e-01
9.899999999999999911e-01
9.899999999999999911e-01
9.899999999999999911e-01
9.289531980265222089e-01
9.899999999999999911e-01
7.528228439147358619e-01
9.899999999999999911e-01
9.899999999999999911e-01
9.899999999999999911e-01
8.018320717842322143e-01
9.899999999999999911e-01
9.899999999999999911e-01
9.899999999999999911e-01
7.651589549057262740e-01
9.899999999999999911e-01
9.899999999999999911e-01
9.899999999999999911e-01
7.766386937537238522e-01
9.899999999999999911e-01
9.899999999999999911e-01
9.899999999999999911e-01
8.667690159220123869e-01
9.899999999999999911e-01
9.899999999999999911e-01
9.899999999999999911e-01
8.869307483151751548e-01
9.899999999999999911e-01
9.899999999999999911e-01
9.899999999999999911e-01
8.923902121988714908e-01
9.899999999999999911e-01
9.899999999999999911e-01
8.677443055729359145e-01
9.899999999999999911e-01
9.899999999999999911e-01
9.899999999999999911e-01
8.511795057156534838e-01
9.899999999999999911e-01
9.899999999999999911e-01
9.530014970316389444e-01
9.899999999999999911e-01
9.899999999999999911e-01
9.899999999999999911e-01
8.763318279582246184e-01
9.899999999999999911e-01
9.899999999999999911e-01
9.899999999999999911e-01
9.899999999999999911e-01
9.899999999999999911e-01
9.001220497771112994e-01
9.899999999999999911e-01
9.899999999999999911e-01
9.899999999999999911e-01
9.101775115979354736e-01
9.899999999999999911e-01
9.899999999999999911e-01
9.899999999999999911e-01
9.899999999999999911e-01
9.437543723215081615e-01
9.899999999999999911e-01
9.899999999999999911e-01
9.899999999999999911e-01
9.899999999999999911e-01
8.721072414736396050e-01
9.899999999999999911e-01
9.899999999999999911e-01
9.899999999999999911e-01
8.978360599011777632e-01
9.899999999999999911e-01
9.899999999999999911e-01
9.899999999999999911e-01
9.490000720762233888e-01
9.899999999999999911e-01
9.899999999999999911e-01
9.899999999999999911e-01
9.899999999999999911e-01
9.899999999999999911e-01
9.319247119281088843e-01
9.899999999999999911e-01
9.899999999999999911e-01
9.899999999999999911e-01
8.406572653141358709e-01
9.899999999999999911e-01
9.899999999999999911e-01
9.899999999999999911e-01
8.641940295132011229e-01
9.899999999999999911e-01
9.899999999999999911e-01
9.899999999999999911e-01
7.469974541911864607e-01
9.899999999999999911e-01
9.899999999999999911e-01
9.899999999999999911e-01
9.899999999999999911e-01
9.899999999999999911e-01
9.899999999999999911e-01
9.634878368822142880e-01
9.899999999999999911e-01
9.899999999999999911e-01
9.899999999999999911e-01
8.977431699690305855e-01
9.899999999999999911e-01
9.899999999999999911e-01
9.899999999999999911e-01
7.825008831423694300e-01
9.899999999999999911e-01
9.899999999999999911e-01
9.270095086795947514e-01
9.899999999999999911e-01
9.899999999999999911e-01
7.960448428489108608e-01
9.899999999999999911e-01
9.899999999999999911e-01
9.170287363075871889e-01
9.899999999999999911e-01
9.899999999999999911e-01
9.899999999999999911e-01
7.435641251998715839e-01
9.899999999999999911e-01
9.899999999999999911e-01
9.899999999999999911e-01
9.437312382414894119e-01
9.899999999999999911e-01
9.899999999999999911e-01
9.899999999999999911e-01
7.514528122946112498e-01
9.899999999999999911e-01
9.899999999999999911e-01
9.899999999999999911e-01
7.725932394177015272e-01
9.899999999999999911e-01
9.899999999999999911e-01
9.899999999999999911e-01
8.533622103810634130e-01
9.899999999999999911e-01
9.899999999999999911e-01
9.899999999999999911e-01
8.429784973837990414e-01
8.367060618755595147e-01
9.899999999999999911e-01
9.899999999999999911e-01
9.899999999999999911e-01
8.444059588273225003e-01
9.899999999999999911e-01
9.899999999999999911e-01
9.899999999999999911e-01
8.150734586401860993e-01
9.899999999999999911e-01
9.899999999999999911e-01
9.899999999999999911e-01
8.720294764356891770e-01
9.899999999999999911e-01
9.899999999999999911e-01
9.899999999999999911e-01
9.136985435754264584e-01
9.899999999999999911e-01
9.899999999999999911e-01
9.899999999999999911e-01
8.324944047688108695e-01
9.899999999999999911e-01
9.899999999999999911e-01
9.899999999999999911e-01
9.439458913555499597e-01
9.899999999999999911e-01
9.899999999999999911e-01
9.899999999999999911e-01
8.907313653835539080e-01
9.899999999999999911e-01
9.899999999999999911e-01
9.899999999999999911e-01
9.438948450561299719e-01
9.899999999999999911e-01
9.899999999999999911e-01
9.899999999999999911e-01
7.500612352644893122e-01
9.899999999999999911e-01
9.899999999999999911e-01
9.899999999999999911e-01
9.157446292387751985e-01
9.899999999999999911e-01
9.899999999999999911e-01
9.899999999999999911e-01
9.370666036053300063e-01
9.899999999999999911e-01
9.899999999999999911e-01
9.899999999999999911e-01
7.388795789945464820e-01
9.899999999999999911e-01
9.899999999999999911e-01
9.899999999999999911e-01
8.377181816758753063e-01
9.899999999999999911e-01
9.899999999999999911e-01
9.899999999999999911e-01
8.144293888706792828e-01
9.899999999999999911e-01
9.899999999999999911e-01
9.899999999999999911e-01
9.282360415518819963e-01
9.899999999999999911e-01
9.899999999999999911e-01
9.899999999999999911e-01
8.532546327401522301e-01
9.899999999999999911e-01
9.899999999999999911e-01
9.899999999999999911e-01
7.905111206999907436e-01
9.899999999999999911e-01
9.899999999999999911e-01
9.899999999999999911e-01
8.716290590363785507e-01
9.899999999999999911e-01
9.899999999999999911e-01
9.899999999999999911e-01
8.690834078993361356e-01
9.899999999999999911e-01
9.899999999999999911e-01
9.899999999999999911e-01
8.661351583180324498e-01
9.899999999999999911e-01
9.899999999999999911e-01
9.899999999999999911e-01
8.827306388416847893e-01
9.899999999999999911e-01
9.899999999999999911e-01
9.899999999999999911e-01
9.899999999999999911e-01
9.899999999999999911e-01
9.899999999999999911e-01
9.899999999999999911e-01
8.801701424261187956e-01
9.899999999999999911e-01
9.899999999999999911e-01
9.899999999999999911e-01
8.816852112755770854e-01
9.899999999999999911e-01
9.899999999999999911e-01
9.899999999999999911e-01
9.701094856300489511e-01
9.899999999999999911e-01
9.899999999999999911e-01
9.899999999999999911e-01
8.073172590204332755e-01
9.899999999999999911e-01
9.899999999999999911e-01
9.899999999999999911e-01
9.899999999999999911e-01
7.343808762714618688e-01
9.899999999999999911e-01
9.899999999999999911e-01
9.899999999999999911e-01
7.853437056070465827e-01
9.899999999999999911e-01
9.899999999999999911e-01
9.899999999999999911e-01
9.449440721505208973e-01
9.899999999999999911e-01
9.899999999999999911e-01
9.899999999999999911e-01
9.283408987072750973e-01
9.899999999999999911e-01
9.899999999999999911e-01
7.887262355881708986e-01
9.899999999999999911e-01
9.899999999999999911e-01
9.899999999999999911e-01
9.200022708293206231e-01
9.899999999999999911e-01
9.899999999999999911e-01
9.899999999999999911e-01
7.560353163257828024e-01
9.899999999999999911e-01
9.899999999999999911e-01
9.899999999999999911e-01
9.327395882438545005e-01
9.899999999999999911e-01
9.899999999999999911e-01
8.362426924330110811e-01
9.899999999999999911e-01
9.899999999999999911e-01
9.899999999999999911e-01
8.475513467708076787e-01
9.899999999999999911e-01
9.899999999999999911e-01
9.899999999999999911e-01
7.785502421785168714e-01
9.899999999999999911e-01
9.439565026535021719e-01
9.899999999999999911e-01
9.899999999999999911e-01
9.899999999999999911e-01
7.870642376253385031e-01
9.899999999999999911e-01
9.899999999999999911e-01
9.899999999999999911e-01
8.808439013223424707e-01
9.405272710130262448e-01
9.899999999999999911e-01
9.899999999999999911e-01
9.438206527638618448e-01
9.899999999999999911e-01
9.899999999999999911e-01
9.899999999999999911e-01
8.347847799520287104e-01
9.899999999999999911e-01
9.899999999999999911e-01
9.899999999999999911e-01
8.957007187790645419e-01
9.899999999999999911e-01
9.899999999999999911e-01
9.899999999999999911e-01
7.732974643916548096e-01
9.899999999999999911e-01
9.899999999999999911e-01
9.899999999999999911e-01
9.182902586330725647e-01
9.899999999999999911e-01
9.899999999999999911e-01
9.899999999999999911e-01
8.970133980092529491e-01
9.899999999999999911e-01
9.899999999999999911e-01
9.899999999999999911e-01
7.782059736422971552e-01
9.899999999999999911e-01
9.899999999999999911e-01
9.899999999999999911e-01
8.100439173075426602e-01
9.899999999999999911e-01
9.899999999999999911e-01
9.899999999999999911e-01
9.899999999999999911e-01
9.899999999999999911e-01
9.191672849907197573e-01
9.899999999999999911e-01
9.899999999999999911e-01
9.899999999999999911e-01
8.828535642827499696e-01
9.899999999999999911e-01
9.899999999999999911e-01
9.198704965328977634e-01
9.899999999999999911e-01
9.899999999999999911e-01
9.899999999999999911e-01
8.739856108450090311e-01
9.899999999999999911e-01
7.923952716008215713e-01
9.899999999999999911e-01
9.899999999999999911e-01
9.899999999999999911e-01
9.752298225945928989e-01
9.899999999999999911e-01
9.899999999999998801e-01
9.899999999999999911e-01
8.899202124774410194e-01
9.899999999999999911e-01
9.899999999999999911e-01
9.899999999999999911e-01
8.005074544803261194e-01
9.899999999999999911e-01
9.899999999999999911e-01
9.899999999999999911e-01
7.645690138221885590e-01
9.899999999999999911e-01
9.899999999999999911e-01
9.899999999999999911e-01
9.066971630464343290e-01
9.899999999999999911e-01
9.899999999999999911e-01
9.899999999999999911e-01
8.080332243563952410e-01
9.899999999999999911e-01
9.899999999999999911e-01
9.899999999999999911e-01
9.175772767514568384e-01
9.899999999999999911e-01
9.899999999999999911e-01
9.899999999999999911e-01
8.309427508477520430e-01
9.899999999999999911e-01
9.899999999999999911e-01
9.899999999999999911e-01
7.797804296784730527e-01
9.899999999999999911e-01
9.899999999999999911e-01
9.899999999999999911e-01
9.416114367632186788e-01
9.899999999999999911e-01
9.899999999999999911e-01
9.899999999999999911e-01
7.690919310928057140e-01
9.899999999999999911e-01
9.899999999999999911e-01
9.899999999999999911e-01
9.767277715602356025e-01
9.899999999999999911e-01
9.899999999999999911e-01
9.899999999999999911e-01
8.272361560325027785e-01
9.899999999999999911e-01
9.899999999999999911e-01
9.899999999999999911e-01
8.973478342506200356e-01
9.899999999999999911e-01
9.899999999999999911e-01
9.899999999999999911e-01
7.490932729585862981e-01
9.899999999999999911e-01
9.899999999999999911e-01
9.899999999999999911e-01
9.379555955503150466e-01
9.899999999999999911e-01
9.899999999999999911e-01
9.899999999999999911e-01
8.045076423149192246e-01
9.899999999999999911e-01
9.899999999999999911e-01
9.899999999999999911e-01
8.414041840050628940e-01
9.899999999999999911e-01
9.899999999999999911e-01
9.899999999999999911e-01
8.281205785861733837e-01
9.899999999999999911e-01
9.899999999999999911e-01
9.899999999999999911e-01
7.647758458095748058e-01
9.899999999999999911e-01
9.899999999999999911e-01
9.899999999999999911e-01
8.237432848826085063e-01
9.899999999999999911e-01
9.899999999999999911e-01
9.899999999999999911e-01
7.570159943891332510e-01
9.899999999999999911e-01
9.899999999999999911e-01
9.899999999999999911e-01
8.244020669916277688e-01
9.899999999999999911e-01
9.899999999999999911e-01
9.899999999999999911e-01
9.115913225129902431e-01
9.899999999999999911e-01
9.899999999999999911e-01
7.506975975462165662e-01
9.899999999999999911e-01
9.899999999999999911e-01
9.899999999999999911e-01
7.447626852125508456e-01
8.264184751593260936e-01
9.899999999999999911e-01
9.899999999999999911e-01
9.899999999999999911e-01
9.039482486552409268e-01
9.899999999999999911e-01
9.899999999999999911e-01
9.899999999999999911e-01
7.955599430946562745e-01
9.899999999999999911e-01
9.899999999999999911e-01
9.899999999999999911e-01
7.730762811294429326e-01
9.899999999999999911e-01
9.899999999999999911e-01
9.899999999999999911e-01
7.672488723438953828e-01
9.899999999999999911e-01
9.899999999999999911e-01
9.899999999999999911e-01
8.631543662234888448e-01
9.899999999999999911e-01
9.899999999999999911e-01
9.899999999999999911e-01
7.335958794299746177e-01
9.899999999999999911e-01
9.899999999999999911e-01
9.899999999999999911e-01
8.135276538017469639e-01
9.899999999999999911e-01
9.899999999999999911e-01
9.899999999999999911e-01
8.095583957022526311e-01
9.899999999999999911e-01
9.899999999999999911e-01
9.899999999999999911e-01
9.261952835400747430e-01
9.899999999999999911e-01
9.899999999999999911e-01
9.899999999999999911e-01
8.408886320446053997e-01
9.899999999999999911e-01
9.899999999999999911e-01
9.899999999999999911e-01
9.322940632524806537e-01
9.899999999999999911e-01
9.899999999999999911e-01
8.686553125568502454e-01
9.899999999999999911e-01
9.899999999999999911e-01
9.899999999999999911e-01
8.371451495959129074e-01
9.899999999999999911e-01
9.899999999999999911e-01
8.767794835483313509e-01
9.899999999999999911e-01
9.899999999999999911e-01
9.899999999999999911e-01
8.419610655528132481e-01
9.899999999999999911e-01
9.899999999999999911e-01
9.899999999999999911e-01
7.481535832387238294e-01
9.899999999999999911e-01
9.899999999999999911e-01
9.899999999999999911e-01
8.316139865506368967e-01
9.899999999999999911e-01
8.954506967783227855e-01
9.899999999999999911e-01
9.899999999999999911e-01
9.899999999999999911e-01
7.733647202460457448e-01
9.899999999999999911e-01
9.899999999999999911e-01
9.899999999999999911e-01
7.454386552217864281e-01
9.899999999999999911e-01
9.899999999999999911e-01
9.899999999999999911e-01
8.056411667593230685e-01
9.899999999999999911e-01
9.899999999999999911e-01
9.899999999999999911e-01
8.013665273004016987e-01
9.899999999999999911e-01
9.899999999999999911e-01
8.612445631313475625e-01
9.899999999999999911e-01
9.899999999999999911e-01
9.171973429171762504e-01
9.899999999999999911e-01
9.899999999999999911e-01
9.899999999999999911e-01
8.338264284581389241e-01
9.899999999999999911e-01
9.899999999999999911e-01
9.899999999999999911e-01
7.828685812048640225e-01
9.899999999999999911e-01
9.899999999999999911e-01
9.899999999999999911e-01
8.809422113598499582e-01
9.899999999999999911e-01
9.899999999999999911e-01
9.899999999999999911e-01
9.268784547509758553e-01
9.899999999999999911e-01
9.899999999999999911e-01
7.810670058159419060e-01
9.899999999999999911e-01
9.899999999999999911e-01
9.899999999999999911e-01
8.291905912754168329e-01
9.899999999999999911e-01
9.899999999999999911e-01
9.899999999999999911e-01
8.352882753672639105e-01
9.899999999999999911e-01
9.899999999999999911e-01
9.899999999999999911e-01
7.751792826088746979e-01
9.899999999999999911e-01
9.899999999999999911e-01
9.899999999999999911e-01
8.719565083392796234e-01
9.899999999999999911e-01
9.899999999999999911e-01
9.899999999999999911e-01
7.726970328042531699e-01
9.899999999999999911e-01
9.899999999999999911e-01
9.899999999999999911e-01
9.105259110441978887e-01
9.899999999999999911e-01
9.899999999999999911e-01
9.899999999999999911e-01
7.952233558723288409e-01
9.899999999999999911e-01
9.899999999999999911e-01
9.899999999999999911e-01
8.472343630754151089e-01
9.899999999999999911e-01
9.899999999999999911e-01
9.899999999999999911e-01
8.782408042082582300e-01
9.899999999999999911e-01
9.899999999999999911e-01
9.899999999999999911e-01
7.757855201818004698e-01
9.899999999999999911e-01
9.899999999999999911e-01
9.899999999999999911e-01
8.802645135835827084e-01
9.899999999999999911e-01
8.137832333282154496e-01
9.899999999999999911e-01
9.899999999999999911e-01
9.899999999999999911e-01
8.970127711151199001e-01
9.899999999999999911e-01
9.899999999999999911e-01
9.899999999999999911e-01
7.994247652412959093e-01
9.899999999999999911e-01
9.899999999999999911e-01
7.470723123358981033e-01
9.899999999999999911e-01
9.899999999999999911e-01
9.899999999999999911e-01
7.452250779424831606e-01
9.899999999999999911e-01
9.899999999999999911e-01
9.899999999999999911e-01
8.361896083358878462e-01
9.899999999999999911e-01
9.899999999999999911e-01
9.083418997776591119e-01
9.899999999999999911e-01
9.899999999999999911e-01
9.899999999999999911e-01
9.039357403340396724e-01
9.899999999999999911e-01
9.899999999999999911e-01
7.799014086272937352e-01
9.899999999999999911e-01
9.899999999999999911e-01
9.899999999999999911e-01
9.754408881434848411e-01
9.899999999999999911e-01
9.899999999999999911e-01
9.899999999999999911e-01
7.769242286397299857e-01
9.899999999999999911e-01
9.899999999999999911e-01
9.899999999999999911e-01
8.221079864928461101e-01
9.899999999999999911e-01
9.899999999999999911e-01
9.899999999999999911e-01
9.239057136634338807e-01
9.899999999999999911e-01
9.899999999999999911e-01
9.899999999999999911e-01
8.719078402427278274e-01
9.899999999999999911e-01
9.899999999999999911e-01
8.695961996768800661e-01
9.899999999999999911e-01
9.899999999999999911e-01
9.899999999999999911e-01
8.531872981095911523e-01
9.899999999999999911e-01
9.899999999999999911e-01
9.899999999999999911e-01
7.698324861147263221e-01
9.899999999999999911e-01
9.899999999999999911e-01
9.899999999999999911e-01
8.497857558415337076e-01
9.899999999999999911e-01
7.554696261109671296e-01
9.899999999999999911e-01
9.899999999999999911e-01
8.393637820777258840e-01
9.899999999999999911e-01
9.899999999999999911e-01
9.899999999999999911e-01
9.246361082604797055e-01
9.899999999999999911e-01
9.899999999999999911e-01
9.899999999999999911e-01
8.886239620613821666e-01
9.899999999999999911e-01
9.899999999999999911e-01
7.927336690683115528e-01
9.899999999999999911e-01
9.899999999999999911e-01
9.899999999999999911e-01
9.253413129206398136e-01
9.899999999999999911e-01
9.899999999999999911e-01
9.899999999999999911e-01
8.039479273313198116e-01
9.899999999999999911e-01
9.899999999999999911e-01
9.316795119179047679e-01
9.899999999999999911e-01
9.899999999999999911e-01
9.899999999999999911e-01
7.797516271922875220e-01
9.899999999999999911e-01
9.899999999999999911e-01
9.187815307524965780e-01
9.899999999999999911e-01
9.899999999999999911e-01
9.899999999999999911e-01
8.446340308829327626e-01
9.899999999999999911e-01
9.899999999999999911e-01
9.899999999999999911e-01
9.300868091500983370e-01
9.899999999999999911e-01
9.899999999999999911e-01
9.899999999999999911e-01
8.572725900373741048e-01
9.899999999999999911e-01
9.899999999999999911e-01
9.899999999999999911e-01
8.194012957844815093e-01
9.899999999999999911e-01
9.899999999999999911e-01
9.899999999999999911e-01
9.206211305794026467e-01
9.899999999999999911e-01
9.899999999999999911e-01
9.899999999999999911e-01
8.363070558432850188e-01
9.899999999999999911e-01
9.899999999999999911e-01
9.374231012558630338e-01
9.899999999999999911e-01
9.899999999999999911e-01
9.899999999999999911e-01
8.867272446790498419e-01
9.899999999999999911e-01
8.953316821568509942e-01
9.899999999999999911e-01
9.899999999999999911e-01
9.899999999999999911e-01
7.759106884072506372e-01
9.899999999999999911e-01
9.899999999999999911e-01
9.899999999999999911e-01
9.246950198406195254e-01
9.899999999999999911e-01
9.899999999999999911e-01
9.899999999999999911e-01
8.871506222368688022e-01
9.899999999999999911e-01
9.899999999999999911e-01
7.728940535574663206e-01
9.899999999999999911e-01
9.899999999999999911e-01
9.899999999999999911e-01
9.187585411615664110e-01
9.899999999999999911e-01
9.899999999999999911e-01
9.899999999999999911e-01
9.215967856766474897e-01
9.899999999999999911e-01
9.899999999999999911e-01
9.899999999999999911e-01
8.775679652606250825e-01
9.899999999999999911e-01
9.899999999999999911e-01
9.899999999999999911e-01
7.689711229882678634e-01
9.899999999999999911e-01
9.899999999999999911e-01
9.899999999999999911e-01
7.833884178656723707e-01
9.899999999999999911e-01
9.899999999999999911e-01
9.899999999999999911e-01
7.919616784169813961e-01
9.899999999999999911e-01
9.899999999999999911e-01
7.634068956493653690e-01
9.899999999999999911e-01
9.899999999999999911e-01
9.899999999999999911e-01
9.040768678635082711e-01
9.899999999999999911e-01
9.899999999999999911e-01
7.447393448054000498e-01
9.899999999999999911e-01
9.899999999999999911e-01
9.899999999999999911e-01
9.205139435563861605e-01
9.899999999999999911e-01
7.596628966403947691e-01
9.899999999999999911e-01
9.899999999999999911e-01
7.500836004716027183e-01
9.899999999999999911e-01
9.899999999999999911e-01
9.111911646992678637e-01
9.899999999999999911e-01
9.899999999999999911e-01
9.221397426820403531e-01
9.899999999999999911e-01
9.899999999999999911e-01
9.899999999999999911e-01
9.382524414153760040e-01
9.899999999999999911e-01
9.899999999999999911e-01
7.931550104108129329e-01
9.899999999999999911e-01
9.899999999999999911e-01
9.899999999999999911e-01
8.194050136395886197e-01
9.899999999999999911e-01
9.899999999999999911e-01
9.899999999999999911e-01
8.546720939464733657e-01
9.899999999999999911e-01
9.899999999999999911e-01
9.899999999999999911e-01
9.374246340333411975e-01
9.899999999999999911e-01
9.899999999999999911e-01
8.966392997963712475e-01
9.899999999999999911e-01
9.899999999999999911e-01
9.899999999999999911e-01
8.919946605840008980e-01
9.899999999999999911e-01
9.899999999999999911e-01
9.046174247613056885e-01
9.899999999999999911e-01
9.899999999999999911e-01
9.899999999999999911e-01
9.528180716982668219e-01
9.899999999999999911e-01
9.899999999999999911e-01
9.899999999999999911e-01
9.899999999999999911e-01
9.899999999999999911e-01
9.138306982777242293e-01
9.899999999999999911e-01
9.899999999999999911e-01
7.833272777539438403e-01
9.899999999999999911e-01
9.899999999999999911e-01
9.899999999999999911e-01
8.317078593102494866e-01
9.899999999999999911e-01
9.899999999999999911e-01
9.899999999999999911e-01
8.291007645664439929e-01
9.899999999999999911e-01
7.331472254636168806e-01
9.899999999999999911e-01
9.899999999999999911e-01
8.880242651897314321e-01
9.899999999999999911e-01
9.899999999999999911e-01
9.899999999999999911e-01
8.662573979490215681e-01
9.899999999999999911e-01
9.899999999999999911e-01
9.899999999999999911e-01
8.213542067946152381e-01
9.899999999999999911e-01
9.899999999999999911e-01
8.182593044134444105e-01
9.899999999999999911e-01
9.899999999999999911e-01
9.899999999999999911e-01
8.703825878413687933e-01
9.899999999999999911e-01
9.899999999999999911e-01
9.899999999999999911e-01
9.327981444724166016e-01
9.899999999999999911e-01
9.899999999999999911e-01
9.899999999999999911e-01
8.442022453544404392e-01
9.899999999999999911e-01
9.899999999999999911e-01
9.899999999999999911e-01
8.493898828294224046e-01
9.899999999999999911e-01
9.899999999999999911e-01
9.899999999999999911e-01
8.731548314202186578e-01
9.899999999999999911e-01
9.899999999999999911e-01
9.899999999999999911e-01
7.972435510647349899e-01
9.899999999999999911e-01
9.899999999999999911e-01
9.899999999999999911e-01
8.100355902876535952e-01
9.899999999999999911e-01
9.899999999999999911e-01
9.899999999999999911e-01
8.866785592771789792e-01
9.899999999999999911e-01
9.899999999999999911e-01
9.899999999999999911e-01
8.193672844319562776e-01
9.899999999999999911e-01
9.899999999999999911e-01
9.899999999999999911e-01
8.349523129249292186e-01
9.899999999999999911e-01
9.899999999999999911e-01
8.905772479740705627e-01
9.899999999999999911e-01
9.899999999999999911e-01
9.899999999999999911e-01
