2.330630000000000000e+05 8.121300000000000000e+04 0.000000000000000000e+00 6.518161865129135549e+05 2.280693804007310246e+05 3.623909318643381977e-02
2.330630000000000000e+05 8.104100000000000000e+04 0.000000000000000000e+00 6.477410841175738024e+05 2.266834226189814799e+05 3.623909318643381977e-02
2.330630000000000000e+05 8.110800000000000000e+04 0.000000000000000000e+00 6.492802984411738580e+05 2.271663339674793242e+05 3.623909318643381977e-02
2.330630000000000000e+05 8.118200000000000000e+04 0.000000000000000000e+00 6.490653864687340101e+05 2.270305704434828949e+05 3.623909318643381977e-02
2.330630000000000000e+05 8.128800000000000000e+04 0.000000000000000000e+00 6.500509639444609638e+05 2.274188170694829314e+05 3.623909318643381977e-02
2.330630000000000000e+05 8.120400000000000000e+04 0.000000000000000000e+00 6.492450547517430969e+05 2.270925566399807285e+05 3.623909318643381977e-02
2.330630000000000000e+05 8.153900000000000000e+04 0.000000000000000000e+00 6.525288261459959904e+05 2.284423969207319315e+05 3.623909318643381977e-02
2.330630000000000000e+05 8.157900000000000000e+04 0.000000000000000000e+00 6.520660185011893045e+05 2.281492923967315292e+05 3.623909318643381977e-02
2.330630000000000000e+05 8.146200000000000000e+04 0.000000000000000000e+00 6.518868741157599725e+05 2.281639628392297018e+05 3.623909318643381977e-02
2.330630000000000000e+05 8.122300000000000000e+04 0.000000000000000000e+00 6.511329399182491470e+05 2.278158085432333755e+05 3.623909318643381977e-02
