2.330630000000000000e+05 8.229000000000000000e+04 0.000000000000000000e+00 6.613875739591426682e+05 2.310718100264829118e+05 2.183246674745957169e-02
2.330630000000000000e+05 8.206000000000000000e+04 0.000000000000000000e+00 6.566852132684843382e+05 2.294783242829822702e+05 2.183246674745957169e-02
2.330630000000000000e+05 8.217000000000000000e+04 0.000000000000000000e+00 6.585780239126137458e+05 2.300910392212327279e+05 2.183246674745957169e-02
2.330630000000000000e+05 8.223600000000000000e+04 0.000000000000000000e+00 6.582945621275102021e+05 2.299186851734834781e+05 2.183246674745957169e-02
2.330630000000000000e+05 8.239500000000000000e+04 0.000000000000000000e+00 6.596962105382082518e+05 2.304562724407348142e+05 2.183246674745957169e-02
2.330630000000000000e+05 8.228400000000000000e+04 0.000000000000000000e+00 6.586671554435162107e+05 2.300550591314821795e+05 2.183246674745957169e-02
2.330630000000000000e+05 8.259800000000000000e+04 0.000000000000000000e+00 6.619689213268896565e+05 2.314077283964808739e+05 2.183246674745957169e-02
2.330630000000000000e+05 8.271700000000000000e+04 0.000000000000000000e+00 6.619745416434846120e+05 2.312772565769828798e+05 2.183246674745957169e-02
2.330630000000000000e+05 8.246900000000000000e+04 0.000000000000000000e+00 6.610326966064824956e+05 2.310247641689814918e+05 2.183246674745957169e-02
2.330630000000000000e+05 8.231300000000000000e+04 0.000000000000000000e+00 6.608032213887234684e+05 2.308611810059845739e+05 2.183246674745957169e-02
