2.330630000000000000e+05 7.179200000000000000e+04 0.000000000000000000e+00 5.769562780106697464e+05 2.013539555002343259e+05 2.351399624561540391e-01
2.330630000000000000e+05 7.171900000000000000e+04 0.000000000000000000e+00 5.743301735055913450e+05 2.004441578504810750e+05 2.351399624561540391e-01
2.330630000000000000e+05 7.183000000000000000e+04 0.000000000000000000e+00 5.759314749342340510e+05 2.009839199039834493e+05 2.351399624561540391e-01
2.330630000000000000e+05 7.190400000000000000e+04 0.000000000000000000e+00 5.762396252393493196e+05 2.010563734207337839e+05 2.351399624561540391e-01
2.330630000000000000e+05 7.186200000000000000e+04 0.000000000000000000e+00 5.756045868363451445e+05 2.008544163907366747e+05 2.351399624561540391e-01
2.330630000000000000e+05 7.204700000000000000e+04 0.000000000000000000e+00 5.777359512106674956e+05 2.016076805669861205e+05 2.351399624561540391e-01
2.330630000000000000e+05 7.218700000000000000e+04 0.000000000000000000e+00 5.798189702804904664e+05 2.024435037292334018e+05 2.351399624561540391e-01
2.330630000000000000e+05 7.220300000000000000e+04 0.000000000000000000e+00 5.789489735991448397e+05 2.020511790592347097e+05 2.351399624561540391e-01
2.330630000000000000e+05 7.210100000000000000e+04 0.000000000000000000e+00 5.789585559398932382e+05 2.020826505187347939e+05 2.351399624561540391e-01
2.330630000000000000e+05 7.195000000000000000e+04 0.000000000000000000e+00 5.781669406046741642e+05 2.018542808414867031e+05 2.351399624561540391e-01
