2.330630000000000000e+05 8.254300000000000000e+04 0.000000000000000000e+00 6.633552215178693878e+05 2.317612781152319512e+05 1.087868599907312189e-02
2.330630000000000000e+05 8.233200000000000000e+04 0.000000000000000000e+00 6.587536144376795273e+05 2.302162455989810696e+05 1.087868599907312189e-02
2.330630000000000000e+05 8.241100000000000000e+04 0.000000000000000000e+00 6.605271001184014603e+05 2.307789613919820113e+05 1.087868599907312189e-02
2.330630000000000000e+05 8.249700000000000000e+04 0.000000000000000000e+00 6.605154494660487399e+05 2.307043063717343612e+05 1.087868599907312189e-02
2.330630000000000000e+05 8.266000000000000000e+04 0.000000000000000000e+00 6.617145003075259738e+05 2.311663038142345904e+05 1.087868599907312189e-02
2.330630000000000000e+05 8.252600000000000000e+04 0.000000000000000000e+00 6.606755999592244625e+05 2.307681513509819924e+05 1.087868599907312189e-02
2.330630000000000000e+05 8.284200000000000000e+04 0.000000000000000000e+00 6.638830850852985168e+05 2.320879775144787855e+05 1.087868599907312189e-02
2.330630000000000000e+05 8.296900000000000000e+04 0.000000000000000000e+00 6.638909887915920699e+05 2.319633333419818082e+05 1.087868599907312189e-02
2.330630000000000000e+05 8.272500000000000000e+04 0.000000000000000000e+00 6.630307392095945543e+05 2.317365275174809212e+05 1.087868599907312189e-02
2.330630000000000000e+05 8.256200000000000000e+04 0.000000000000000000e+00 6.628158368815267459e+05 2.315742416272336850e+05 1.087868599907312189e-02
