2.330630000000000000e+05 7.863000000000000000e+04 0.000000000000000000e+00 6.311789406222052639e+05 2.207285866484847211e+05 9.082017860330782177e-02
2.330630000000000000e+05 7.854300000000000000e+04 0.000000000000000000e+00 6.278359989367719973e+05 2.195660458402312361e+05 9.082017860330782177e-02
2.330630000000000000e+05 7.854800000000000000e+04 0.000000000000000000e+00 6.287002061427287990e+05 2.198191954987312201e+05 9.082017860330782177e-02
2.330630000000000000e+05 7.864500000000000000e+04 0.000000000000000000e+00 6.289978849260477582e+05 2.198963725942333986e+05 9.082017860330782177e-02
2.330630000000000000e+05 7.868700000000000000e+04 0.000000000000000000e+00 6.295050598087506369e+05 2.200841566222359252e+05 9.082017860330782177e-02
2.330630000000000000e+05 7.870300000000000000e+04 0.000000000000000000e+00 6.297459576933959033e+05 2.201415813967305585e+05 9.082017860330782177e-02
2.330630000000000000e+05 7.896500000000000000e+04 0.000000000000000000e+00 6.325057374944125768e+05 2.212840734832329617e+05 9.082017860330782177e-02
2.330630000000000000e+05 7.903700000000000000e+04 0.000000000000000000e+00 6.321927155860881321e+05 2.210652123929845984e+05 9.082017860330782177e-02
2.330630000000000000e+05 7.893800000000000000e+04 0.000000000000000000e+00 6.322046509099983377e+05 2.211446692364837218e+05 9.082017860330782177e-02
2.330630000000000000e+05 7.868500000000000000e+04 0.000000000000000000e+00 6.313112890494299354e+05 2.207717046802344848e+05 9.082017860330782177e-02
