2.330630000000000000e+05 8.230000000000000000e+04 8.720291616038882143e-01 6.901107994552504970e+05 2.029307141205023509e+05 3.620107641721451858e-02
2.330630000000000000e+05 8.208100000000000000e+04 8.708227238946893989e-01 6.853501564602837898e+05 2.013968631277508684e+05 3.620107641721451858e-02
2.330630000000000000e+05 8.220000000000000000e+04 8.691727493917275060e-01 6.870002299860827625e+05 2.024808490792509401e+05 3.620107641721451858e-02
2.330630000000000000e+05 8.227000000000000000e+04 8.696244074389206657e-01 6.870740851534063695e+05 2.020738380247500609e+05 3.620107641721451858e-02
2.330630000000000000e+05 8.241600000000000000e+04 8.701223063482819153e-01 6.886947903369124979e+05 2.022218515207522723e+05 3.620107641721451858e-02
2.330630000000000000e+05 8.229200000000000000e+04 8.727944393136635171e-01 6.876752372199210804e+05 2.016863152544983313e+05 3.620107641721451858e-02
2.330630000000000000e+05 8.261800000000000000e+04 8.711418819143528225e-01 6.907826404080777429e+05 2.032315940085026668e+05 3.620107641721451858e-02
2.330630000000000000e+05 8.269800000000000000e+04 8.714116423613630369e-01 6.907876254766687052e+05 2.029150569847494189e+05 3.620107641721451858e-02
2.330630000000000000e+05 8.250600000000000000e+04 8.699730928659733520e-01 6.901095031118420884e+05 2.028643283977519313e+05 3.620107641721451858e-02
2.330630000000000000e+05 8.231000000000000000e+04 8.714129510387559341e-01 6.894286291087098652e+05 2.027180677777509263e+05 3.620107641721451858e-02
