2.330630000000000000e+05 8.041400000000000000e+04 0.000000000000000000e+00 6.616709617737610824e+05 2.253806597467277606e+05
2.330630000000000000e+05 8.019700000000000000e+04 0.000000000000000000e+00 6.569868046531777363e+05 2.237867774797249003e+05
2.330630000000000000e+05 8.030400000000000000e+04 0.000000000000000000e+00 6.590955334290473256e+05 2.245021060154778243e+05
2.330630000000000000e+05 8.040800000000000000e+04 0.000000000000000000e+00 6.589409460979948053e+05 2.244375817267281236e+05
2.330630000000000000e+05 8.054400000000000000e+04 0.000000000000000000e+00 6.601756561501909746e+05 2.248662657734800305e+05
2.330630000000000000e+05 8.045200000000000000e+04 0.000000000000000000e+00 6.593267167564100819e+05 2.245432394264763861e+05
2.330630000000000000e+05 8.062200000000000000e+04 0.000000000000000000e+00 6.620553657456218498e+05 2.255344366927264491e+05
2.330630000000000000e+05 8.085600000000000000e+04 0.000000000000000000e+00 6.628234564792187884e+05 2.257582211767273548e+05
2.330630000000000000e+05 8.052500000000000000e+04 0.000000000000000000e+00 6.609790575317898765e+05 2.251502508599757275e+05
2.330630000000000000e+05 8.047700000000000000e+04 0.000000000000000000e+00 6.617264232158586383e+05 2.254011391544773942e+05
