2.330630000000000000e+05 8.185800000000000000e+04 0.000000000000000000e+00 6.583143064255783102e+05 2.296340857177265862e+05 7.031969503393536991e-02
2.330630000000000000e+05 8.165100000000000000e+04 0.000000000000000000e+00 6.538848044339409098e+05 2.281519341629784612e+05 7.031969503393536991e-02
2.330630000000000000e+05 8.178400000000000000e+04 0.000000000000000000e+00 6.561052994692533975e+05 2.288914495597263740e+05 7.031969503393536991e-02
2.330630000000000000e+05 8.189900000000000000e+04 0.000000000000000000e+00 6.564649611967748497e+05 2.289537306584801991e+05 7.031969503393536991e-02
2.330630000000000000e+05 8.202400000000000000e+04 0.000000000000000000e+00 6.572459018683512695e+05 2.292455842657291505e+05 7.031969503393536991e-02
2.330630000000000000e+05 8.186000000000000000e+04 0.000000000000000000e+00 6.562002720311598387e+05 2.288683697774778993e+05 7.031969503393536991e-02
2.330630000000000000e+05 8.219600000000000000e+04 0.000000000000000000e+00 6.596031037545228610e+05 2.302468204357299546e+05 7.031969503393536991e-02
2.330630000000000000e+05 8.234700000000000000e+04 0.000000000000000000e+00 6.596029000057635130e+05 2.301188997727277165e+05 7.031969503393536991e-02
2.330630000000000000e+05 8.207900000000000000e+04 0.000000000000000000e+00 6.584867562678636750e+05 2.298095898742271529e+05 7.031969503393536991e-02
2.330630000000000000e+05 8.192600000000000000e+04 0.000000000000000000e+00 6.584195171295064501e+05 2.296912903244798654e+05 7.031969503393536991e-02
