2.330630000000000000e+05 8.189500000000000000e+04 0.000000000000000000e+00 6.642214036450332496e+05 2.301924655649786873e+05
2.330630000000000000e+05 8.169700000000000000e+04 0.000000000000000000e+00 6.595147957753675291e+05 2.285891481877267652e+05
2.330630000000000000e+05 8.177100000000000000e+04 0.000000000000000000e+00 6.615464676056633471e+05 2.292549713497272460e+05
2.330630000000000000e+05 8.191300000000000000e+04 0.000000000000000000e+00 6.617668809589411831e+05 2.293236305707295251e+05
2.330630000000000000e+05 8.204300000000000000e+04 0.000000000000000000e+00 6.628965533442342421e+05 2.297238212092310714e+05
2.330630000000000000e+05 8.191700000000000000e+04 0.000000000000000000e+00 6.618433952312446199e+05 2.293095883259761904e+05
2.330630000000000000e+05 8.216500000000000000e+04 0.000000000000000000e+00 6.649470813517431961e+05 2.305288188217312563e+05
2.330630000000000000e+05 8.231700000000000000e+04 0.000000000000000000e+00 6.649821150968312286e+05 2.304347205907288881e+05
2.330630000000000000e+05 8.204200000000000000e+04 0.000000000000000000e+00 6.636225595323721645e+05 2.300770479164771677e+05
2.330630000000000000e+05 8.195500000000000000e+04 0.000000000000000000e+00 6.640029072854742408e+05 2.301297956317279895e+05
