2.330630000000000000e+05 8.198000000000000000e+04 0.000000000000000000e+00 6.638320928715104237e+05 2.302503339547289070e+05
2.330630000000000000e+05 8.175300000000000000e+04 0.000000000000000000e+00 6.589202776876527350e+05 2.285439963104771159e+05
2.330630000000000000e+05 8.184200000000000000e+04 0.000000000000000000e+00 6.611989489954946330e+05 2.293112530799772358e+05
2.330630000000000000e+05 8.202400000000000000e+04 0.000000000000000000e+00 6.616375744461882859e+05 2.294642840257290518e+05
2.330630000000000000e+05 8.207200000000000000e+04 0.000000000000000000e+00 6.621892991870186524e+05 2.296450126514802105e+05
2.330630000000000000e+05 8.197500000000000000e+04 0.000000000000000000e+00 6.613617292179302312e+05 2.292825141337261302e+05
2.330630000000000000e+05 8.219700000000000000e+04 0.000000000000000000e+00 6.640548078907810850e+05 2.303826088162302040e+05
2.330630000000000000e+05 8.237300000000000000e+04 0.000000000000000000e+00 6.645824048570682062e+05 2.304376180814785184e+05
2.330630000000000000e+05 8.215800000000000000e+04 0.000000000000000000e+00 6.636511106527092634e+05 2.302458134887280758e+05
2.330630000000000000e+05 8.203600000000000000e+04 0.000000000000000000e+00 6.636491385982582578e+05 2.301825657434780733e+05
