2.330630000000000000e+05 4.224800000000000000e+04 8.005112668055293090e-01 2.752076564372229041e+05 1.053866825460000546e+05 1.096114117406749716e-01
2.330630000000000000e+05 4.232300000000000000e+04 8.001795713914420238e-01 2.753646995443892083e+05 1.053014487840007350e+05 1.096114117406749716e-01
2.330630000000000000e+05 4.230500000000000000e+04 7.993381396997990551e-01 2.761570609268627013e+05 1.051844858625012421e+05 1.096114117406749716e-01
2.330630000000000000e+05 4.226700000000000000e+04 7.999621454089478334e-01 2.752287733340452542e+05 1.048812282202513597e+05 1.096114117406749716e-01
2.330630000000000000e+05 4.218100000000000000e+04 7.980844456034708045e-01 2.761429129986629705e+05 1.054338282817504223e+05 1.096114117406749716e-01
2.330630000000000000e+05 4.211500000000000000e+04 7.971031698919625041e-01 2.750694808109364822e+05 1.050795590730024705e+05 1.096114117406749716e-01
2.330630000000000000e+05 4.260300000000000000e+04 8.032298194962795845e-01 2.778893138098846539e+05 1.061466776640019234e+05 1.096114117406749716e-01
2.330630000000000000e+05 4.198500000000000000e+04 7.965225675836608010e-01 2.729541453836718574e+05 1.042905861922502518e+05 1.096114117406749716e-01
2.330630000000000000e+05 4.213200000000000000e+04 8.001519035412513192e-01 2.744521133097800193e+05 1.048437661200007860e+05 1.096114117406749716e-01
2.330630000000000000e+05 4.221400000000000000e+04 7.994977969394040374e-01 2.759171807677103789e+05 1.055341442190013186e+05 1.096114117406749716e-01
