2.330630000000000000e+05 8.169300000000000000e+04 0.000000000000000000e+00 6.569815671052223770e+05 2.293092821699824999e+05 8.532438204810467719e-02
2.330630000000000000e+05 8.150900000000000000e+04 0.000000000000000000e+00 6.526095433940015500e+05 2.278408775992292503e+05 8.532438204810467719e-02
2.330630000000000000e+05 8.164100000000000000e+04 0.000000000000000000e+00 6.549296569144543028e+05 2.285906909992307774e+05 8.532438204810467719e-02
2.330630000000000000e+05 8.168600000000000000e+04 0.000000000000000000e+00 6.545889581281914143e+05 2.284198322212308994e+05 8.532438204810467719e-02
2.330630000000000000e+05 8.184400000000000000e+04 0.000000000000000000e+00 6.558516027255074587e+05 2.288929579132344224e+05 8.532438204810467719e-02
2.330630000000000000e+05 8.173500000000000000e+04 0.000000000000000000e+00 6.547805496398255927e+05 2.284865455979797116e+05 8.532438204810467719e-02
2.330630000000000000e+05 8.206000000000000000e+04 0.000000000000000000e+00 6.582054410886422265e+05 2.298740275799822120e+05 8.532438204810467719e-02
2.330630000000000000e+05 8.214000000000000000e+04 0.000000000000000000e+00 6.582566835017390549e+05 2.297591997434830409e+05 8.532438204810467719e-02
2.330630000000000000e+05 8.195400000000000000e+04 0.000000000000000000e+00 6.573649715011448134e+05 2.295307281262316683e+05 8.532438204810467719e-02
2.330630000000000000e+05 8.175600000000000000e+04 0.000000000000000000e+00 6.571040750699328491e+05 2.293478067629815778e+05 8.532438204810467719e-02
