2.330630000000000000e+05 8.111300000000000000e+04 0.000000000000000000e+00 6.628339501695277868e+05 2.275243158817273506e+05
2.330630000000000000e+05 8.091000000000000000e+04 0.000000000000000000e+00 6.583098751431193668e+05 2.259841316909771413e+05
2.330630000000000000e+05 8.099400000000000000e+04 0.000000000000000000e+00 6.603586330967629328e+05 2.266673387219761207e+05
2.330630000000000000e+05 8.111500000000000000e+04 0.000000000000000000e+00 6.602448343262788840e+05 2.266104538942275976e+05
2.330630000000000000e+05 8.122500000000000000e+04 0.000000000000000000e+00 6.612719945098053431e+05 2.269711904489796434e+05
2.330630000000000000e+05 8.114200000000000000e+04 0.000000000000000000e+00 6.606940636564685265e+05 2.267266255619752919e+05
2.330630000000000000e+05 8.135400000000000000e+04 0.000000000000000000e+00 6.634854488728088327e+05 2.277971761349778681e+05
2.330630000000000000e+05 8.152600000000000000e+04 0.000000000000000000e+00 6.636876245722656604e+05 2.277748232482273015e+05
2.330630000000000000e+05 8.124200000000000000e+04 0.000000000000000000e+00 6.622408678908360889e+05 2.273341599314762861e+05
2.330630000000000000e+05 8.122400000000000000e+04 0.000000000000000000e+00 6.631802594768442214e+05 2.276506317967289069e+05
