2.330630000000000000e+05 8.272500000000000000e+04 0.000000000000000000e+00 6.636728139742730418e+05 2.322659718652294250e+05 4.104046002828352219e-03
2.330630000000000000e+05 8.252600000000000000e+04 0.000000000000000000e+00 6.592414038210122380e+05 2.307906274334803165e+05 4.104046002828352219e-03
2.330630000000000000e+05 8.257100000000000000e+04 0.000000000000000000e+00 6.607935287919196999e+05 2.312523431137312436e+05 4.104046002828352219e-03
2.330630000000000000e+05 8.269600000000000000e+04 0.000000000000000000e+00 6.610998306712120539e+05 2.313047322832336067e+05 4.104046002828352219e-03
2.330630000000000000e+05 8.285700000000000000e+04 0.000000000000000000e+00 6.621897033246568171e+05 2.317302048787315143e+05 4.104046002828352219e-03
2.330630000000000000e+05 8.271500000000000000e+04 0.000000000000000000e+00 6.611542169124973007e+05 2.313252456742318172e+05 4.104046002828352219e-03
2.330630000000000000e+05 8.303700000000000000e+04 0.000000000000000000e+00 6.644055239366124151e+05 2.326707181612288696e+05 4.104046002828352219e-03
2.330630000000000000e+05 8.317000000000000000e+04 0.000000000000000000e+00 6.644598641991714248e+05 2.325536480624795659e+05 4.104046002828352219e-03
2.330630000000000000e+05 8.290900000000000000e+04 0.000000000000000000e+00 6.634145899660646683e+05 2.322692440522298275e+05 4.104046002828352219e-03
2.330630000000000000e+05 8.273100000000000000e+04 0.000000000000000000e+00 6.630729174645663006e+05 2.320536836632331833e+05 4.104046002828352219e-03
