2.330630000000000000e+05 8.192000000000000000e+04 8.718505859374999778e-01 6.921060224560552742e+05 2.020763853210002999e+05
2.330630000000000000e+05 8.176200000000000000e+04 8.709180303808615742e-01 6.875934231500255410e+05 2.007627894435007474e+05
2.330630000000000000e+05 8.183200000000000000e+04 8.699286342751002543e-01 6.893949317483410705e+05 2.016634017847510404e+05
2.330630000000000000e+05 8.197000000000000000e+04 8.692448456752470687e-01 6.896375708913813578e+05 2.015581942702513188e+05
2.330630000000000000e+05 8.207300000000000000e+04 8.703958670939285769e-01 6.908204154161214828e+05 2.015806755420012341e+05
2.330630000000000000e+05 8.194800000000000000e+04 8.726265436618343418e-01 6.900419301405127626e+05 2.009203032329971611e+05
2.330630000000000000e+05 8.218100000000000000e+04 8.702498144339932962e-01 6.925666149313745555e+05 2.024101209945011360e+05
2.330630000000000000e+05 8.234700000000000000e+04 8.714342963313781443e-01 6.930794048159079393e+05 2.021965271092468756e+05
2.330630000000000000e+05 8.212000000000000000e+04 8.702630297126157100e-01 6.919888514343057759e+05 2.020300350607509899e+05
2.330630000000000000e+05 8.200900000000000000e+04 8.707336999597604654e-01 6.920001123576404061e+05 2.021169831997499859e+05
