2.330630000000000000e+05 4.224800000000000000e+04 0.000000000000000000e+00 2.625345054714553989e+05 1.180598335117549868e+05 1.096114117406749716e-01
2.330630000000000000e+05 4.232300000000000000e+04 0.000000000000000000e+00 2.626800364093724056e+05 1.179861119190053723e+05 1.096114117406749716e-01
2.330630000000000000e+05 4.230500000000000000e+04 0.000000000000000000e+00 2.631439562745979056e+05 1.181975905147548619e+05 1.096114117406749716e-01
2.330630000000000000e+05 4.226700000000000000e+04 0.000000000000000000e+00 2.622889203515265835e+05 1.178210812027547072e+05 1.096114117406749716e-01
2.330630000000000000e+05 4.218100000000000000e+04 0.000000000000000000e+00 2.632580877373979893e+05 1.183186535430051736e+05 1.096114117406749716e-01
2.330630000000000000e+05 4.211500000000000000e+04 0.000000000000000000e+00 2.623228722486686893e+05 1.178261676352570648e+05 1.096114117406749716e-01
2.330630000000000000e+05 4.260300000000000000e+04 0.000000000000000000e+00 2.649859298578700982e+05 1.190500616160058271e+05 1.096114117406749716e-01
2.330630000000000000e+05 4.198500000000000000e+04 0.000000000000000000e+00 2.602349876989024342e+05 1.170097438770053850e+05 1.096114117406749716e-01
2.330630000000000000e+05 4.213200000000000000e+04 0.000000000000000000e+00 2.617042598637606716e+05 1.175916195660055673e+05 1.096114117406749716e-01
2.330630000000000000e+05 4.221400000000000000e+04 0.000000000000000000e+00 2.632432345071946620e+05 1.182080904795053502e+05 1.096114117406749716e-01
