2.330630000000000000e+05 4.475400000000000000e+04 8.090896903070116108e-01 2.820225407099743607e+05 1.118837529787513631e+05
2.330630000000000000e+05 4.490900000000000000e+04 8.095927319690930934e-01 2.826331035418251995e+05 1.119953419665014226e+05
2.330630000000000000e+05 4.490100000000000000e+04 8.101378588450145468e-01 2.832850898903987254e+05 1.117968188287522935e+05
2.330630000000000000e+05 4.492400000000000000e+04 8.083874988870092260e-01 2.831164498424411286e+05 1.120244700577516924e+05
2.330630000000000000e+05 4.472300000000000000e+04 8.074592491559152707e-01 2.832482378618219518e+05 1.120413202605019178e+05
2.330630000000000000e+05 4.469900000000000000e+04 8.063267634622698354e-01 2.823549346527726157e+05 1.119259617262521933e+05
2.330630000000000000e+05 4.509800000000000000e+04 8.112111401836001878e-01 2.845353813678390579e+05 1.127154534270020085e+05
2.330630000000000000e+05 4.455100000000000000e+04 8.064016520392359721e-01 2.800496304390723817e+05 1.109230787865015154e+05
2.330630000000000000e+05 4.467400000000000000e+04 8.074047544433003987e-01 2.813547644365809392e+05 1.113477004650015588e+05
2.330630000000000000e+05 4.481500000000000000e+04 8.093718620997434332e-01 2.834252021485734149e+05 1.122810541567512846e+05
