2.330630000000000000e+05 7.871900000000000000e+04 0.000000000000000000e+00 6.330917048720999155e+05 2.210178149452342768e+05 1.721860323703336693e-01
2.330630000000000000e+05 7.863900000000000000e+04 0.000000000000000000e+00 6.293478708275894169e+05 2.197279229317311547e+05 1.721860323703336693e-01
2.330630000000000000e+05 7.868800000000000000e+04 0.000000000000000000e+00 6.308351432982700644e+05 2.202069876922303229e+05 1.721860323703336693e-01
2.330630000000000000e+05 7.875100000000000000e+04 0.000000000000000000e+00 6.309610472870033700e+05 2.202165341557324282e+05 1.721860323703336693e-01
2.330630000000000000e+05 7.886200000000000000e+04 0.000000000000000000e+00 6.320527187181353802e+05 2.206083446159852610e+05 1.721860323703336693e-01
2.330630000000000000e+05 7.882100000000000000e+04 0.000000000000000000e+00 6.316607261201315559e+05 2.204592174892300682e+05 1.721860323703336693e-01
2.330630000000000000e+05 7.904000000000000000e+04 0.000000000000000000e+00 6.341483846680711722e+05 2.214802043197324965e+05 1.721860323703336693e-01
2.330630000000000000e+05 7.914500000000000000e+04 0.000000000000000000e+00 6.343559707461959915e+05 2.214267854549838230e+05 1.721860323703336693e-01
2.330630000000000000e+05 7.895500000000000000e+04 0.000000000000000000e+00 6.334516506140299607e+05 2.212014189307320048e+05 1.721860323703336693e-01
2.330630000000000000e+05 7.876600000000000000e+04 0.000000000000000000e+00 6.328639452138127526e+05 2.209447775234838773e+05 1.721860323703336693e-01
