2.330630000000000000e+05 8.271900000000000000e+04 0.000000000000000000e+00 6.651966527190810302e+05 2.322217655092308705e+05 0.000000000000000000e+00
2.330630000000000000e+05 8.251400000000000000e+04 0.000000000000000000e+00 6.606117511387539562e+05 2.306778885434805416e+05 0.000000000000000000e+00
2.330630000000000000e+05 8.259000000000000000e+04 0.000000000000000000e+00 6.625168658062471077e+05 2.312859538417315925e+05 0.000000000000000000e+00
2.330630000000000000e+05 8.268700000000000000e+04 0.000000000000000000e+00 6.625653278934914852e+05 2.312325177247341198e+05 0.000000000000000000e+00
2.330630000000000000e+05 8.286500000000000000e+04 0.000000000000000000e+00 6.639486065758399200e+05 2.317588038704830687e+05 0.000000000000000000e+00
2.330630000000000000e+05 8.271200000000000000e+04 0.000000000000000000e+00 6.626410753286685795e+05 2.312729416372317355e+05 0.000000000000000000e+00
2.330630000000000000e+05 8.302700000000000000e+04 0.000000000000000000e+00 6.659197766763556283e+05 2.326188206519783998e+05 0.000000000000000000e+00
2.330630000000000000e+05 8.314500000000000000e+04 0.000000000000000000e+00 6.657571853381112451e+05 2.324256870562306431e+05 0.000000000000000000e+00
2.330630000000000000e+05 8.287100000000000000e+04 0.000000000000000000e+00 6.647030222917220090e+05 2.321311766947307042e+05 0.000000000000000000e+00
2.330630000000000000e+05 8.273500000000000000e+04 0.000000000000000000e+00 6.646705010606567375e+05 2.320352460952334222e+05 0.000000000000000000e+00
