2.330630000000000000e+05 8.291500000000000000e+04 0.000000000000000000e+00 6.652329557132336777e+05 2.328314276474790240e+05 0.000000000000000000e+00
2.330630000000000000e+05 8.272400000000000000e+04 0.000000000000000000e+00 6.607290066876703640e+05 2.313186563872284896e+05 0.000000000000000000e+00
2.330630000000000000e+05 8.276300000000000000e+04 0.000000000000000000e+00 6.623315152121382998e+05 2.317985078084791894e+05 0.000000000000000000e+00
2.330630000000000000e+05 8.289400000000000000e+04 0.000000000000000000e+00 6.627343445768199163e+05 2.318836808797332051e+05 0.000000000000000000e+00
2.330630000000000000e+05 8.306300000000000000e+04 0.000000000000000000e+00 6.638946128367189085e+05 2.323341362152312940e+05 0.000000000000000000e+00
2.330630000000000000e+05 8.291400000000000000e+04 0.000000000000000000e+00 6.627508232557500014e+05 2.318956927387304022e+05 0.000000000000000000e+00
2.330630000000000000e+05 8.320600000000000000e+04 0.000000000000000000e+00 6.657525742430257378e+05 2.331490743952296616e+05 0.000000000000000000e+00
2.330630000000000000e+05 8.334900000000000000e+04 0.000000000000000000e+00 6.658086669132786337e+05 2.330420033647291712e+05 0.000000000000000000e+00
2.330630000000000000e+05 8.308000000000000000e+04 0.000000000000000000e+00 6.647674107998185791e+05 2.327541309292283840e+05 0.000000000000000000e+00
2.330630000000000000e+05 8.291600000000000000e+04 0.000000000000000000e+00 6.645297116288072430e+05 2.325729119692319364e+05 0.000000000000000000e+00
