2.330630000000000000e+05 7.955500000000000000e+04 0.000000000000000000e+00 6.595418448641811265e+05 2.228181908324768301e+05
2.330630000000000000e+05 7.932000000000000000e+04 0.000000000000000000e+00 6.543918360725797247e+05 2.210783229974730057e+05
2.330630000000000000e+05 7.947700000000000000e+04 0.000000000000000000e+00 6.569725419767090352e+05 2.219501831002258405e+05
2.330630000000000000e+05 7.958100000000000000e+04 0.000000000000000000e+00 6.570913705580742098e+05 2.219903278912242386e+05
2.330630000000000000e+05 7.967500000000000000e+04 0.000000000000000000e+00 6.577712275538659887e+05 2.222200093087289424e+05
2.330630000000000000e+05 7.962800000000000000e+04 0.000000000000000000e+00 6.572890889639600646e+05 2.220571246499759145e+05
2.330630000000000000e+05 7.976000000000000000e+04 0.000000000000000000e+00 6.598955261133332970e+05 2.229376777409760398e+05
2.330630000000000000e+05 7.998600000000000000e+04 0.000000000000000000e+00 6.602517921018280322e+05 2.230580378722267051e+05
2.330630000000000000e+05 7.966400000000000000e+04 0.000000000000000000e+00 6.586980064317164943e+05 2.225331102809755539e+05
2.330630000000000000e+05 7.962100000000000000e+04 0.000000000000000000e+00 6.595295751683688723e+05 2.228140456649776315e+05
