2.330630000000000000e+05 7.955500000000000000e+04 8.701652944503802667e-01 6.868362544805317884e+05 1.955237812162495684e+05
2.330630000000000000e+05 7.932000000000000000e+04 8.684820978315683782e-01 6.815570737814240856e+05 1.939130852887502115e+05
2.330630000000000000e+05 7.947700000000000000e+04 8.674710922656869716e-01 6.837941438448096160e+05 1.951285812322507554e+05
2.330630000000000000e+05 7.958100000000000000e+04 8.671919176687903352e-01 6.840834603539233794e+05 1.949982380955011467e+05
2.330630000000000000e+05 7.967500000000000000e+04 8.684530906808911599e-01 6.850739270064705051e+05 1.949173098562512605e+05
2.330630000000000000e+05 7.962800000000000000e+04 8.702717637012106211e-01 6.846819064598303521e+05 1.946643071542469843e+05
2.330630000000000000e+05 7.976000000000000000e+04 8.685305917753259886e-01 6.870076018301866716e+05 1.958256020242503728e+05
2.330630000000000000e+05 7.998600000000000000e+04 8.681769309629184805e-01 6.875199581374295522e+05 1.957898718367465772e+05
2.330630000000000000e+05 7.966400000000000000e+04 8.681964249849367654e-01 6.858957906178302364e+05 1.953353260950003751e+05
2.330630000000000000e+05 7.962100000000000000e+04 8.688913728790143010e-01 6.867061825539711863e+05 1.956374382794993580e+05
