2.330630000000000000e+05 8.207200000000000000e+04 0.000000000000000000e+00 6.597085073543073377e+05 2.304840778514831036e+05 3.099099737976612409e-02
2.330630000000000000e+05 8.185300000000000000e+04 0.000000000000000000e+00 6.550545833009814378e+05 2.288980048222323530e+05 3.099099737976612409e-02
2.330630000000000000e+05 8.196200000000000000e+04 0.000000000000000000e+00 6.569846088557714829e+05 2.295298768342330004e+05 3.099099737976612409e-02
2.330630000000000000e+05 8.200900000000000000e+04 0.000000000000000000e+00 6.565327289116949541e+05 2.292929401372315187e+05 3.099099737976612409e-02
2.330630000000000000e+05 8.217800000000000000e+04 0.000000000000000000e+00 6.580968638626163593e+05 2.298909960217355110e+05 3.099099737976612409e-02
2.330630000000000000e+05 8.205900000000000000e+04 0.000000000000000000e+00 6.568268097129542148e+05 2.294071727324819949e+05 3.099099737976612409e-02
2.330630000000000000e+05 8.237500000000000000e+04 0.000000000000000000e+00 6.601330897510974901e+05 2.307523374284811725e+05 3.099099737976612409e-02
2.330630000000000000e+05 8.249500000000000000e+04 0.000000000000000000e+00 6.603209200437602121e+05 2.306860956637334893e+05 3.099099737976612409e-02
2.330630000000000000e+05 8.225500000000000000e+04 0.000000000000000000e+00 6.593156607397468761e+05 2.304059398477322247e+05 3.099099737976612409e-02
2.330630000000000000e+05 8.208600000000000000e+04 0.000000000000000000e+00 6.590823454373565037e+05 2.302489846087347833e+05 3.099099737976612409e-02
