2.330630000000000000e+05 8.190400000000000000e+04 0.000000000000000000e+00 6.573468987343806075e+05 2.300300241074835649e+05 2.188929271654609446e-02
2.330630000000000000e+05 8.169800000000000000e+04 0.000000000000000000e+00 6.529206694807724562e+05 2.285310762847318838e+05 2.188929271654609446e-02
2.330630000000000000e+05 8.175900000000000000e+04 0.000000000000000000e+00 6.543280880529878195e+05 2.289709372957331361e+05 2.188929271654609446e-02
2.330630000000000000e+05 8.183500000000000000e+04 0.000000000000000000e+00 6.542396930765566649e+05 2.288752054664819734e+05 2.188929271654609446e-02
2.330630000000000000e+05 8.198200000000000000e+04 0.000000000000000000e+00 6.554349285497928504e+05 2.293359168562356499e+05 2.188929271654609446e-02
2.330630000000000000e+05 8.190700000000000000e+04 0.000000000000000000e+00 6.547141306396377040e+05 2.290386347902321722e+05 2.188929271654609446e-02
2.330630000000000000e+05 8.221800000000000000e+04 0.000000000000000000e+00 6.579356629169686930e+05 2.303666848619815428e+05 2.188929271654609446e-02
2.330630000000000000e+05 8.228500000000000000e+04 0.000000000000000000e+00 6.575557744835031917e+05 2.300913276629838510e+05 2.188929271654609446e-02
2.330630000000000000e+05 8.210000000000000000e+04 0.000000000000000000e+00 6.570180154343254399e+05 2.299862689214825223e+05 2.188929271654609446e-02
2.330630000000000000e+05 8.188300000000000000e+04 0.000000000000000000e+00 6.563073365254257806e+05 2.296500218639845261e+05 2.188929271654609446e-02
