2.330630000000000000e+05 8.230000000000000000e+04 0.000000000000000000e+00 6.619658391749117291e+05 2.310756744007327070e+05 3.620107641721451858e-02
2.330630000000000000e+05 8.208100000000000000e+04 0.000000000000000000e+00 6.572593902971808566e+05 2.294876292907318275e+05 3.620107641721451858e-02
2.330630000000000000e+05 8.220000000000000000e+04 0.000000000000000000e+00 6.593216969422438415e+05 2.301593821229827590e+05 3.620107641721451858e-02
2.330630000000000000e+05 8.227000000000000000e+04 0.000000000000000000e+00 6.591267199818115914e+05 2.300212031962333131e+05 3.620107641721451858e-02
2.330630000000000000e+05 8.241600000000000000e+04 0.000000000000000000e+00 6.604065402675678488e+05 2.305101015899851045e+05 3.620107641721451858e-02
2.330630000000000000e+05 8.229200000000000000e+04 0.000000000000000000e+00 6.592821975030744215e+05 2.300793549712320091e+05 3.620107641721451858e-02
2.330630000000000000e+05 8.261800000000000000e+04 0.000000000000000000e+00 6.625813634392481763e+05 2.314328709772309230e+05 3.620107641721451858e-02
2.330630000000000000e+05 8.269800000000000000e+04 0.000000000000000000e+00 6.624501125910767587e+05 2.312525698702328955e+05 3.620107641721451858e-02
2.330630000000000000e+05 8.250600000000000000e+04 0.000000000000000000e+00 6.618567614160067169e+05 2.311170700934819179e+05 3.620107641721451858e-02
2.330630000000000000e+05 8.231000000000000000e+04 0.000000000000000000e+00 6.613020235558768036e+05 2.308446733304846275e+05 3.620107641721451858e-02
