2.330630000000000000e+05 8.192000000000000000e+04 0.000000000000000000e+00 6.639976215287040686e+05 2.301847862482287746e+05
2.330630000000000000e+05 8.176200000000000000e+04 0.000000000000000000e+00 6.596311955344218295e+05 2.287250170589765185e+05
2.330630000000000000e+05 8.183200000000000000e+04 0.000000000000000000e+00 6.616686901109961327e+05 2.293896434219777584e+05
2.330630000000000000e+05 8.197000000000000000e+04 0.000000000000000000e+00 6.617884612570391037e+05 2.294073039044791949e+05
2.330630000000000000e+05 8.207300000000000000e+04 0.000000000000000000e+00 6.626899463230224792e+05 2.297111446349808830e+05
2.330630000000000000e+05 8.194800000000000000e+04 0.000000000000000000e+00 6.616594046069055330e+05 2.293028287664762174e+05
2.330630000000000000e+05 8.218100000000000000e+04 0.000000000000000000e+00 6.645239839700367302e+05 2.304527519557307533e+05
2.330630000000000000e+05 8.234700000000000000e+04 0.000000000000000000e+00 6.648363101660576649e+05 2.304396217589788721e+05
2.330630000000000000e+05 8.212000000000000000e+04 0.000000000000000000e+00 6.637996008699494414e+05 2.302192856249781908e+05
2.330630000000000000e+05 8.200900000000000000e+04 0.000000000000000000e+00 6.639354035937963054e+05 2.301816919634780788e+05
