2.330630000000000000e+05 4.237400000000000000e+04 0.000000000000000000e+00 2.636275120251408080e+05 1.185805571767562942e+05 9.525956123127314601e-02
2.330630000000000000e+05 4.251500000000000000e+04 0.000000000000000000e+00 2.643617597094167722e+05 1.187663725852562784e+05 9.525956123127314601e-02
2.330630000000000000e+05 4.246200000000000000e+04 0.000000000000000000e+00 2.644354757637206931e+05 1.188152823210063361e+05 9.525956123127314601e-02
2.330630000000000000e+05 4.241900000000000000e+04 0.000000000000000000e+00 2.638183950264878222e+05 1.185559965232550021e+05 9.525956123127314601e-02
2.330630000000000000e+05 4.233800000000000000e+04 0.000000000000000000e+00 2.644193115799265797e+05 1.188938966385062668e+05 9.525956123127314601e-02
2.330630000000000000e+05 4.230000000000000000e+04 0.000000000000000000e+00 2.639087123679316137e+05 1.185714574500065355e+05 9.525956123127314601e-02
2.330630000000000000e+05 4.274000000000000000e+04 0.000000000000000000e+00 2.660588081568293856e+05 1.195661594542553939e+05 9.525956123127314601e-02
2.330630000000000000e+05 4.207600000000000000e+04 0.000000000000000000e+00 2.608184517789985402e+05 1.172916671490046865e+05 9.525956123127314601e-02
2.330630000000000000e+05 4.235700000000000000e+04 0.000000000000000000e+00 2.634628030478334404e+05 1.184033808067567297e+05 9.525956123127314601e-02
2.330630000000000000e+05 4.238500000000000000e+04 0.000000000000000000e+00 2.647900105292568915e+05 1.189072034737567737e+05 9.525956123127314601e-02
