2.330630000000000000e+05 8.268400000000000000e+04 0.000000000000000000e+00 6.649073549703400349e+05 2.321180184442314203e+05 4.075919394784496656e-03
2.330630000000000000e+05 8.245700000000000000e+04 0.000000000000000000e+00 6.601973762161132181e+05 2.305295497634808416e+05 4.075919394784496656e-03
2.330630000000000000e+05 8.254000000000000000e+04 0.000000000000000000e+00 6.621158341571909841e+05 2.311450624807317799e+05 4.075919394784496656e-03
2.330630000000000000e+05 8.264000000000000000e+04 0.000000000000000000e+00 6.621633059540080139e+05 2.310912392309842107e+05 4.075919394784496656e-03
2.330630000000000000e+05 8.280900000000000000e+04 0.000000000000000000e+00 6.635353649704972049e+05 2.316147941309836460e+05 4.075919394784496656e-03
2.330630000000000000e+05 8.266800000000000000e+04 0.000000000000000000e+00 6.622336342290563043e+05 2.311268620244817866e+05 4.075919394784496656e-03
2.330630000000000000e+05 8.297700000000000000e+04 0.000000000000000000e+00 6.655258926735002315e+05 2.324799547252284538e+05 4.075919394784496656e-03
2.330630000000000000e+05 8.311600000000000000e+04 0.000000000000000000e+00 6.655528728610675316e+05 2.323518487702309212e+05 4.075919394784496656e-03
2.330630000000000000e+05 8.283500000000000000e+04 0.000000000000000000e+00 6.644165009670278523e+05 2.320275570142308134e+05 4.075919394784496656e-03
2.330630000000000000e+05 8.269100000000000000e+04 0.000000000000000000e+00 6.643395946341381641e+05 2.319173861182334658e+05 4.075919394784496656e-03
