2.330630000000000000e+05 8.189800000000000000e+04 0.000000000000000000e+00 6.641870019816682907e+05 2.302059856117287127e+05
2.330630000000000000e+05 8.169400000000000000e+04 0.000000000000000000e+00 6.594376400625732495e+05 2.285847592379768030e+05
2.330630000000000000e+05 8.179700000000000000e+04 0.000000000000000000e+00 6.616983961689593270e+05 2.293433393759775499e+05
2.330630000000000000e+05 8.192700000000000000e+04 0.000000000000000000e+00 6.618009258288799319e+05 2.293701398812293191e+05
2.330630000000000000e+05 8.205100000000000000e+04 0.000000000000000000e+00 6.628991421407578746e+05 2.297578804477311496e+05
2.330630000000000000e+05 8.192600000000000000e+04 0.000000000000000000e+00 6.618505282893088879e+05 2.293425800167262205e+05
2.330630000000000000e+05 8.217600000000000000e+04 0.000000000000000000e+00 6.649172412145545240e+05 2.305559316884813015e+05
2.330630000000000000e+05 8.232900000000000000e+04 0.000000000000000000e+00 6.650384723570187343e+05 2.304820897012290079e+05
2.330630000000000000e+05 8.204100000000000000e+04 0.000000000000000000e+00 6.636240765777891502e+05 2.301076381139771838e+05
2.330630000000000000e+05 8.197100000000000000e+04 0.000000000000000000e+00 6.640805578936717939e+05 2.301850481002280721e+05
