2.330630000000000000e+05 8.235700000000000000e+04 0.000000000000000000e+00 6.624071163892738987e+05 2.312306552429827570e+05 3.097435445809483892e-02
2.330630000000000000e+05 8.215400000000000000e+04 0.000000000000000000e+00 6.578523451821702765e+05 2.296956735712319496e+05 3.097435445809483892e-02
2.330630000000000000e+05 8.225200000000000000e+04 0.000000000000000000e+00 6.597004594034614274e+05 2.302919685884826467e+05 3.097435445809483892e-02
2.330630000000000000e+05 8.232100000000000000e+04 0.000000000000000000e+00 6.595392713907344732e+05 2.301643061932335258e+05 3.097435445809483892e-02
2.330630000000000000e+05 8.247500000000000000e+04 0.000000000000000000e+00 6.608306625254021492e+05 2.306607221887347696e+05 3.097435445809483892e-02
2.330630000000000000e+05 8.236100000000000000e+04 0.000000000000000000e+00 6.598362572692822432e+05 2.302757166532319388e+05 3.097435445809483892e-02
2.330630000000000000e+05 8.267200000000000000e+04 0.000000000000000000e+00 6.630436514078696491e+05 2.315933545102305361e+05 3.097435445809483892e-02
2.330630000000000000e+05 8.276800000000000000e+04 0.000000000000000000e+00 6.629748237770305714e+05 2.314378095449825341e+05 3.097435445809483892e-02
2.330630000000000000e+05 8.256500000000000000e+04 0.000000000000000000e+00 6.622851034459761577e+05 2.312730559582315618e+05 3.097435445809483892e-02
2.330630000000000000e+05 8.237400000000000000e+04 0.000000000000000000e+00 6.618068930242970819e+05 2.310223818749844795e+05 3.097435445809483892e-02
