2.330630000000000000e+05 7.996300000000000000e+04 0.000000000000000000e+00 6.433300993447818328e+05 2.244548552827304811e+05 2.351418547325968555e-01
2.330630000000000000e+05 7.982600000000000000e+04 0.000000000000000000e+00 6.392693154239994474e+05 2.230823921129794035e+05 2.351418547325968555e-01
2.330630000000000000e+05 7.986300000000000000e+04 0.000000000000000000e+00 6.404291853756133933e+05 2.234303584844787838e+05 2.351418547325968555e-01
2.330630000000000000e+05 7.998700000000000000e+04 0.000000000000000000e+00 6.411035397875310155e+05 2.236355321429809555e+05 2.351418547325968555e-01
2.330630000000000000e+05 8.006300000000000000e+04 0.000000000000000000e+00 6.417514617384682642e+05 2.238745397737323074e+05 2.351418547325968555e-01
2.330630000000000000e+05 8.000600000000000000e+04 0.000000000000000000e+00 6.415569274851814844e+05 2.237708389672299963e+05 2.351418547325968555e-01
2.330630000000000000e+05 8.025400000000000000e+04 0.000000000000000000e+00 6.441942785946677905e+05 2.248614784822291986e+05 2.351418547325968555e-01
2.330630000000000000e+05 8.036600000000000000e+04 0.000000000000000000e+00 6.442281491302474169e+05 2.247803364187303814e+05 2.351418547325968555e-01
2.330630000000000000e+05 8.019100000000000000e+04 0.000000000000000000e+00 6.436881641433854820e+05 2.246685414517297468e+05 2.351418547325968555e-01
2.330630000000000000e+05 8.001200000000000000e+04 0.000000000000000000e+00 6.433806539994251216e+05 2.244833152034818195e+05 2.351418547325968555e-01
