2.330630000000000000e+05 7.262900000000000000e+04 0.000000000000000000e+00 5.836459200198554900e+05 2.037351598897307995e+05 2.168854431435174313e-01
2.330630000000000000e+05 7.262400000000000000e+04 0.000000000000000000e+00 5.813892837179336930e+05 2.029519813732306066e+05 2.168854431435174313e-01
2.330630000000000000e+05 7.267300000000000000e+04 0.000000000000000000e+00 5.826288527126025874e+05 2.033577845099785773e+05 2.168854431435174313e-01
2.330630000000000000e+05 7.274800000000000000e+04 0.000000000000000000e+00 5.829566148223922355e+05 2.034502021964818996e+05 2.168854431435174313e-01
2.330630000000000000e+05 7.270800000000000000e+04 0.000000000000000000e+00 5.823669545123905409e+05 2.032497945899810584e+05 2.168854431435174313e-01
2.330630000000000000e+05 7.289400000000000000e+04 0.000000000000000000e+00 5.843458501929007471e+05 2.039637685394797882e+05 2.168854431435174313e-01
2.330630000000000000e+05 7.310600000000000000e+04 0.000000000000000000e+00 5.869113244820871623e+05 2.049662244712268002e+05 2.168854431435174313e-01
2.330630000000000000e+05 7.306200000000000000e+04 0.000000000000000000e+00 5.857366622345882934e+05 2.044768101494786679e+05 2.168854431435174313e-01
2.330630000000000000e+05 7.299200000000000000e+04 0.000000000000000000e+00 5.858604306667010533e+05 2.045572911907279049e+05 2.168854431435174313e-01
2.330630000000000000e+05 7.276400000000000000e+04 0.000000000000000000e+00 5.846141309353502002e+05 2.041406034397298936e+05 2.168854431435174313e-01
