2.330630000000000000e+05 8.185800000000000000e+04 8.717046592880354217e-01 6.863230471436866792e+05 2.016253449997504649e+05 7.031969503393536991e-02
2.330630000000000000e+05 8.165100000000000000e+04 8.712446877564267167e-01 6.818474269237797707e+05 2.001893116732498456e+05 7.031969503393536991e-02
2.330630000000000000e+05 8.178400000000000000e+04 8.698278391861489212e-01 6.837109432231062092e+05 2.012858058060008043e+05 7.031969503393536991e-02
2.330630000000000000e+05 8.189900000000000000e+04 8.701205142919937741e-01 6.843476068621171871e+05 2.010710849932510173e+05 7.031969503393536991e-02
2.330630000000000000e+05 8.202400000000000000e+04 8.705013166877987318e-01 6.853970447564546485e+05 2.010944413777512091e+05 7.031969503393536991e-02
2.330630000000000000e+05 8.186000000000000000e+04 8.733447349132665849e-01 6.844282183107791934e+05 2.006404234979973407e+05 7.031969503393536991e-02
2.330630000000000000e+05 8.219600000000000000e+04 8.708939607766801316e-01 6.876940979618789861e+05 2.021558262285019446e+05 7.031969503393536991e-02
2.330630000000000000e+05 8.234700000000000000e+04 8.716771709959075798e-01 6.877880782156183850e+05 2.019337215629970306e+05 7.031969503393536991e-02
2.330630000000000000e+05 8.207900000000000000e+04 8.695525042946429251e-01 6.865340430979760131e+05 2.017623030442507297e+05 7.031969503393536991e-02
2.330630000000000000e+05 8.192600000000000000e+04 8.718355589190245336e-01 6.864761369153617416e+05 2.016346705387498369e+05 7.031969503393536991e-02
