2.330630000000000000e+05 7.786500000000000000e+04 0.000000000000000000e+00 6.261755417681429535e+05 2.185542542219815950e+05 2.088083409601640128e-01
2.330630000000000000e+05 7.779400000000000000e+04 0.000000000000000000e+00 6.227601371106618317e+05 2.173818153884792700e+05 2.088083409601640128e-01
2.330630000000000000e+05 7.779400000000000000e+04 0.000000000000000000e+00 6.237447350973078283e+05 2.176718281889793871e+05 2.088083409601640128e-01
2.330630000000000000e+05 7.789400000000000000e+04 0.000000000000000000e+00 6.242356131939848419e+05 2.178116184352302807e+05 2.088083409601640128e-01
2.330630000000000000e+05 7.796900000000000000e+04 0.000000000000000000e+00 6.249924015338700265e+05 2.180786044529832434e+05 2.088083409601640128e-01
2.330630000000000000e+05 7.794200000000000000e+04 0.000000000000000000e+00 6.247983729432362597e+05 2.180149098052305635e+05 2.088083409601640128e-01
2.330630000000000000e+05 7.822100000000000000e+04 0.000000000000000000e+00 6.277070395963159390e+05 2.191803244334812916e+05 2.088083409601640128e-01
2.330630000000000000e+05 7.828600000000000000e+04 0.000000000000000000e+00 6.276314993951274082e+05 2.190269618797307485e+05 2.088083409601640128e-01
2.330630000000000000e+05 7.812900000000000000e+04 0.000000000000000000e+00 6.269678114227415062e+05 2.188978019482314703e+05 2.088083409601640128e-01
2.330630000000000000e+05 7.794400000000000000e+04 0.000000000000000000e+00 6.265399643275174312e+05 2.187019231042322644e+05 2.088083409601640128e-01
