2.330630000000000000e+05 8.070900000000000000e+04 0.000000000000000000e+00 6.491809609929138096e+05 2.265343484024800709e+05 1.702688247018761813e-01
2.330630000000000000e+05 8.053800000000000000e+04 0.000000000000000000e+00 6.447791336485424545e+05 2.250539914364790311e+05 1.702688247018761813e-01
2.330630000000000000e+05 8.062900000000000000e+04 0.000000000000000000e+00 6.466877529585093725e+05 2.256639161707286548e+05 1.702688247018761813e-01
2.330630000000000000e+05 8.071900000000000000e+04 0.000000000000000000e+00 6.470012506654178724e+05 2.257288581809796451e+05 1.702688247018761813e-01
2.330630000000000000e+05 8.083100000000000000e+04 0.000000000000000000e+00 6.478391457306176890e+05 2.260399646564826544e+05 1.702688247018761813e-01
2.330630000000000000e+05 8.072700000000000000e+04 0.000000000000000000e+00 6.470656740211106371e+05 2.257368986639791692e+05 1.702688247018761813e-01
2.330630000000000000e+05 8.102000000000000000e+04 0.000000000000000000e+00 6.500897308630825719e+05 2.269762949609801581e+05 1.702688247018761813e-01
2.330630000000000000e+05 8.115400000000000000e+04 0.000000000000000000e+00 6.504332683099086862e+05 2.269808387579810806e+05 1.702688247018761813e-01
2.330630000000000000e+05 8.095600000000000000e+04 0.000000000000000000e+00 6.496328449303556699e+05 2.267819844329799525e+05 1.702688247018761813e-01
2.330630000000000000e+05 8.078200000000000000e+04 0.000000000000000000e+00 6.496602600585320033e+05 2.267135944657310320e+05 1.702688247018761813e-01
