2.330630000000000000e+05 8.248200000000000000e+04 0.000000000000000000e+00 6.633495928365557920e+05 2.315608216402326070e+05 2.183352701579659508e-02
2.330630000000000000e+05 8.226300000000000000e+04 0.000000000000000000e+00 6.587251669905816671e+05 2.300022062377317925e+05 2.183352701579659508e-02
2.330630000000000000e+05 8.234100000000000000e+04 0.000000000000000000e+00 6.604852912441163789e+05 2.305707007267324370e+05 2.183352701579659508e-02
2.330630000000000000e+05 8.243500000000000000e+04 0.000000000000000000e+00 6.604876203617836582e+05 2.305018597537341993e+05 2.183352701579659508e-02
2.330630000000000000e+05 8.258700000000000000e+04 0.000000000000000000e+00 6.616593153079517651e+05 2.309500085932346410e+05 2.183352701579659508e-02
2.330630000000000000e+05 8.245100000000000000e+04 0.000000000000000000e+00 6.605509968037190847e+05 2.305299044009818754e+05 2.183352701579659508e-02
2.330630000000000000e+05 8.277300000000000000e+04 0.000000000000000000e+00 6.639079828848651377e+05 2.318986659314793942e+05 2.183352701579659508e-02
2.330630000000000000e+05 8.288700000000000000e+04 0.000000000000000000e+00 6.638181578084381763e+05 2.317341922814825375e+05 2.183352701579659508e-02
2.330630000000000000e+05 8.265800000000000000e+04 0.000000000000000000e+00 6.630231791528929025e+05 2.315390087234812963e+05 2.183352701579659508e-02
2.330630000000000000e+05 8.247900000000000000e+04 0.000000000000000000e+00 6.627111492342856945e+05 2.313410425282342476e+05 2.183352701579659508e-02
