2.330630000000000000e+05 7.717900000000000000e+04 0.000000000000000000e+00 6.206640091444812715e+05 2.165882863499780651e+05 2.374203636973691578e-01
2.330630000000000000e+05 7.709800000000000000e+04 0.000000000000000000e+00 6.174463441558092600e+05 2.154867887429752736e+05 2.374203636973691578e-01
2.330630000000000000e+05 7.710800000000000000e+04 0.000000000000000000e+00 6.183104663582341745e+05 2.157442283062253846e+05 2.374203636973691578e-01
2.330630000000000000e+05 7.723400000000000000e+04 0.000000000000000000e+00 6.189249257422288647e+05 2.159231051519759058e+05 2.374203636973691578e-01
2.330630000000000000e+05 7.729700000000000000e+04 0.000000000000000000e+00 6.199588924984689802e+05 2.162818719179801701e+05 2.374203636973691578e-01
2.330630000000000000e+05 7.732200000000000000e+04 0.000000000000000000e+00 6.198076905850050971e+05 2.162360740327268431e+05 2.374203636973691578e-01
2.330630000000000000e+05 7.758500000000000000e+04 0.000000000000000000e+00 6.227300706134682987e+05 2.174169434047293325e+05 2.374203636973691578e-01
2.330630000000000000e+05 7.756900000000000000e+04 0.000000000000000000e+00 6.218486620548357023e+05 2.169672534434782865e+05 2.374203636973691578e-01
2.330630000000000000e+05 7.747900000000000000e+04 0.000000000000000000e+00 6.218705984844022896e+05 2.170913233657277306e+05 2.374203636973691578e-01
2.330630000000000000e+05 7.726300000000000000e+04 0.000000000000000000e+00 6.211775348358495394e+05 2.167878933217290323e+05 2.374203636973691578e-01
