2.330630000000000000e+05 8.071400000000000000e+04 0.000000000000000000e+00 6.487439720646566711e+05 2.265913364024818002e+05 8.750824783348105929e-02
2.330630000000000000e+05 8.054700000000000000e+04 0.000000000000000000e+00 6.444861750824555056e+05 2.251374078149796405e+05 8.750824783348105929e-02
2.330630000000000000e+05 8.070500000000000000e+04 0.000000000000000000e+00 6.469253129898682237e+05 2.259515832802299992e+05 8.750824783348105929e-02
2.330630000000000000e+05 8.070200000000000000e+04 0.000000000000000000e+00 6.463019572065181565e+05 2.256695218072299031e+05 8.750824783348105929e-02
2.330630000000000000e+05 8.083300000000000000e+04 0.000000000000000000e+00 6.473952746181174880e+05 2.260854169462341233e+05 8.750824783348105929e-02
2.330630000000000000e+05 8.072300000000000000e+04 0.000000000000000000e+00 6.463662711789221503e+05 2.256911062672294211e+05 8.750824783348105929e-02
2.330630000000000000e+05 8.105400000000000000e+04 0.000000000000000000e+00 6.498067586206756532e+05 2.270736821714804391e+05 8.750824783348105929e-02
2.330630000000000000e+05 8.115400000000000000e+04 0.000000000000000000e+00 6.498419050540500320e+05 2.269564135342320369e+05 8.750824783348105929e-02
2.330630000000000000e+05 8.096300000000000000e+04 0.000000000000000000e+00 6.490706808524247026e+05 2.267720356312309741e+05 8.750824783348105929e-02
2.330630000000000000e+05 8.078400000000000000e+04 0.000000000000000000e+00 6.490331554737562547e+05 2.266741433647315134e+05 8.750824783348105929e-02
