2.330630000000000000e+05 8.032500000000000000e+04 0.000000000000000000e+00 6.461391914199714083e+05 2.254612374584795616e+05 2.042933096452826947e-01
2.330630000000000000e+05 8.016900000000000000e+04 0.000000000000000000e+00 6.419650565025549149e+05 2.240459259839797451e+05 2.042933096452826947e-01
2.330630000000000000e+05 8.022500000000000000e+04 0.000000000000000000e+00 6.434060637010100763e+05 2.244864346304796927e+05 2.042933096452826947e-01
2.330630000000000000e+05 8.034300000000000000e+04 0.000000000000000000e+00 6.439477279284556862e+05 2.246461264987296890e+05 2.042933096452826947e-01
2.330630000000000000e+05 8.039200000000000000e+04 0.000000000000000000e+00 6.443842954421733739e+05 2.248025794889818353e+05 2.042933096452826947e-01
2.330630000000000000e+05 8.033100000000000000e+04 0.000000000000000000e+00 6.440678808039013529e+05 2.246613459247305000e+05 2.042933096452826947e-01
2.330630000000000000e+05 8.064400000000000000e+04 0.000000000000000000e+00 6.471911494925050065e+05 2.259365786992294597e+05 2.042933096452826947e-01
2.330630000000000000e+05 8.076100000000000000e+04 0.000000000000000000e+00 6.473766001352525782e+05 2.258947013939787867e+05 2.042933096452826947e-01
2.330630000000000000e+05 8.052400000000000000e+04 0.000000000000000000e+00 6.463208842768479371e+05 2.256029957242298697e+05 2.042933096452826947e-01
2.330630000000000000e+05 8.034200000000000000e+04 0.000000000000000000e+00 6.461066251148796873e+05 2.254559156474817137e+05 2.042933096452826947e-01
