2.330630000000000000e+05 8.194800000000000000e+04 0.000000000000000000e+00 6.587399492257231614e+05 2.301429459089837037e+05 3.621836811396373507e-02
2.330630000000000000e+05 8.173400000000000000e+04 0.000000000000000000e+00 6.541582951503014192e+05 2.285760783607321791e+05 3.621836811396373507e-02
2.330630000000000000e+05 8.185500000000000000e+04 0.000000000000000000e+00 6.561648548914860003e+05 2.292371378279828932e+05 3.621836811396373507e-02
2.330630000000000000e+05 8.189500000000000000e+04 0.000000000000000000e+00 6.557150525186937302e+05 2.290029988739808032e+05 3.621836811396373507e-02
2.330630000000000000e+05 8.204700000000000000e+04 0.000000000000000000e+00 6.570658582868878730e+05 2.295261247732357879e+05 3.621836811396373507e-02
2.330630000000000000e+05 8.192500000000000000e+04 0.000000000000000000e+00 6.558253562143245945e+05 2.290532265292312077e+05 3.621836811396373507e-02
2.330630000000000000e+05 8.226400000000000000e+04 0.000000000000000000e+00 6.592833610541600501e+05 2.304482625082315935e+05 3.621836811396373507e-02
2.330630000000000000e+05 8.235300000000000000e+04 0.000000000000000000e+00 6.591933095764135942e+05 2.302835264204837731e+05 3.621836811396373507e-02
2.330630000000000000e+05 8.213500000000000000e+04 0.000000000000000000e+00 6.583576196536052739e+05 2.300690341237323300e+05 3.621836811396373507e-02
2.330630000000000000e+05 8.197600000000000000e+04 0.000000000000000000e+00 6.582024967479528859e+05 2.299409170949842955e+05 3.621836811396373507e-02
