2.330630000000000000e+05 4.303900000000000000e+04 0.000000000000000000e+00 2.662954549780372181e+05 1.203928483785071294e+05
2.330630000000000000e+05 4.319500000000000000e+04 0.000000000000000000e+00 2.668639035297672381e+05 1.206498454057575145e+05
2.330630000000000000e+05 4.324400000000000000e+04 0.000000000000000000e+00 2.673226127896774560e+05 1.208572290217568952e+05
2.330630000000000000e+05 4.327100000000000000e+04 0.000000000000000000e+00 2.676594825367651647e+05 1.210095286860051710e+05
2.330630000000000000e+05 4.298300000000000000e+04 0.000000000000000000e+00 2.671537857492775074e+05 1.207809018900073133e+05
2.330630000000000000e+05 4.296000000000000000e+04 0.000000000000000000e+00 2.663111448737171595e+05 1.203999418200073123e+05
2.330630000000000000e+05 4.339800000000000000e+04 0.000000000000000000e+00 2.683505850476554479e+05 1.213219778782568610e+05
2.330630000000000000e+05 4.287300000000000000e+04 0.000000000000000000e+00 2.642275039847525768e+05 1.194579225067572552e+05
2.330630000000000000e+05 4.305700000000000000e+04 0.000000000000000000e+00 2.659106059172767564e+05 1.202188571452575561e+05
2.330630000000000000e+05 4.320800000000000000e+04 0.000000000000000000e+00 2.680077592141001951e+05 1.211669854522563401e+05
