2.330630000000000000e+05 4.237400000000000000e+04 8.003492707792514427e-01 2.763402407961562276e+05 1.058678284057498677e+05 9.525956123127314601e-02
2.330630000000000000e+05 4.251500000000000000e+04 8.019287310361049581e-01 2.772423851079325541e+05 1.058857471867507411e+05 9.525956123127314601e-02
2.330630000000000000e+05 4.246200000000000000e+04 7.996326126889925501e-01 2.775477071584851947e+05 1.057030509262507112e+05 9.525956123127314601e-02
2.330630000000000000e+05 4.241900000000000000e+04 7.998302647398571885e-01 2.767961648725045961e+05 1.055782266772512812e+05 9.525956123127314601e-02
2.330630000000000000e+05 4.233800000000000000e+04 7.998960744484859831e-01 2.773461667061906192e+05 1.059670415122503910e+05 9.525956123127314601e-02
2.330630000000000000e+05 4.230000000000000000e+04 7.967375886524822315e-01 2.767318514956981526e+05 1.057483183222523949e+05 9.525956123127314601e-02
2.330630000000000000e+05 4.274000000000000000e+04 8.034627983153954656e-01 2.790153869665939128e+05 1.066095806445018243e+05 9.525956123127314601e-02
2.330630000000000000e+05 4.207600000000000000e+04 7.950850841334727859e-01 2.735120127010171418e+05 1.045981062270000984e+05 9.525956123127314601e-02
2.330630000000000000e+05 4.235700000000000000e+04 7.998677904478598277e-01 2.763119309588506585e+05 1.055542528957505128e+05 9.525956123127314601e-02
2.330630000000000000e+05 4.238500000000000000e+04 8.003303055326176363e-01 2.775757790297724423e+05 1.061214349732508854e+05 9.525956123127314601e-02
