2.330630000000000000e+05 4.303900000000000000e+04 8.053161086456469553e-01 2.794683451262841700e+05 1.072199582302513736e+05
2.330630000000000000e+05 4.319500000000000000e+04 8.099548558860979464e-01 2.800064619680123869e+05 1.075072869675013208e+05
2.330630000000000000e+05 4.324400000000000000e+04 8.081121080381092892e-01 2.808435460449184757e+05 1.073362957665023569e+05
2.330630000000000000e+05 4.327100000000000000e+04 8.088095953409905059e-01 2.810293924912576331e+05 1.076396187315018033e+05
2.330630000000000000e+05 4.298300000000000000e+04 8.071097875904427177e-01 2.803719953097728430e+05 1.075626923295012675e+05
2.330630000000000000e+05 4.296000000000000000e+04 8.040037243947858459e-01 2.795325187329609180e+05 1.071785679607527418e+05
2.330630000000000000e+05 4.339800000000000000e+04 8.090695423752246596e-01 2.816889914523971966e+05 1.079835714735023939e+05
2.330630000000000000e+05 4.287300000000000000e+04 8.052620530403750143e-01 2.773221730704980437e+05 1.063632534210016602e+05
2.330630000000000000e+05 4.305700000000000000e+04 8.073948486889471754e-01 2.792311513645197847e+05 1.068983116980018967e+05
2.330630000000000000e+05 4.320800000000000000e+04 8.081836696907980233e-01 2.812070707290928694e+05 1.079676739372521988e+05
